1.0 0.0 0.0 0.0 0.0 1.0 0.0 0.0 0.0 0.0 1.0 0.0
0.9990643289565573 -0.0008917456963012177 0.0432396969947414 0.010793393067526762 0.001009334556801259 0.9999958517941777 -0.0026977098045106976 -0.013000996216199392 -0.04323711195647053 0.002738828955965413 0.9990610847018382 0.9467893598413891
0.9961034918883732 -0.005706056659766386 0.08800724041341758 0.10605981759279348 0.006398433778569056 0.9999507461731962 -0.007587178187528083 -0.03173941585828746 -0.087959612851415 0.008120723185995882 0.9960909398051795 1.9318417965815236
0.9911003172037712 -0.005758513499421693 0.13299248385100917 0.24667928428659913 0.007366839047953669 0.999905528539148 -0.011604468074345476 -0.0550346561862117 -0.13291309537071772 0.0124809262125828 0.9910491085510599 2.9103201650198947
0.9838884557458243 -0.00412086716190049 0.1787359088262094 0.4251366578927571 0.006771153322825845 0.9998759575657522 -0.014220441788103092 -0.07748141212739883 -0.1786551374373988 0.015201576753877025 0.9837943148501216 3.9292801869610305
0.9745453336626494 -0.00699749953372682 0.2240812969362477 0.6933021046168352 0.010494113066418134 0.9998409977981535 -0.014417097937591892 -0.10119265692691089 -0.22394478388054623 0.016401649986156182 0.974463811360087 5.033817760929509
0.963080273293804 -0.007979848818939178 0.26909609659963246 0.9492671513433755 0.012652513342122036 0.9997977195332421 -0.015634382695072932 -0.12873586439682702 -0.26891690370532545 0.01846190751129057 0.9629864261102465 5.9977235065458245
0.9498003260191568 -0.010540708409631524 0.31267912331994074 1.2901268423765764 0.016966597032368677 0.9996969359248392 -0.01783734530778608 -0.1700599242947601 -0.31239634325491844 0.022247017074455238 0.9496913156137862 6.949093629098119
0.9349093066413311 -0.012909893685395721 0.35465183349372 1.647865202253071 0.021175524033059608 0.9995868549448137 -0.01943493255612912 -0.2078786309505269 -0.3542544079293168 0.02567983774418663 0.934796427248244 7.858346607955486
0.9178111623652494 -0.013016168564941196 0.3968037923125721 2.1027113290399604 0.022814007598753537 0.9995400228341692 -0.01998158677264156 -0.24765638247132898 -0.3963611879271655 0.027392008114733482 0.917685941156564 8.890607897590243
0.8983276563385407 -0.013518564994629853 0.4391180595896628 2.4775489506664816 0.023668370735610633 0.9995640942336292 -0.017647372201723015 -0.30956350061179533 -0.4386880783472767 0.02624633154157785 0.8982560325411587 9.732063879126509
0.876526040417647 -0.013615460383844258 0.4811618435706403 2.955882332735326 0.024423320670373807 0.9995703291357322 -0.016206743007656323 -0.3600259190142192 -0.4807344400780887 0.025957202276441372 0.876481957471337 10.637147192097625
0.8530172868533581 -0.013859080597901629 0.5216986047655453 3.588429857555524 0.025431582336804117 0.9995635884278182 -0.015028882498359607 -0.3905148177211429 -0.5212626429633934 0.026087517595279424 0.8529974785874421 11.635872267945391
0.827311887109066 -0.013897321734935946 0.5615709268619875 4.123113064276626 0.02681252570238364 0.9995314340365214 -0.014764851450455583 -0.41561789456722603 -0.5611026019486054 0.02727227202655988 0.8272968592137977 12.464590408499555
0.8003014410172232 -0.01578723226883461 0.5993899955813793 4.728295113832405 0.030055760056920913 0.999452875568926 -0.013805825017206027 -0.45630348460893283 -0.5988440989048458 0.029063943543414437 0.8003380738116539 13.242344589158572
0.7715739256769354 -0.015000946532097477 0.6359627731389819 5.3495805982961535 0.030858982055214007 0.9994275786151464 -0.01386500378584131 -0.4915189535481483 -0.6353907462672076 0.03032303920464713 0.7715951742017277 14.012942036416476
0.7411755302091223 -0.018534944720563412 0.6710553548280738 6.033371718430488 0.035901695481737446 0.9992826469834365 -0.012052373181790713 -0.5197449618480591 -0.6703505811743308 0.03302494908371871 0.7413092816478524 14.766151948953171
0.7086641943946776 -0.017004720382256432 0.7053409807090921 6.750486111864381 0.035238013921752444 0.9993149253595242 -0.011312043517380327 -0.5517295308880772 -0.704665411353355 0.03287125550401137 0.7087779191000501 15.53957015417472
0.6740124382083754 -0.015730600336218502 0.738552490587814 7.456625685997937 0.03599420050703758 0.9992850813375199 -0.011564763124480825 -0.5828718547691506 -0.7378425649623774 0.03437840062202339 0.6740967845201545 16.258166154246094
0.6382613280966124 -0.016915723024468858 0.7696338969736896 8.202106654459131 0.04027531462800124 0.9991231182348355 -0.011440875854346468 -0.6093402854130554 -0.7687654883564713 0.03829951596637368 0.6383829344435654 16.893351679875945
0.6011486588686916 -0.01488714161404111 0.7989985375173956 9.020304983520417 0.040017607129186346 0.9991328836060375 -0.011492258991971335 -0.6239572656649136 -0.7981346258996834 0.03888256565156082 0.6012231407957653 17.593051275137928
0.5629382966830059 -0.013825449856979697 0.8263832833884579 9.974848913999237 0.043967656910581285 0.9989452351961313 -0.013238664008852968 -0.6352789631805049 -0.8253286129012065 0.043786687648165686 0.562952401816861 18.346960383547017
0.5238452910118568 -0.013300938922223431 0.851709572629362 10.94126425007504 0.04826447375205634 0.9987352326693383 -0.014088136795186878 -0.7289894205653181 -0.8504449727396477 0.04848731843183448 0.5238247114189534 18.955914346046846
0.484798172775019 -0.012449734677778011 0.8745374410398081 11.828050263742968 0.05004881491670605 0.998655152841369 -0.013527816853257862 -0.7457720915148557 -0.8731929041165166 0.0503278234164256 0.4847692877965033 19.45690824529428
0.44603744112187615 -0.013969094204587975 0.894905282990637 12.810430300798766 0.0553031145851658 0.9983977445391954 -0.011979533222437402 -0.7453208465246185 -0.8933040728859512 0.05483436975247191 0.4460953096135627 19.99820937557105
0.41084191785397284 -0.014383278131234115 0.9115931328417679 13.939423050298561 0.05875072290890192 0.9982150372519253 -0.010728092179829394 -0.7855858308794609 -0.9098116679246046 0.05796430551931984 0.4109536083232658 20.404048920793777
0.3754609937589307 -0.012039455470974693 0.9267599978837665 14.856570985629958 0.05991149877234623 0.998139669949502 -0.011305378717690131 -0.8058689537917267 -0.9248998078064498 0.05976830920363786 0.3754838142111202 20.79342355730569
0.3425453134654374 -0.012891557697245122 0.9394128570351825 15.801153166590492 0.060631383919793516 0.998124785071264 -0.00841122526233048 -0.8216033594410195 -0.9375428222256497 0.059839127388203635 0.34268460036392423 21.139380488816183
0.309189638114575 -0.014527695601459693 0.9508894329747752 16.765623437640205 0.0629417592402846 0.9980035580384111 -0.0052185329748786835 -0.8355559458600923 -0.9489152241514077 0.06146417007642075 0.3094867576658178 21.460481404163207
0.2765506839138753 -0.014441259462595888 0.9608908206721001 17.777758725940675 0.06350451561172356 0.9979761663438398 -0.003278400001968972 -0.8479123691658066 -0.958898793264278 0.061927549885221006 0.27690807651913163 21.746399971812444
0.24516945983737048 -0.011218896485205193 0.9694153249896075 18.828359199382547 0.061557714459086664 0.9980954404162308 -0.004017413459410842 -0.8451546674116601 -0.9675239447960063 0.06065993885576009 0.24539312961937199 21.967328027124143
0.21450979518346247 -0.009620902484663315 0.9766744524178617 19.825423880755633 0.06176346818250944 0.9980838316847067 -0.0037334873298525174 -0.8538582831299774 -0.9747670602602538 0.061123671069027136 0.21469297861511039 22.188402928093225
0.18432060604194822 -0.009388763484206608 0.9828213292906126 20.820623438109145 0.06366388130282982 0.9979684966813714 -0.002406210502570774 -0.8691874325432238 -0.980802133157238 0.06301373462794531 0.18454388324312132 22.37233993294954
0.1538305920941445 -0.009699080758560458 0.9880496327454426 21.80520244312217 0.06455071835253974 0.9979143952334734 -0.0002540590132871893 -0.8750282324025866 -0.9859864875829364 0.0638183956101222 0.15413584490835974 22.525544660771995
0.12363414876193946 -0.010419439508104577 0.9922731642749631 22.84180127097711 0.06299533120835328 0.9980103545897552 0.0026306610540012742 -0.8869819157281904 -0.9903263025416728 0.062183337092569395 0.12404453668812421 22.664719157574584
0.09434011690817312 -0.01075455700250979 0.9954819344646253 23.88342006739977 0.06326337293549282 0.997985389441615 0.004786241311595927 -0.896045198071212 -0.9935278999537847 0.06252601030569471 0.09483042786297635 22.764948481042683
0.06737350414621912 -0.01068312671463538 0.997670627884102 24.957587587293656 0.06606883513466487 0.9977956634433537 0.006222783748945882 -0.9044305653993147 -0.9955379048348726 0.06549568548566169 0.06793081200571216 22.83120395791803
0.04242742748892203 -0.010200921134648024 0.999047473649114 26.072733990600128 0.07070678331281738 0.9974712872088435 0.007182060114426409 -0.9109799391837623 -0.9965944331523364 0.07033471690379962 0.043041415030593666 22.875415480872455
0.019991530233519628 -0.01078258486451068 0.9997420040103158 27.475693919227613 0.07303324166833824 0.9972861856253801 0.009295674918695703 -1.0376920085896082 -0.997129121192605 0.07282856461869608 0.02072476405762047 22.8201770968114
-0.00041965891238371356 -0.01094155926400421 0.9999400512867107 28.62076311951864 0.07890907344909469 0.9968217806488232 0.010940555356776462 -1.0350433482854882 -0.9968817292005119 0.07890893425323646 0.0004450631593034826 22.82965430186615
-0.018002102016424715 -0.01166286827621859 0.9997699244459007 29.788593474095237 0.08303054882191718 0.996460642016872 0.01311933205824358 -1.0326696136876254 -0.9963843898241891 0.08324762107648966 -0.016970011779127603 22.798394501401518
-0.03370216581089869 -0.01160363854771353 0.999364557902725 30.95048566591465 0.08526749583437404 0.9962534078776911 0.014443041446378433 -1.022441537619937 -0.9957879383552454 0.08570007505563117 -0.032586484340435984 22.770197017029773
-0.04808715744249881 -0.01226612285860072 0.9987678246314896 32.1723224865253 0.08733860213457026 0.996043056502485 0.0164377057513101 -1.0244057910408018 -0.995017383700546 0.08802142820475664 -0.046825573253461705 22.69757596873807
-0.06076520978343347 -0.0135833126161413 0.9980596589875516 33.342702216943266 0.08763673723884419 0.9959733680775983 0.018890536421569105 -1.0272470399464835 -0.9942974361659117 0.08861457949196071 -0.05933013345137428 22.60973191828133
-0.07251339731741657 -0.013305784248830235 0.9972786788631404 34.4735523107011 0.08805484019116046 0.9959210004868229 0.0196902490648302 -1.0187908519311142 -0.993472773823418 0.08924302154706235 -0.07104597649941113 22.539792706464333
-0.08409102439442506 -0.010666073047995673 0.9964009908174675 35.657956056496054 0.08818794251631583 0.995939326314373 0.018103731527279152 -1.010886902947687 -0.9925480272566336 0.08939291463090152 -0.08280893914763765 22.457022011564174
-0.09400592707694844 -0.007193260167178922 0.9955456507275652 36.869349880180785 0.08843192771371956 0.9959608917915154 0.015546581060959522 -0.9940582327661662 -0.9916363647200719 0.08949949178636037 -0.0929901131021158 22.3465411509436
-0.10354053771816885 -0.004793811964705934 0.994613681997126 38.08899936682525 0.0894727094854377 0.9958892629855064 0.014114181787101516 -0.9845278208860471 -0.9905927474529416 0.09045217099125882 -0.1026859944520242 22.24139680232736
-0.11101852395496348 -0.0038804290245216416 0.9938107614679201 39.32582240031596 0.08878585369385973 0.9959550377451655 0.013807062463774155 -0.9731023082301653 -0.9898444117752618 0.08976917656195627 -0.11022493101233755 22.120000953241487
-0.11713269787234704 -0.003274863499748647 0.9931108731446876 40.56763994416859 0.08827070180418833 0.9960023676085876 0.013695507332113414 -0.9641765044670082 -0.989185631867013 0.08926678546439276 -0.11637536990580344 21.986764130476264
-0.12227460307607352 -0.0021858247215144466 0.9924939010456818 41.906508348048156 0.08905521824799599 0.9959396828974376 0.013164958524556094 -0.9664609349567563 -0.9884928373768779 0.08999650104553118 -0.12158347031636829 21.814234117129306
-0.1267352425164454 -0.00043402091464796546 0.9919364848265958 43.232797007399924 0.08800225337011947 0.9960518025381124 0.011679471835593765 -0.950731077573465 -0.9880251928498984 0.08877284656032372 -0.12619667193511153 21.648638324582887
-0.13074207712114783 0.0004010765833072494 0.9914163345475113 44.57616936028201 0.08892091799187285 0.9959743219814381 0.011323440161774546 -0.9472571978152908 -0.9874206700355888 0.08963810066700983 -0.1302514157131529 21.465311933621706
-0.13384690858508264 -0.000756440048935474 0.9910017320169876 45.905571194132314 0.08845486029618585 0.9959991293317166 0.01270716571248669 -0.9390791132678002 -0.9870464744641962 0.08935973460633553 -0.13324449361563317 21.308542950484146
-0.13645192878509782 -0.0030500326244988153 0.9906419981162804 47.24390289016546 0.08850092896854654 0.9959592469916874 0.01525660196293532 -0.9350614680679586 -0.986685591615957 0.08975452987309696 -0.13563062952271676 21.149040496741137
-0.13855208779263806 -0.004434581993212871 0.9903452193305357 48.64468157919431 0.08808609306280402 0.9959714665210564 0.016783268002012464 -0.9194777933201791 -0.9864300072368197 0.08956099797591482 -0.1376033010662392 20.958484605231472
-0.14089937254689744 -0.003583084504007713 0.9900174383925403 50.02549386152122 0.09065119757732505 0.9957459190590768 0.016505303844254544 -0.9049410166594556 -0.9858649639751313 0.09207185336807079 -0.13997516431024848 20.77862052071724
-0.1415565495960751 -0.004062348822688538 0.9899218355953652 51.45051843576451 0.0907961219078016 0.9957231976898925 0.017069792872756895 -0.8926915201929341 -0.9857574790550453 0.09229740464529863 -0.1405822946988149 20.561703157119194
-0.14229958941073728 -0.002679209913747332 0.9898200082276444 52.90059942891024 0.0922886641764795 0.9956043384777046 0.015962570873556226 -0.8722381421704968 -0.9855118615816132 0.09362063361572809 -0.14142682787693794 20.366132717699934
-0.14218818343265216 -0.002712926473473107 0.9898359260615227 54.363350909219065 0.09203616100044912 0.9956279195920479 0.015949633134024994 -0.8567106766204384 -0.9855515539840735 0.09336854801677119 -0.1413168379239289 20.164925523873936
-0.14126709306445462 -0.0014965210288747182 0.9899703878611366 55.892934062414376 0.09281151409617452 0.9955744516249307 0.01474903803283501 -0.8473045949961358 -0.9856112982653429 0.09396420433616491 -0.14050301432772572 19.9341592012791
-0.13986019646326864 -0.001968365498014521 0.9901693042013182 57.46785269748864 0.09409917026740627 0.9954457120929484 0.015270246584402365 -0.8458528146637531 -0.9856898455397834 0.0953098096369361 -0.13903801130169202 19.6959443667022
-0.13859419033382214 -0.005184619245802134 0.9903356855778696 58.84276087295193 0.09305319653004211 0.9954941586063845 0.018234110784680572 -0.8929302124009463 -0.9859679269739224 0.09468104300145148 -0.1374872615004883 19.381956750060144
-0.13728181812361462 -0.004409465621605033 0.9905222153115024 60.39933579723705 0.09438944737469337 0.9953812966277146 0.017513039371554497 -0.8757035661089008 -0.9860245101603582 0.09589906640140723 -0.13623154710405272 19.167265269750253
-0.13642478993800378 -0.0037825231429863106 0.9906432098435058 62.008143907069744 0.09383396782740552 0.9954473998507146 0.016723056306095434 -0.8460457359101449 -0.986196462765983 0.09523742252457375 -0.13544877326406035 18.960691509268226
-0.13551621440339523 -0.003361613719214478 0.9907694258438617 63.579183168855494 0.09475927036736298 0.9953661345232662 0.01633826562570855 -0.8308189083725088 -0.9862332565439159 0.09609868780276865 -0.1345697064326441 18.748152191262324
-0.13406208133312214 -0.0033810432778132843 0.9909671674152405 65.2843399236834 0.0955956599805118 0.9952863179820935 0.016328350514900097 -0.812818548040845 -0.9863512701576057 0.09692117304284248 -0.13310694224749375 18.48853699432562
-0.13333287084406376 -0.005141585622778825 0.991057974918604 66.93868190109976 0.09690033294502369 0.9951276862639756 0.018199272129676335 -0.7917670044676031 -0.9863228026501386 0.09846040893775575 -0.1321850099072741 18.281955936461802
-0.13256426586900205 -0.0071764115021612515 0.9911484321394873 68.60028310540838 0.09871393056118136 0.9949065974346616 0.020406427765449407 -0.7709862784789981 -0.9862465590955309 0.10054532062177676 -0.13118065091044984 18.062780058766606
-0.13168824223035358 -0.006457064705869526 0.9912701514590582 70.30281835040972 0.10063217873134601 0.9947256945339682 0.019848356045199828 -0.7571694286563942 -0.9861700520001925 0.10236747017143094 -0.1303438897249849 17.837065132448448
-0.13113031665658448 -0.004806377749088886 0.9913534883110453 71.99578339717016 0.10272990995145703 0.9945389010527493 0.018410320316473966 -0.7406625507298501 -0.9860280957735993 0.10425580571710483 -0.12992044226898192 17.62593882422524
-0.13060964312431556 -0.005256331109450135 0.9914199373152663 73.6781362130679 0.10310496459277046 0.9944917446806163 0.01885566329852659 -0.7344004008351359 -0.9860580547813919 0.10468304898775008 -0.12934825802988548 17.425931695067334
-0.13022156115124917 -0.005664789163421918 0.9914687363578673 75.41901775327716 0.10453672900029101 0.9943315729400297 0.01941121697694686 -0.7300217933452305 -0.9859586285951616 0.10617265758348696 -0.12889123120060741 17.193016096693253
-0.1297883755273883 -0.006891849360772965 0.9915177658470624 77.17835915802766 0.10553128215561755 0.9942000038975621 0.02072439954929812 -0.7260213802565084 -0.9859097961094377 0.10732592726119783 -0.12830829775572195 16.969302180093038
-0.12910821398554218 -0.006850538270371326 0.9916068470955963 79.0019788862098 0.10740141093832091 0.9939970724748739 0.020850823481059332 -0.7125717781458726 -0.9857971424232883 0.10919198705393428 -0.12759742925816364 16.706638564703265
-0.12895034445734543 -0.006942492461572515 0.991626749569995 80.8619902452549 0.1095733019886519 0.9937524785467531 0.021206198940139493 -0.7041128051337073 -0.9855787640547234 0.1113903639486203 -0.1273840125908987 16.449797252459845
-0.12857471642831597 -0.005891849580184702 0.9916823223209655 82.67217886927469 0.11018957291928987 0.9937054946506684 0.020190292740197992 -0.6772249381491686 -0.9855591308060838 0.11186901273183235 -0.12711618179902384 16.21243882304557
-0.12937695410266303 -0.005557730938177446 0.9915799087183728 84.49370800821526 0.11169218902077153 0.9935387070086499 0.020141811917709605 -0.7052692621684263 -0.9852849631750531 0.11335761686979384 -0.12792025656140393 15.999441639526134
-0.130413909150904 -0.004979240360995615 0.9914471339740749 86.36619133166819 0.11141131765857074 0.9935801915216936 0.01964488007842406 -0.6945314846520204 -0.985180049837369 0.11302039719069319 -0.12902193310169063 15.764200402391124
-0.13275720146469183 -0.007555826815395788 0.99111978839109 88.11157911127404 0.11561808449049624 0.9930260985849896 0.02305701775649093 -0.7863306562910944 -0.984382031529432 0.11765235658587722 -0.13095777560640642 15.575271676569187
-0.13358677121943408 -0.008490539630268515 0.9910007493902079 90.00143694015027 0.11474567786527282 0.9931055168785 0.02397627487176253 -0.7605436008383339 -0.9843718829621282 0.11691596589976115 -0.13169150675468888 15.3104811111631
-0.13559568784818476 -0.008834949344582886 0.990724862465385 91.86592085555097 0.11446403551458811 0.9931246811393954 0.024522485304087186 -0.7247761085742556 -0.9841299680482718 0.11672750910497798 -0.13365214030255745 15.107135691377367
-0.1355871503127133 -0.009993929856631941 0.9907150175686743 93.77680718517993 0.11265328891797605 0.993308696150584 0.02543758336771924 -0.7010394299949759 -0.984340063781842 0.11505631454921268 -0.13355404642432922 14.829277883539065
-0.1374938676553581 -0.00975384800596941 0.9904545919961439 95.60960030044053 0.11342548144099732 0.993218530391895 0.0255266732270822 -0.701197641499561 -0.983986837573069 0.11585254997297516 -0.13545512226457324 14.618194213264704
-0.14008539161053757 -0.009512842565548312 0.9900937273226438 97.53364791153551 0.11224835924615838 0.993354836671782 0.0254258590282125 -0.6836292791410552 -0.98375626498837 0.11469818781088155 -0.13808670033363835 14.350904806370938
-0.14478227164124458 -0.00851915574873186 0.9894268632919415 99.46000419152416 0.11205081659711325 0.9933892146187715 0.024949604786857708 -0.6369424966489199 -0.983098524217345 0.11447834845257487 -0.14287056875805426 14.098635384796621
-0.1494137238191764 -0.01014012311372386 0.9887227705670207 101.41158622494154 0.109814460922278 0.99359113763282 0.026784984410450123 -0.6154782500281663 -0.9826577854506809 0.11257810231460248 -0.14734261967403217 13.819001684950479
-0.1545682928461869 -0.011417333671060154 0.987916133757547 103.35153707753908 0.10882025366337868 0.9936525344231765 0.028509528705959627 -0.6039670390876174 -0.9819708729077731 0.11191195345557012 -0.1523447387818333 13.556978652667832
-0.15924112418929148 -0.011001524352135715 0.9871784189440426 105.32201119621757 0.10739713911606798 0.9938105036998334 0.0283995993909664 -0.5762314857099691 -0.9813807206566747 0.11054252212525642 -0.15707396959895248 13.263353351790395
-0.16495740468396236 -0.010396218974959908 0.9862458989881561 107.27997028964172 0.10698005373188997 0.9938563418479762 0.02836969989408656 -0.5503585150578482 -0.9804816789432903 0.11018843133280048 -0.16283177471538934 12.966809190893542
-0.17089073638336894 -0.01063658741810352 0.9852325711355908 109.29101679757653 0.10469692600152787 0.9940844040845309 0.028892061915579047 -0.5611907559077892 -0.9797116463042483 0.10808820733086519 -0.1687661978354058 12.59808133648315
-0.17540585952023724 -0.009972766426698854 0.9844456960014429 111.30243282301043 0.1030851056569111 0.9942658829668891 0.028439672286716164 -0.5090703933184852 -0.9790843913767956 0.10647017374772545 -0.17337201811266678 12.228640349007899
-0.1800097215555736 -0.010491852961614223 0.9836088761123076 113.2909381453479 0.10044590049712203 0.9945200627731513 0.028990788450978886 -0.45656270953865813 -0.97852292830511 0.10401810305480011 -0.17796941596261373 11.876311114551545
-0.18548982779042333 -0.010953470493906312 0.9825851338537634 115.27860924502812 0.09774151744126554 0.9947733115273987 0.02954072512806383 -0.39933466030816545 -0.9777730409223594 0.10151886601490465 -0.18344972141840388 11.523076728103465
-0.19080985739259226 -0.011442113156658761 0.9815603274217681 117.28705370642169 0.09594406921023127 0.9949270015025152 0.03024892170964668 -0.33667101128431315 -0.9769269849406356 0.09994668442586876 -0.18874407637612056 11.14688203463329
-0.19645278798136379 -0.010895022615727069 0.9804527528527585 119.28759034804861 0.09816141338330506 0.9946961872635078 0.03072184834986982 -0.30618133710668605 -0.975587330287218 0.10227802073585163 -0.19434136836354599 10.771237281972432
-0.2015935050201183 -0.009120282370418125 0.9794268115500964 121.29582391462552 0.0987015579510676 0.9946774118760947 0.02957784240788771 -0.2504358539529926 -0.9744834843093731 0.10263365312097994 -0.19962031974552796 10.376039847094585
-0.20740848445251214 -0.007947013631003098 0.9782221452980204 123.31020459699084 0.09858528446305163 0.9947064362695051 0.02898357002441799 -0.20326754369045713 -0.973274196855363 0.10244974679504971 -0.20552709582237316 9.96608300066536
-0.21211728317875211 -0.007019528348108509 0.9772190053404792 125.24669741377109 0.09788371040546037 0.9947927616679622 0.028392614713849452 -0.15230721781364223 -0.9723296958409351 0.10167638641690228 -0.21032564045088686 9.518146399143932
-0.21746620003578299 -0.007112635206301334 0.9760419367334681 127.2736582241272 0.09695944455047845 0.9948700325384868 0.02885280695760754 -0.10936436388318357 -0.9712400928475202 0.10091099433308719 -0.21566096834672743 9.07461013888274
-0.22236464306696302 -0.006271641480105277 0.9749433993965227 129.3931973442913 0.09601414964220878 0.9949776018041008 0.02829938120602284 -0.044458514397675425 -0.9702243289993228 0.09990114324323461 -0.2206456729612185 8.586097482077678
-0.22750173557595166 -0.0056272785637042945 0.9737614153610199 131.54413827735198 0.094692385998605 0.9951162749028145 0.02787384898856505 0.01766163921845968 -0.9691626862110517 0.09854914083599413 -0.22585781920639025 8.084182412301466
-0.23162745344768942 -0.006638624429378241 0.9727819136245415 133.68761908362052 0.0955298286464212 0.9949882613610251 0.029536614439534405 0.06043612637905627 -0.9681026674109129 0.09977118030498573 -0.22983241053521186 7.5633054248979645
-0.23521536035287793 -0.006113039578224156 0.9719240531035235 135.83218829960938 0.09768883030929253 0.9947678012801361 0.02989839408874544 0.12362309090476081 -0.96702152338346 0.10197868543670656 -0.23338749115951618 7.046486688120762
-0.2385754125265882 -0.005258789060650408 0.971109735135728 137.98708804739903 0.098227111858051 0.9947261417869552 0.029518423766594814 0.18051229143607966 -0.966143471247306 0.10243167470686944 -0.2368006439665058 6.509732924818712
-0.24118473091425563 -0.004971214266072545 0.9704664922616026 140.08177406537462 0.09804327345250914 0.9947459585957753 0.02946174448481446 0.2294301602694168 -0.9655140817743338 0.10225343459313617 -0.23943014223228576 5.995267849585577
-0.2448722725278838 -0.005071432727975875 0.969542083004712 142.2230702903524 0.09658714973889969 0.9948843402823399 0.02959851290671045 0.28542895731726264 -0.964732342493163 0.10089316146825289 -0.24312975407505322 5.468440779433529
-0.24892260950855616 -0.00476261273554144 0.9685116684869535 144.33130056849447 0.09504421249106172 0.9950411456679238 0.029320915739787092 0.3279412235678309 -0.9638486043707306 0.099350067678875 -0.2472355797711936 4.963646172836351
-0.2531582155490031 -0.004165114595022655 0.9674159238509851 146.41809036169028 0.09347663262902016 0.9952063984220523 0.028746194394153567 0.3752222511014921 -0.9628982485457037 0.09770811818993135 -0.25155533504062033 4.455444302897005
-0.2578263998217425 -0.0040509518930834775 0.9661827660146495 148.5491138860454 0.09397420681457025 0.9951448729067228 0.029249450952709123 0.3936653475383912 -0.9616103140090227 0.09833753971003384 -0.25619393489160935 3.9465548409342786
-0.2625022308543863 -0.0036276065441779755 0.9649245666202263 150.67431562732853 0.09384008236501837 0.9951569275695936 0.02926992401720881 0.43818883550493337 -0.9603575468221185 0.09823202115912737 -0.26089049864032177 3.4029077894674065
-0.2672361654149251 -0.003406183701665948 0.963625046274181 152.77883835150558 0.09287116695985728 0.9952477166306788 0.029273347757549896 0.4850348309546997 -0.9591453373925358 0.09731587976281489 -0.2656498471750892 2.8747771800724116
-0.27148401015345835 -0.004001865037422835 0.9624346301475334 154.87183107056066 0.0910857660806354 0.9953961065597096 0.02983243642874486 0.5316049919780644 -0.9581230690514142 0.09576312506384482 -0.26986961375728424 2.3220538441850382
-0.2757900716819601 -0.0044462380764173064 0.9612076088590996 156.99583493649683 0.09046919161861149 0.9954302033182818 0.030561997473972945 0.5882742237939068 -0.9569509714345531 0.09538837082523209 -0.2741275195630195 1.73856180118892
-0.27987825141815215 -0.0048934401696602466 0.9600230302583497 159.14004571199237 0.09007533504360625 0.9954419224218601 0.03133389701032125 0.64006831867798 -0.9558005013599336 0.09524407240546415 -0.2781617663729561 1.1364177444197907
-0.28389762714134026 -0.004115012003715865 0.9588457665233372 161.29332318392335 0.09136618411323359 0.9953245993561178 0.03132351061375722 0.6840064897978155 -0.9544916750313245 0.09649874917734806 -0.28219431904824743 0.5310471616073912
-0.2876711740260762 -0.002905497693890538 0.957724831941623 163.35265467926064 0.0917497660649831 0.9953124862060216 0.030578345759848323 0.7205828350500885 -0.9533243288941492 0.09666753790978 -0.2860561326959823 -0.06752575146215521
-0.29092714863499114 -0.0010830159134286451 0.956744595628136 165.40070113894612 0.0930560640232171 0.995226030008356 0.02942308859235885 0.7412227379401902 -0.9522089913121075 0.09759086161284845 -0.28943748995947494 -0.6990967515736828
-0.294646796735915 -1.4931309961118668e-05 0.9556062290244451 167.66543343121114 0.09398821098932816 0.9951509850334701 0.028995399323680764 0.7829266534106485 -0.9509729130570912 0.09835912140706705 -0.2932166466415913 -1.3897981405540747
-0.29782034383372835 0.0010254196533717064 0.954621386369117 169.82777642467306 0.09356837658069532 0.9952156052014364 0.028122198839918167 0.8446413167910366 -0.9500252637181885 0.09769773629963587 -0.2964914005820638 -2.0421753230242277
-0.3007179170311458 0.0010995236863527778 0.9537124962084289 171.95784046994072 0.09380830587020457 0.9951842259777868 0.0284316393258575 0.8971133582499263 -0.9490883710836475 0.09801605691240926 -0.2993728719525741 -2.731200576921509
-0.3047797358047355 0.0009236704180140387 0.9524224165126285 174.12785225167323 0.09279262089271823 0.9952709089672556 0.02872885781497755 0.9361254988258235 -0.9478917882072068 0.09713374592000357 -0.3034241144881076 -3.408536602283662
-0.308792560239761 0.0011799032585529683 0.9511286782391088 176.30067677670723 0.093866846701166 0.9951552770985831 0.02924020439774796 0.9799237100110243 -0.9464862227369999 0.09830860741126758 -0.30740729964967306 -4.100104541448824
-0.3117740944544385 0.0013119951809602833 0.9501553518745028 178.43235577588212 0.0960754624872105 0.9949172822972973 0.03015139953681718 1.014530339333308 -0.9452864219563211 0.10068704015316622 -0.3103154852891026 -4.77961208182687
-0.31477108906819673 0.0007720894421463919 0.9491673010406091 180.71098611232978 0.09594059477771878 0.9949039883334333 0.031007358351288525 1.0909238396652623 -0.9443063929469706 0.10082389536276105 -0.31324108664630845 -5.503004770595295
-0.3178892927495671 0.0001917297874452799 0.9481278188065515 183.07456357990557 0.09539916546836116 0.9949315328576971 0.031784338177369184 1.1532139304919953 -0.9433161701058244 0.10055450345519949 -0.31629637217609385 -6.281172306242591
-0.3204819159685013 0.000870145739517906 0.9472542342916977 185.42291188864763 0.09464176803405336 0.9950253068051758 0.031105860551579604 1.2021228011839 -0.9425148684665654 0.09961868129852894 -0.31896996889330387 -7.069632866513054
-0.3229589425698336 0.002972142510067973 0.9464083092318425 187.7065269796976 0.09402451627239528 0.995148575489833 0.02896037016852915 1.2607486935303547 -0.9417308064165243 0.0983385939977586 -0.3216715859018744 -7.841138200692249
-0.3258104292776465 0.005017185752129307 0.9454218064023301 189.99346467632554 0.09380641377562408 0.9952230252512144 0.02704601161681873 1.307309161116182 -0.940769855442059 0.09749850181899884 -0.3247246852867496 -8.61733510554513
-0.3291066384700785 0.005794739433951276 0.9442749819357802 192.28290841492438 0.09313264193004812 0.995304933578889 0.026351474354439734 1.337138682337008 -0.939688848248214 0.0966152689196478 -0.3281011403356129 -9.377798745815905
-0.33248849409587233 0.006502438343167293 0.9430848952185865 194.6146407152632 0.09115383682609332 0.9955160810765853 0.025272719477722444 1.3836883408638192 -0.9386918447103613 0.09436869509276372 -0.331590364849083 -10.172112932793711
-0.33740597865757915 0.006545829724218852 0.9413364742106526 196.95648697222964 0.09126846363647112 0.9954922808695427 0.02579120537303005 1.4326731040929805 -0.9369243689389017 0.09461644065582471 -0.33648247509500906 -10.935596564859726
-0.34066079546609185 0.005577267968320142 0.9401697275037202 199.26150275422694 0.09075992588815197 0.9955072550577334 0.026980381394525594 1.465144142547684 -0.935795307898681 0.0945208929783593 -0.3396364858276961 -11.75494713262449
-0.3440495122634042 0.0047454124705829616 0.9389395157153618 201.54316571268978 0.09013218947285809 0.9955362689520078 0.027995099963111513 1.514442500607063 -0.9346154939503961 0.09426037482208434 -0.342941482189393 -12.566435966782134
-0.3478930174036734 0.004463147587339852 0.9375236150387792 203.81741707409864 0.09070827968192942 0.9954574813343529 0.02892076853424581 1.5341724167537136 -0.933135818859673 0.0951024877123631 -0.3467175513180829 -13.397427968020684
-0.35151806801375507 0.004373657833829203 0.9361708812909264 206.07252217624216 0.08892172735873728 0.995623970590564 0.028737355289207255 1.5873955539098576 -0.9319484826230555 0.09334763147842755 -0.3503687278196388 -14.224631655095088
-0.35558757948028963 0.0039712673711732194 0.9346345287623479 208.2965144516637 0.08877674565371482 0.9956132604679627 0.029545304389839693 1.5385600559162078 -0.9304171982237243 0.093479755112106 -0.3543802655816155 -15.189877193222552
-0.3587488143519504 0.004470639053455293 0.9334234310255577 210.6258529721071 0.08831599315547532 0.9956651767207527 0.02917432464675598 1.5850842697602994 -0.9292467775322293 0.09290247172215602 -0.35758853056814077 -16.084843124500154
-0.3610404423831941 0.004989647574588342 0.9325368102015217 212.8943564173837 0.08932235306854025 0.9955730302293011 0.029255063191627684 1.6257882747227093 -0.928262525477597 0.09385864316688418 -0.35988781432110883 -16.98545214195527
-0.36342717257492696 0.00464549215530271 0.9316110291515605 215.19754194165893 0.09083482801924436 0.9953996748482035 0.030471647983084608 1.6581878592838275 -0.927183759700799 0.09569695248400414 -0.3621772618930761 -17.871003016181877
-0.36588789788735276 0.0040316074629324706 0.9306501986895181 217.49749273486225 0.09174629534655014 0.9952758403389625 0.03175876143295705 1.7173331731300174 -0.926125619702726 0.09700385445350466 -0.3645292700887073 -18.772021281701832
-0.36847614646640436 0.004897736216733461 0.9296243013525517 219.82815436156972 0.09300704095918164 0.995163163736975 0.03162226862563502 1.7797670476639167 -0.9249729832904773 0.09811365715824688 -0.36714941163203285 -19.694270721832567
-0.37129038258316194 0.005769618531558219 0.9284988763069401 222.01608687831586 0.0932871535421998 0.9951527756173963 0.031120092624960564 1.8249822028084954 -0.9238186828513721 0.09817160833455049 -0.37002888607751183 -20.53414532687423
-0.3732368485032358 0.005946220868488176 0.9277170351873227 224.25725926220647 0.09239747754507863 0.9952459147700293 0.030794078600833316 1.8980389956799768 -0.9231234809399443 0.0972121987764435 -0.3720118645236601 -21.46232410634895
-0.3761571351005175 0.007268552747670953 0.926527375663518 226.54355674845206 0.09190488951201012 0.9953306072856274 0.029503787624800677 1.9622020540802338 -0.921986605649321 0.09625045631776742 -0.3750687252516067 -22.378559505428996
-0.3796611774858325 0.008435485785246399 0.9250871488079586 228.71308865744663 0.09232271748614308 0.9953121482299749 0.028813944919190947 1.9806223001515804 -0.9205074177572091 0.09634609574549072 -0.3786601691339553 -23.174053860566875
-0.38230192295098453 0.008188381864275287 0.9240011851239286 230.92284093681127 0.08981185577405441 0.9955555510067918 0.028336820957608543 2.028289814670844 -0.9196624762761609 0.09381948231581712 -0.38133821532544077 -24.07817861344025
-0.38522585497563133 0.009543215168480224 0.9227729773365401 233.1296845172774 0.09054877613411358 0.9955121124012958 0.027505512227987982 2.116104535130771 -0.9183691849136211 0.09415179821202514 -0.38436113109227654 -25.00396713226381
-0.3866228171932109 0.009542022066185955 0.9221885637116056 235.48662814158243 0.09252187834568193 0.9953029577933814 0.028490774561835745 2.2062946206735914 -0.9175851455058395 0.09633780162861791 -0.3856896793075919 -26.072365661918408
-0.38883583589906334 0.008085334568524226 0.9212715778127488 237.64003417657818 0.09335092816852375 0.9951608830363972 0.03066628579227304 2.2069717514360185 -0.9165654897118655 0.09792570775405851 -0.3877089872960322 -27.02446838559431
-0.3921552213585664 0.007210362723104378 0.9198708023579266 239.78294011093956 0.09207744708092569 0.9952549752712514 0.03145278901592344 2.2516277908851543 -0.9152792066360264 0.09703373056428435 -0.39095834692778286 -27.938207344029703
-0.3949666995496499 0.00758822056997966 0.9186640981095529 242.0096560754048 0.09094872719523897 0.9953766819286884 0.030880254114896973 2.307646835853332 -0.9141824956038169 0.09574800249204132 -0.3938307818725719 -28.894188899134924
-0.39860537895155956 0.007187979434370649 0.9170943707288445 244.27105388167712 0.08943097388475887 0.9955083633912272 0.031067657268354733 2.379548855421091 -0.9127518023980603 0.09440037801710036 -0.3974578164400864 -29.833081127244238
-0.4002785346487361 0.006816988732907392 0.9163681702045726 246.741683782248 0.08921136133818508 0.9955124976521517 0.0315626365591109 2.4618477471040174 -0.9120408037514818 0.09438429786246313 -0.3990904366297965 -30.99720223750773
-0.4032596893579219 0.005962717028353644 0.9150661555016621 249.03687068389482 0.08833965097405005 0.9955619280125898 0.03244308181474153 2.462695298279883 -0.910811577113914 0.09391961188960896 -0.4019967381680727 -32.18820673978895
-0.4062581360432622 0.005749386138626554 0.9137402647676655 251.30550983952628 0.08753262362618267 0.9956263376803657 0.03265326198558717 2.555312859972126 -0.9095561371898777 0.09324773603799351 -0.4049845589945591 -33.27456061402878
-0.41052573542656634 0.005036339011030095 0.9118351034270632 253.55398285842938 0.08617710959823435 0.9957231984279058 0.03329891730665265 2.6054727246234117 -0.907767660986979 0.09224937615977337 -0.4092040154548364 -34.27808121350258
-0.414254645869234 0.005347707747835946 0.9101453127921936 255.93005501267368 0.08576873925198197 0.995762191463337 0.03318706704814546 2.6796782786456164 -0.9061108164804577 0.09180991272175522 -0.4129577801460371 -35.31203950828087
-0.4188262789977597 0.00560863867418062 0.9080490577017928 258.2968874845754 0.08537186235197294 0.9957949947987909 0.03322609595230702 2.6953362719961382 -0.9040443535244536 0.09143780129628343 -0.41754393224504516 -36.30455676679409
-0.4224126763909102 0.006037320385218186 0.9063835179364386 260.55678230141064 0.08548064308470163 0.9957863752505459 0.03320473645739095 2.7800722157749034 -0.9023638902804644 0.09150434759040231 -0.4211488619122232 -37.35312463151886
-0.42590185343796816 0.00598626515019016 0.904749565276301 262.840575157002 0.08472376118973053 0.9958480827148558 0.033293849927745756 2.8636233670124525 -0.9007938141039655 0.0908336984972943 -0.4246407230699072 -38.458538451841534
-0.42872069849768346 0.006908794361756569 0.9034106658879593 265.0744991479904 0.08338851072800135 0.9960046107386675 0.03195577672160868 2.992554203069748 -0.8995804127248574 0.08903417292131299 -0.4275839064955478 -39.55823528671102
-0.4316560317065794 0.006867707211564442 0.902012142317932 267.37573935900184 0.08334741149078292 0.9959968679747987 0.03230244545197108 3.0583888060909006 -0.898179424886317 0.08912392261367139 -0.43050046124114383 -40.69504709683404
-0.43530413801958034 0.007554160291715433 0.9002517659440149 269.65608979720656 0.08332270566740095 0.9960108857354576 0.03193183703974624 3.1518983117918684 -0.8964193405674009 0.08891147371827952 -0.434197093147743 -41.81940455043123
-0.438192124792105 0.008946987060881983 0.8988368112136448 271.91370351793216 0.08429106483748722 0.995953252768108 0.031179074540269094 3.246335163050172 -0.8949204870594613 0.0894263368541815 -0.43717302309051465 -43.00237345493141
-0.44177395902070726 0.010553753963049362 0.8970643162050638 274.0856950922496 0.0857305850078086 0.9958512968258052 0.03050346545199388 3.3142172555700165 -0.8930207365595662 0.09038148531446859 -0.44084594949592204 -44.05268614026107
-0.4450198144754105 0.010870644684361027 0.8954547413512411 276.10186754909574 0.08630884072474317 0.99579207295357 0.03080473105844159 3.39033085839846 -0.8913518658403217 0.09099437634809293 -0.44408543630251995 -45.05256175145212
-0.4481838489500223 0.010723005551091486 0.893877091490936 278.34242842114674 0.08550659875164265 0.9958575203211657 0.030926053574689506 3.385867028165066 -0.8898426035599045 0.09029294751933976 -0.4472441441964339 -46.23808152333981
-0.4502136810187307 0.012904081504458844 0.8928276015581569 280.5585244440937 0.0872384029995806 0.9957476418413959 0.029598898786644675 3.4477509856945545 -0.888649032220059 0.09121468329071561 -0.4494249426617609 -47.443052289187776
