1.0 0.0 0.0 0.0 0.0 1.0 0.0 0.0 0.0 0.0 1.0 0.0
0.9999975515455181 -0.0021580233109890295 -0.0004897329458394335 -0.034166059250476 0.002159237907713043 0.9999945605729226 0.0024932942516642806 0.0026015418410519926 0.0004843496948565407 -0.0024943455968881078 0.9999967718174976 1.5509136091472113
0.9999962540442794 -0.0019152987205162356 -0.0019553844174860233 -0.03455081466712715 0.0019221038729242347 0.9999920826062575 0.0034842849340412717 -0.023365778497915404 0.0019486954894615887 -0.0034880303340260967 0.9999920180832836 3.1295380184798622
0.9999925931509657 -0.0010766595906323397 -0.0036951924622501773 -0.033644535906877736 0.0010894327050529915 0.9999934331473262 0.003456414125235143 -0.04575826590572573 0.003691446815048545 -0.003460414187617358 0.9999871992951018 4.701541519322497
0.9999891470278304 -0.00026731321283943215 -0.0046512761902987795 -0.05964614053694413 0.00028217164834559033 0.9999948589661052 0.0031941228092165906 -0.058815474010227485 0.004650398446699895 -0.003195400601760163 0.9999840814779409 6.254806414887306
0.9999821444008143 -0.0005384760489717499 -0.005951547957764947 -0.07593164559948823 0.0005585664600378005 0.9999941503091359 0.0033745149309337176 -0.07129571949753588 0.005949696047582026 -0.003377779012022179 0.9999765955890605 7.828724489766799
0.999967599221578 -0.0009327214484195311 -0.007995657429714219 -0.07732051696201234 0.0009637836724474494 0.9999920008988648 0.003881914388246479 -0.09533912771377476 0.00799197272683095 -0.0038894946952797737 0.9999604993213227 9.379722664841964
0.9999476607316911 -0.0030426689361062746 -0.0097682118611385 -0.08944591093381667 0.003072449062816108 0.9999906740089006 0.0030351197638674118 -0.11140708461342246 0.009758885898258745 -0.0030649732412978852 0.9999476836740284 10.936162019397337
0.9999264781807279 -0.00467518817179116 -0.011188424761536227 -0.11960719496323305 0.004713674645119678 0.9999830561252637 0.0034159528271838283 -0.12621417378881988 0.011172264964015525 -0.0034684402742347084 0.9999315728676827 12.453092050229118
0.9999102041988874 -0.004588370951368683 -0.012590885233049314 -0.14394779279272202 0.0046317157266749075 0.9999834404631608 0.00341555396493814 -0.14392617994369514 0.012575004905225904 -0.0034735646636802884 0.9999148981789204 14.07438700789932
0.9998950871429495 -0.004218110358026523 -0.01385720940163953 -0.15435016653515873 0.0042652009912020564 0.9999852238438676 0.003370482819243548 -0.15772213455902936 0.013842787576858449 -0.0034292329955365095 0.9998983036255058 15.645119062004472
0.9998962566813918 -0.002703807297566264 -0.01414797867675623 -0.19379387798549938 0.0027581712639791075 0.999988883070757 0.0038244249474263443 -0.16046058868371657 0.014137480886596502 -0.0038630507371201486 0.9998925984690473 17.094423611082654
0.9998918272363592 -0.0002864796227043533 -0.01470550085378361 -0.22824036683739418 0.0003572974456724355 0.9999883520018745 0.004813335549318503 -0.18917717991723249 0.014703950641585112 -0.004818069115402193 0.9998802828566673 18.459946941646464
0.9998831706906045 0.000778682829222258 -0.015265602600450928 -0.2660345911740876 -0.00069613684339337 0.9999851133230958 0.005411887442518419 -0.198433454235118 0.01526958949018244 -0.005400628227039208 0.9998688278227073 20.003170627250043
0.9998905822213363 0.0015842533447841406 -0.014707607773417274 -0.34640984291472127 -0.0015087953789324033 0.9999856507406287 0.005140218803294778 -0.19171611791768403 0.014715540138970645 -0.005117465601327794 0.9998786248461548 21.328385417992298
0.999870129771631 0.0009353682468149221 -0.01608877486649149 -0.3410280259218084 -0.0008499101042764406 0.9999854998605741 0.00531768007805312 -0.2076824804901947 0.01609351556610446 -0.00530331545740253 0.9998564264942656 22.941101730711214
0.9998527930665397 0.002195349059287514 -0.017016834004805664 -0.31347338999159996 -0.002093814399955294 0.999979914170193 0.0059822401683504505 -0.24044662860273772 0.01702962531290001 -0.005945729449039134 0.9998373068469795 24.6454251590259
0.9998586528692445 0.0030175038732869696 -0.016539919977869535 -0.34705474625102417 -0.0028955587188740314 0.9999684882137382 0.007391773754423791 -0.265513506411442 0.01656170348138084 -0.00734283663891101 0.9998358828967328 26.26825503712935
0.9998505590599652 0.0022170028602473846 -0.01714480812936441 -0.38702807024611596 -0.0021140299486607133 0.9999796338154948 0.006021862801913328 -0.27190620044915786 0.0171578094420946 -0.005984718251225931 0.9998348827294445 27.738064921011404
0.999867939323687 0.0022575153222675432 -0.016093711106312594 -0.48458748761627785 -0.0021943346370858 0.9999898212240069 0.003942377947266676 -0.273037714220549 0.01610244727065447 -0.003906542326448845 0.9998627156359754 29.186307068322016
0.9998830158096674 0.0018465846499937566 -0.015183702463320629 -0.5761477011757592 -0.0017953130795348921 0.999992643407139 0.0033896876772147944 -0.2533906086589524 0.015189850108236501 -0.00336203163771823 0.9998789752749861 30.436411961527877
0.9998861776721755 0.0011049802002628234 -0.015046950484529694 -0.5963465341096732 -0.0010091771910929583 0.9999791827208502 0.006373043726318626 -0.2837830200312392 0.015053679335094095 -0.006357133292421877 0.9998664778833114 31.90185071887918
0.9998852969520249 -0.0005912793933885749 -0.015134177474838868 -0.5992770366463527 0.0007065515639715351 0.9999707751483343 0.007612465706122719 -0.3035877627377477 0.015129234086642176 -0.007622285609867891 0.9998564932219189 33.51942222098053
0.9998931604337137 -0.0013662813925348616 -0.01455338424683676 -0.6371707742650805 0.0014660804883068256 0.9999754706753092 0.006848989392279249 -0.31206828359993566 0.01454366961538488 -0.006869594081906198 0.9998706368082165 34.959980449315175
0.9998966313648381 -0.0007086379723090175 -0.014360515919469165 -0.6636854010861382 0.0007820393364853962 0.9999866566558153 0.005106361209382004 -0.3119731736967105 0.014356705740709288 -0.005117063860134396 0.9998838435827063 36.4246794866099
0.9999162941797165 0.0008190051604587014 -0.012912546784034072 -0.7368806184416101 -0.0007638795574875612 0.9999905767793619 0.004273504475352389 -0.33031179733355204 0.012915925128475282 -0.0042632831276313695 0.9999074973691563 37.73453242738829
0.999929004682433 0.001819087688544071 -0.011776099302416248 -0.7691997885416563 -0.0017803453557102419 0.9999929716130974 0.003299559792067947 -0.3438738735816714 0.011782018724029513 -0.0032783600150712382 0.9999252153988308 39.1107839062812
0.9999399994343261 0.0023224769142342794 -0.010705308601939757 -0.7876083697317627 -0.0022750638720323096 0.999987559691341 0.0044389803936113375 -0.35995149483584193 0.01071548485408336 -0.004414358791437476 0.9999328436554139 40.49672746463375
0.9999515367199215 0.0028179591681759862 -0.009433096924860003 -0.8082253018673029 -0.0027576802858769052 0.9999757360717576 0.006397067076991882 -0.3704859057929589 0.009450894714692161 -0.006370743588713997 0.9999350449980332 41.874385155145326
0.9999746124014581 0.002960063940866247 -0.006481710732486979 -0.8776575825627592 -0.002912280390663342 0.9999686067903473 0.007369128625414107 -0.3864364778738793 0.00650332034270274 -0.007350064981870787 0.9999518405249738 43.25527782746633
0.9999838851751311 0.0036054718461033734 -0.004385198150265079 -0.9039494141615094 -0.0035703152017471465 0.9999616361334057 0.007998694316104287 -0.3960910907387864 0.0044138689842705536 -0.00798290887892764 0.9999583945977054 44.579376050913304
0.999991690342647 0.0039513666989258065 -0.0010029690255272449 -0.9079527522449543 -0.003943645395899243 0.9999634411959201 0.007587089864047251 -0.4145440254234529 0.0010329117324096961 -0.007583071463750425 0.9999707146314479 45.88348535597054
0.999991356243168 0.003201652617853011 0.002652707949259991 -0.9121681162813937 -0.0032164233283286997 0.9999792436349747 0.005582734114820826 -0.42227713901282815 -0.0026347789133919974 -0.005591218090755923 0.999980897927725 47.19941282145446
0.9999713618091984 0.003329096049940897 0.006796519767315299 -0.9350212372835387 -0.0033551941296593043 0.9999870286257064 0.003832134220357971 -0.43206192048553077 -0.006783674064217667 -0.003854828118192401 0.9999695605699054 48.46878786370575
0.9999321143083015 0.003610735706059584 0.011078328510691389 -0.9259319482039583 -0.003658603475383977 0.9999840465755534 0.0043036281195386996 -0.4460955789764849 -0.01106261250969768 -0.0043438671759576525 0.9999293722170671 49.80854546508618
0.9998510582835537 0.004279189991187408 0.016719742290986134 -0.9214668889602957 -0.004351258237510061 0.9999813894334665 0.004276369776383766 -0.46426355835987987 -0.016701131728364085 -0.004348484762901811 0.999851070349609 51.04866200744713
0.9997050987355941 0.006065030152088589 0.023514484287567583 -0.9241439355321479 -0.0061443787987718506 0.9999756658693486 0.003303676486909525 -0.4792145708443335 -0.023493875185528874 -0.003447184127256932 0.999718037623789 52.243480862531655
0.9994443602863399 0.0087945537756242 0.03215006245276364 -0.9680235552793579 -0.0088979991617211 0.9999556811768104 0.0030759215105613455 -0.4684077612373465 -0.03212158624269603 -0.003360283635167948 0.9994783200205717 53.137024296035875
0.9991167920571415 0.010343467970332105 0.04072650856375098 -0.9343863532430755 -0.010520081738868496 0.9999361555202126 0.004124653156896977 -0.4810388994761055 -0.04068124518318108 -0.004549456429496657 0.9991618180938171 54.32726253662325
0.9986427250171745 0.012198650111346758 0.05063497512325675 -0.8737487731510468 -0.01246150282365325 0.9999104507467128 0.004878671425882867 -0.49866790562358404 -0.05057092759331168 -0.005503037612681167 0.9987053108196559 55.471742672161966
0.9978762366107542 0.014423622518191983 0.06352145717008413 -0.8156228375599566 -0.01478178421904936 0.9998773667475181 0.005172071282425338 -0.5289060330823085 -0.0634390673233741 -0.006100047499956922 0.9979670706780053 56.64145601372683
0.9967664792819437 0.016501771719947482 0.07864017618228791 -0.7470122747934503 -0.016983422627879646 0.9998408642351047 0.005459813315663641 -0.5375774408998147 -0.07853756512473102 -0.006777738243825433 0.9968881146490698 57.85106815817489
0.9952734859708138 0.018937930296473744 0.0952472725047296 -0.6505771284985952 -0.01965157206198981 0.9997853679613795 0.0065600095900412055 -0.5456767236630471 -0.09510259638409846 -0.008400762252016955 0.9954320284954611 59.01435556603738
0.9934212140677103 0.01941388426372207 0.11286005731892615 -0.5415170809034288 -0.02041623394219972 0.9997616664186232 0.007732253971193386 -0.5677103498837179 -0.11268304589357647 -0.009985562460496073 0.9935808068348008 60.09517569739188
0.9911206192600944 0.01913824575566541 0.131581327044846 -0.39857106179495405 -0.02024067599815249 0.9997703091825006 0.007045843616272103 -0.5847385305793273 -0.13141625893558523 -0.009646575896291058 0.9912803389863295 61.16315612014886
0.9882998631796828 0.018278673751392742 0.1514241411562584 -0.21560884311810757 -0.01943114334044709 0.9997923774834255 0.0061345411012188175 -0.5959873651014618 -0.15128057081959773 -0.009005110323016048 0.9884498454046958 62.35990610970195
0.9850364841277425 0.015252010061533936 0.17166974435333263 -0.030058559121272074 -0.016485782388400178 0.9998474890753359 0.005763468468572317 -0.6006507230994396 -0.17155565836281247 -0.008507336764744912 0.9851376966215805 63.4317287591828
0.9808438583448085 0.010817230046305635 0.1944950207110572 0.17843269053255062 -0.012531249920714952 0.9998927164950738 0.007584410031534509 -0.6133235177045028 -0.19439211229546802 -0.009876387711464266 0.9808741833910601 64.68438865484654
0.9756718137909535 0.004858912985597817 0.21918235042646422 0.37069648641239206 -0.006962432542189116 0.9999368135566202 0.008825725314576621 -0.6138219117268225 -0.21912561764195082 -0.010137053754976418 0.9756439944130247 66.03004757999977
0.9701721809047895 -0.0004036002547556544 0.24241653513174108 0.6366083848126503 -0.001671771258820819 0.9999636954233652 0.008355418368069089 -0.62916636997849 -0.24241110655104578 -0.008511459456617698 0.970136284487193 67.02782832521807
0.9635794169150447 -0.0064198025525317465 0.2673452700775702 0.913911395892402 0.004880157181143579 0.9999674636548569 0.006423059828445108 -0.6378575518865375 -0.2673778064154723 -0.00488444130468976 0.9635793952080914 67.99798502672726
0.9560068172953152 -0.010280164272403098 0.2931642602832312 1.23097321211665 0.008619864232242938 0.9999386628010128 0.006954752068916583 -0.6421304370870222 -0.2932177744024046 -0.004121754269095568 0.956036792135243 69.02257985798884
0.9471070042907384 -0.012246735350773082 0.3206841746901015 1.5334892463449843 0.009872258020089689 0.9999105010999438 0.009029302943420003 -0.6497087952939108 -0.3207660532927514 -0.005385839146075868 0.9471431421869053 69.99220178058034
0.9374366787407494 -0.016659903740327345 0.34775698549256495 1.9292548514767747 0.013462091212181105 0.9998419790354854 0.011609869017293446 -0.6502278550306664 -0.3478954518985667 -0.006201980793812646 0.9375128212363419 71.00536242992126
0.9261942676078558 -0.019626896040327593 0.3765354745600602 2.303371775234604 0.016689595563586044 0.9997995270858068 0.011061782809339397 -0.6593855706786556 -0.3766770978573976 -0.003961135041782926 0.926336155701001 71.94357248826122
0.9137745579703077 -0.018708716387661004 0.4057906370744584 2.7025090908161284 0.01729666702604717 0.9998248575173999 0.007146999377436602 -0.6680824302509211 -0.40585327707924057 0.00048807933483326435 0.9139381156635301 72.86763672825143
0.9005217447379825 -0.019964381613097024 0.43435240383917123 3.1434677207658055 0.02122606683465378 0.999772807502333 0.0019461412162910913 -0.6793675963666288 -0.4342925757375904 0.0074670506700818245 0.9007409182520242 73.76140720144289
0.8861191540570618 -0.022120417638182434 0.46292929474889527 3.603232691055433 0.0250743847058619 0.9996855622460789 -0.0002277462703507983 -0.6976946227538723 -0.4627786944586144 0.011809477560570035 0.8863951806022677 74.63552172229974
0.8703284211225788 -0.022889324649770944 0.49193954730571987 4.117007651336056 0.024480390463398418 0.9996951747137139 0.003204393371078692 -0.7176067831700744 -0.49186293809255316 0.009253997579124902 0.870623462617317 75.52898761878883
0.8525565610901533 -0.02226981660599666 0.5221602870867019 4.635337208779722 0.0205441548633133 0.9997475758532789 0.00909517874725649 -0.7358292923949626 -0.5222310291844825 0.0029731874861200908 0.8527988697888199 76.38296820826234
0.8327369096415358 -0.0225085080614363 0.5532111770251149 5.170876751077804 0.018606386067458704 0.9997466185083024 0.012668905979744403 -0.743779368397686 -0.5533561617242311 -0.00025660487754899794 0.8329447115119727 77.18959399232803
0.8111198950189322 -0.01616771309676769 0.5846564127397365 5.714066302025788 0.0141231156595158 0.9998678098943214 0.008056074801106917 -0.7603897126401855 -0.5847093752528211 0.0017227275912623976 0.8112410114763071 77.97264251770694
0.789048401265801 -0.009242162952929105 0.6142615101761097 6.300761824666538 0.01091656810275471 0.9999398900029551 0.0010222141341290469 -0.7726224069499574 -0.6142340343881487 0.005899051180452628 0.789101864270025 78.73181036647364
0.7664843056218501 -0.006945506238627242 0.6422254815705147 6.915567562788585 0.009946612390490455 0.9999499726883654 -0.0010568928472484743 -0.7798294481160364 -0.6421860121003444 0.007198059712617928 0.766515044731041 79.45514239050483
0.743300126058808 -0.00939814624432391 0.6688920671140677 7.551793369066323 0.011106996009673322 0.9999368585995733 0.00170688419584601 -0.7925495428739584 -0.6688658738795105 0.0061606542823979624 0.7433575782207453 80.14961627198761
0.7191230106542588 -0.009562239920063869 0.6948169968526001 8.209334072672714 0.011155234796900369 0.9999353232008206 0.0022158862553233326 -0.8066458248195403 -0.6947932471492372 0.00615735194557243 0.7191831691112058 80.80786269103254
0.6927369318266479 -0.008496642386472058 0.7211403125270135 8.94305622269826 0.012330678138784221 0.9999239722708588 -6.367656107907913e-05 -0.8195413246926209 -0.7210849448296921 0.00893626019222406 0.6927890339733568 81.63176832426186
0.6664025729226679 -0.006024215494303441 0.745567783390435 9.640203167198333 0.012196122843920144 0.9999216431695097 -0.0028217208869076014 -0.8294173548129804 -0.7454923644073252 0.010973438333803846 0.6664238278014298 82.25647979583862
0.6394892981763121 -0.0034093589998645613 0.7687924386914701 10.358598735447245 0.010314285689638414 0.9999382148903906 -0.004145107059111804 -0.836607439499442 -0.7687308066083213 0.010580296452794733 0.6394849523626734 82.85111383929468
0.6114072254670448 -0.001816008048954409 0.79131403801617 11.099553417752896 0.010352766096697186 0.9999301382861837 -0.005704277440707897 -0.8468538873111116 -0.7912483964475615 0.011679925587931822 0.6113833122169945 83.4228976667587
0.5829425408920009 0.004858558161525789 0.8124988544182502 11.866253191729227 0.009200890171979536 0.9998785312361358 -0.01258039717620572 -0.857949141405021 -0.8124612837781385 0.014809361419689427 0.5828270285221164 83.96678404761825
0.5538542788684766 0.014319354122287143 0.8324904767482932 12.64920954643133 0.009046303267374411 0.999689594446325 -0.023213770760842967 -0.8597706377233543 -0.8325644732849671 0.020388007584430975 0.553552822204406 84.4598187402139
0.523591731144544 0.02297514867480117 0.8516594634127131 13.449663038946532 0.008137726261687015 0.9994558526044434 -0.03196523276960513 -0.8811653569972603 -0.8519304411091022 0.02366730314370377 0.5231198545969696 84.93217868860835
0.49210419124469396 0.028201763262505102 0.8700793788547637 14.26533187910059 0.006045445136973952 0.9993403057457292 -0.03581069540135174 -0.9018777253669972 -0.8705153172417484 0.022882610448071126 0.4916090607246578 85.38314770338215
0.4602017729597513 0.027522999321560986 0.8873876338292342 15.117782338942046 0.004814025197139104 0.9994273057544835 -0.03349456185316443 -0.9394324216820794 -0.8878013028409584 0.019686163178219904 0.4598057216403659 85.813114258403
0.42783400535434546 0.026349168763601716 0.9034731789975424 15.980052132972233 0.0007488730623154199 0.9995643160498296 -0.02950622424121346 -0.9675476772226792 -0.9038570147161523 0.013300352826277579 0.42762787276217396 86.19983542518067
0.3938247726084074 0.027809475673924618 0.9187647585441431 16.85748428683805 -0.002791099985123564 0.9995738002463048 -0.029059036839396386 -0.9945853276827114 -0.9191812978084406 0.008879804271590002 0.39373454361446236 86.57675440287014
0.35929857646140306 0.03065877036346764 0.9327189141175435 17.742549173163916 -0.009555515884456946 0.99952867712142 -0.02917388777804639 -1.0325664538969324 -0.9331737378800322 0.0015695259489131685 0.35942219118928154 86.91456469417105
0.3237791695490694 0.03223709366164518 0.9455833221659345 18.651503774627162 -0.014200039409187742 0.9994723689248062 -0.02921202897118908 -1.0731360261833205 -0.9460261139349657 -0.003969073958291978 0.32406610159814786 87.22927115461945
0.2880094993257014 0.03182945063900606 0.957098435047398 19.582119753196988 -0.01652980006519453 0.9994638059273236 -0.028264223871776146 -1.103188928026902 -0.9574848792581342 -0.007680280807904266 0.2883812047945362 87.51115205392404
0.2518834601064881 0.03152179564468268 0.9672440741219965 20.517850160695907 -0.016697820627320836 0.9994621659964158 -0.028223421621956322 -1.1324049958043811 -0.9676135102979295 -0.009041854958345478 0.25227433390622833 87.7564115251078
0.21623247598302342 0.03094620122298408 0.9758513457284967 21.464146507150804 -0.015728939762148286 0.9994782568308045 -0.02821018568558233 -1.1654955649465468 -0.9762152000374765 -0.009249148735040551 0.21660640910062468 87.9581977657766
0.18127161920554702 0.029097117340582457 0.9830025217836766 22.480187891550095 -0.012106898542133726 0.9995524793634208 -0.02735441474659322 -1.215918372241894 -0.9833585424850337 -0.00694253274436152 0.18154277226263738 88.16806484960698
0.1471117259096547 0.028122996384738842 0.9887199993801212 23.45636039849336 -0.003758091862437424 0.99960439624784 -0.02787342367820516 -1.252959047445475 -0.9891127422318633 0.00038480688041223223 0.147159216762759 88.30033792636368
0.11325919350197355 0.03146196989203746 0.9930672180360176 24.440615525727857 -0.001863235325766273 0.9995034833750929 -0.03145337939198813 -1.294102096654829 -0.9935637289280459 0.0017120664613430275 0.11326157948319726 88.4148445009288
0.08084409774864398 0.0364094270538267 0.9960615369949889 25.426250767651016 -0.0009424318715124688 0.9993349391105559 -0.03645258968947298 -1.3331788923371455 -0.9967263133284759 0.002008256585595193 0.08082464490556807 88.48878752214459
0.052248681956802434 0.04057929151155139 0.9978092985807444 26.425268055506553 0.005971120519281848 0.9991435096116783 -0.04094621985729907 -1.3683776415188484 -0.9986162530990175 0.008097425595743033 0.0519616276227014 88.523389738232
0.026611074706519244 0.03884214234166112 0.9988909543495098 27.418713664007264 0.008212092736923627 0.9992026117629967 -0.03907303646872409 -1.4114401775894942 -0.9996121308967015 0.00924276064367209 0.026270880073563818 88.5487790102032
0.0046547850726912365 0.03572631872314854 0.9993507708139416 28.4201915074393 0.01033099594831055 0.9993065461547047 -0.03577285751894797 -1.4596601773091105 -0.9999357996884816 0.010490803727406565 0.004282468740106626 88.54206625150915
-0.01436394363541349 0.03306107862547959 0.9993501099231235 29.43381977051828 0.011086843645314561 0.999397046352339 -0.032903277043558145 -1.5066983023867049 -0.9998353659584278 0.010607017598771527 -0.01472182585266979 88.53162986773627
-0.03055163166664432 0.03656258732587209 0.9988642425327598 30.440521557153804 0.012348427412948062 0.9992682819299542 -0.03619968327464635 -1.5433542700089558 -0.9994569095978741 0.011228443204448962 -0.03098076694130758 88.48969588499958
-0.045323359327791746 0.041068292011625235 0.9981278417570028 31.45287521026762 0.01539559699637371 0.9990646572897467 -0.04040774860897636 -1.5843767907552566 -0.9988537273757203 0.013535359092719378 -0.04591323732718067 88.44434043980557
-0.05714627953690443 0.04616620408109819 0.9972978413371967 32.456440067173254 0.02005061958532122 0.998781871663179 -0.045085978876384436 -1.6344941594035434 -0.9981644530784167 0.017419943677849336 -0.058002329030184985 88.37941109008607
-0.06637133323468203 0.04972135636548962 0.9965553837322976 33.49498873274275 0.02499218195012 0.9985271473957412 -0.04815523600913833 -1.6885408478822495 -0.9974819481905539 0.021709966257451956 -0.06751622322877227 88.31169099347926
-0.07592265898957096 0.05503580127393319 0.9955936974640256 34.57476185426145 0.029006323445733048 0.9981749257679994 -0.05296650609781958 -1.7606765152239687 -0.996691719165016 0.024857154828841033 -0.07738048075387094 88.26422020045973
-0.0791478675794326 0.059938063083142055 0.9950593166497513 35.58778154007495 0.031232869753734693 0.9978498028309188 -0.05762186075824483 -1.8182792763409963 -0.996373485649119 0.02651791062918787 -0.08084972177619143 88.16778813956545
-0.0821495992432062 0.06392056830651997 0.9945680491004888 36.610060749395494 0.03334201841246361 0.9975587247395223 -0.06135878506164262 -1.8877852667501458 -0.996062123139096 0.028120306602692546 -0.08408029022432673 88.08392512652979
-0.0844021421721104 0.06722381727413118 0.994161574789457 37.640725887991756 0.03371400304665108 0.9973430782258873 -0.0645767010111393 -1.9520161316679054 -0.9958612576033518 0.028066754461567135 -0.08644427626317919 87.9785397015785
-0.08646114504583124 0.07054516605543273 0.9937544213454224 38.67288766247879 0.034518977710739085 0.9971029888188934 -0.06777956820632099 -2.031238558796607 -0.995657024569791 0.028443087642540516 -0.08864581315657016 87.87925968072696
-0.08816661812476156 0.07403927051865429 0.9933503077311189 39.7310471915386 0.03583715856375455 0.9968239640783705 -0.07111738679929103 -2.1171539503967973 -0.9954608709108155 0.02932867300355044 -0.09053995485603061 87.78589564129574
-0.09067097974274918 0.07542432857087863 0.9930206161465744 40.76097859137638 0.03836052296605397 0.9966523891051032 -0.07219754544900188 -2.194664521212415 -0.9951418209030615 0.03154656797057306 -0.09326076527145388 87.69917140545877
-0.09231025303494134 0.07421903978967552 0.9929603976580956 41.81344029672684 0.03841260327773915 0.9967413492618847 -0.0709306321769695 -2.2753286127821832 -0.9949890899371973 0.031594569221562126 -0.09486039269184898 87.58379281869483
-0.09416595227444113 0.07412354091019387 0.9927932685686294 42.86542376691226 0.03807665739040986 0.9967629321328747 -0.07080837018211594 -2.352898476640979 -0.9948280965042258 0.03113451153959278 -0.09668350736795772 87.46943092063643
-0.0951222859729699 0.07567651979786337 0.9925849157943919 44.052078337047014 0.038288190699409225 0.996646516158225 -0.07231691560512452 -2.4484981305487383 -0.9947289908131974 0.031125330214418948 -0.09770081194545499 87.32245264668855
-0.09801339082784022 0.07762613368132572 0.9921529915230406 45.08454363315437 0.0369442754478156 0.9965498422617856 -0.07432047093261919 -2.5313779352950423 -0.9944991180137193 0.02936997204117353 -0.10054307043369892 87.23343533406499
-0.10077030812848298 0.08010676838986472 0.9916795100524278 46.13913849263695 0.035416133974912646 0.9964103635779118 -0.07689008264272186 -2.6122649776573277 -0.9942791572058433 0.02737321706826092 -0.10324565140175279 87.12912239143557
-0.1031618745994598 0.0839767155676789 0.9911132825623873 47.19727715792833 0.0335612154131693 0.9961561629248312 -0.08091071552562139 -2.6977010874473915 -0.9940982207252542 0.024916065286122887 -0.10558369780198795 87.01802253753418
-0.10557008112057686 0.0881465800383532 0.9904974196835333 48.26115139450673 0.03003768220070087 0.9958917036691439 -0.08542512634453531 -2.791865490463434 -0.99395809550514 0.02073390919514011 -0.10778408690193175 86.91078627115918
-0.10809391412715663 0.09032363766736244 0.9900289623072683 49.30843914437474 0.028475014745390156 0.9957367486852016 -0.08773540250704674 -2.8936235728097577 -0.9937328007386701 0.018707426235554575 -0.11020504952006771 86.79396485427647
-0.11057616043049001 0.08907510637790172 0.9898679397617728 50.39329869472048 0.026520964733085628 0.9958853968359163 -0.0866539947065105 -2.984287375591762 -0.9935137398013565 0.016670386700224204 -0.11248354116575454 86.66263352825572
-0.11344320250126905 0.08461617828161466 0.9899347161198413 51.46679006521058 0.024098818749143644 0.9963079857196075 -0.0823992993066943 -3.0884809090390895 -0.993252176811686 0.014508616900045049 -0.11506351852127472 86.55103270853638
-0.11648644350653581 0.0838718812726688 0.9896445907551774 52.535567948945825 0.02455045162406422 0.9963666845372615 -0.08155185632025659 -3.160115879313537 -0.9928888073718294 0.014796535946249155 -0.11812230407394786 86.45637804725436
-0.1189747647778634 0.08424628962087292 0.9893167177558297 53.59611977108263 0.02355782324071701 0.9963528462766601 -0.08201240565034786 -3.256554618461191 -0.9926177684840279 0.013548741694861317 -0.12052550472109513 86.346323755613
-0.12014591708194611 0.08708209384180399 0.9889295564096897 54.668415926244855 0.025111403112621427 0.9960932417828224 -0.08466209959777254 -3.3505956458857993 -0.9924386006409938 0.014661603142732163 -0.12186328959547854 86.21402573823498
-0.12072384812697257 0.08986032050749118 0.9886105781811697 55.77029881914004 0.025126994988761486 0.9958519491375502 -0.08745015449830268 -3.4549691534431783 -0.9923680701313653 0.014283493873461471 -0.12248099928771139 86.07627306195161
-0.12169584279142542 0.09146037850794841 0.9883446367590951 56.860197067348864 0.024101489008696984 0.995724270605233 -0.08917564216331826 -3.57406058871228 -0.9922747805294905 0.012968272470122355 -0.12337983560652188 85.98657648279342
-0.12115250238880138 0.09038220363520551 0.988510560606702 57.982973802999695 0.021340492098230725 0.995853049408278 -0.08843804261311558 -3.675995379569657 -0.9924044813290281 0.01038081163869856 -0.12257888964982921 85.83942453856436
-0.12106017342321151 0.08994790300838598 0.9885614847621449 59.11425129256688 0.016952676423556683 0.9959281576160575 -0.08854214606368824 -3.7807543280240097 -0.9925003985756483 0.006039835418229994 -0.12209209317273806 85.7020862536883
-0.12103971839623462 0.09105137402198836 0.9884629653453226 60.21238507861254 0.013265355368297701 0.9958437536715032 -0.09010687332497502 -3.8835471503400374 -0.9925590243998154 0.0022058019308868943 -0.12174447634422148 85.56890417128665
-0.12137184661275224 0.0913393892231815 0.9883956651190591 61.33593143752819 0.00922713849202211 0.995817986079436 -0.09089223572971102 -3.988310449666949 -0.9925642219851872 -0.0019116948063087203 -0.12170706905479212 85.44186242619388
-0.12200841126977613 0.0909433072681097 0.9883538144017877 62.45358547114033 0.0054663397563544484 0.9958397879109259 -0.09095733034335554 -4.090175490420981 -0.9925140133565336 -0.005694881619523959 -0.12199795741833697 85.32126813187024
-0.12239192033812674 0.08582003601666095 0.988764450844611 63.56537802060259 0.005621301508473995 0.9962984060010142 -0.08577812756868237 -4.193306771361403 -0.9924659282843401 -0.004940406657081548 -0.12242129543819646 85.18833198094487
-0.12236358160543825 0.076890985050735 0.9895023649868742 64.68851113912739 0.008842516650767887 0.997039327315798 -0.07638317671412824 -4.296349768651834 -0.992445950062758 -0.0005968279387711881 -0.12268121290744305 85.04251743351679
-0.12193140095149557 0.07167874118790164 0.9899469134876494 65.80690331796336 0.014681695437189838 0.9974100308676404 -0.07041078144504813 -4.390870304224195 -0.9924299377190792 0.005948813859127499 -0.12266796783420775 84.89952441213958
-0.12077563591355789 0.0740168222375683 0.9899165398130937 66.93255947433259 0.02261935246850049 0.9971626144054899 -0.07179892287433004 -4.480519177851805 -0.9924220929944989 0.01371971056037507 -0.12210716145483902 84.74749856224177
-0.11956846263242915 0.07967244119685009 0.9896240118638252 68.0631218016407 0.02874878248149046 0.9966347835930722 -0.07676337432800873 -4.568140601014333 -0.9924096383296315 0.019272006800655377 -0.1214565745619649 84.60510358289132
-0.11818862210347403 0.08547489536046851 0.9893055604151831 69.1997484023351 0.032311768869409375 0.9960918311153814 -0.08220105581886633 -4.66055041568045 -0.9924653138512259 0.02225098308667436 -0.12048856607107772 84.45588653965767
-0.11721539658848212 0.09027103687669703 0.9889952935701015 70.3166064993986 0.033245075509590244 0.9956587598546989 -0.086939052668894 -4.748694767834131 -0.99254990592764 0.022688627675756072 -0.11970760384045964 84.30760926570278
-0.11536161489078078 0.08803565912978115 0.9894146858276242 71.52467433147753 0.032939033009688576 0.9958560962916815 -0.08476824631358117 -4.838528978701468 -0.9927772750794499 0.022811361210552564 -0.11778337694914276 84.14963087146432
-0.11445998246185551 0.08336760557884565 0.9899236105654223 72.66633201777091 0.032242886864531105 0.9962593396171986 -0.0801730906984655 -4.942887593056505 -0.9929044811367672 0.02274138442472996 -0.11671983881488979 84.00373896056665
-0.11408341221922935 0.0814758080951069 0.9901245718351136 73.84593492778866 0.029736581693696456 0.9964648981756579 -0.07857125691339041 -5.037549549244618 -0.9930260373049601 0.020479243126277795 -0.11610292776404618 83.8627715340466
-0.11391687432495035 0.08207413439427383 0.9900943299542041 75.01071976060246 0.027956153475593316 0.9964519740748975 -0.07938461340265418 -5.134632770789531 -0.9930968730324765 0.01863598201518954 -0.11580717139904162 83.73968903508171
-0.11327321651898026 0.08711961521463289 0.9897370110611702 76.1672389348863 0.029128738644561822 0.9960113392385894 -0.08433818051824668 -5.235135311280622 -0.9931367957156866 0.019276533739390433 -0.11535909258733423 83.60027421894888
-0.11284297271369326 0.08983568136385402 0.9895433360207267 77.33311186153158 0.027884071833666934 0.9957984189341262 -0.08722377764273559 -5.33509711500598 -0.993221496971905 0.017749907103603926 -0.11487383840849863 83.46958804823987
-0.1130879197527086 0.08856715437707258 0.9896297194261866 78.49987966766152 0.028631885010278642 0.9958960504908551 -0.08585611089185421 -5.448871000774098 -0.9931723604524862 0.018625675350547224 -0.11515965721976129 83.35159585460485
-0.11252358573201193 0.08160499768342429 0.9902924148993062 79.67048938452315 0.030369805009978185 0.9964387459151667 -0.07866066731642823 -5.558556418611693 -0.9931848355657003 0.021223807200834978 -0.1146011885201692 83.21720701680294
-0.11331589938966391 0.07996119127731545 0.9903361625402883 80.83370575651276 0.029432496640607937 0.9965889697072146 -0.07709833720264803 -5.661166756346569 -0.9931229707780465 0.020411598355473966 -0.11528283291784014 83.0986429640297
-0.11311500779645112 0.08222830378968765 0.9901734701894813 82.04952018213636 0.027633137713705402 0.9964444144322974 -0.07959232781349809 -5.774103355096131 -0.9931975658001303 0.018358513081041982 -0.11498504374982432 82.96505717245294
-0.11269708770681364 0.0853840249547536 0.9899540063583406 83.23868031954454 0.027031024359592384 0.9961957664667402 -0.08284514829375952 -5.874723599048113 -0.993261642340262 0.017423063917402608 -0.11457637932513065 82.82660722584583
-0.1121928624751698 0.08504292758617485 0.990040636578722 84.43221676637238 0.025937452853241467 0.9962421796655744 -0.08263636000376158 -5.976538858713731 -0.9933478797224637 0.016407922560703152 -0.11397705877995112 82.67885323444567
-0.11197722390799969 0.08139857824316589 0.990371330757231 85.63162431877943 0.025423529298388627 0.9965478592165026 -0.07903169268729884 -6.0851471795822425 -0.9933854969164144 0.016328984995916705 -0.11366010190533626 82.54312491633816
-0.1105249583168646 0.08034967640987656 0.9906200901909286 86.85389141782436 0.025822058736889624 0.9966223749864022 -0.07795551910578129 -6.184593447790473 -0.9935378477298406 0.016963819655117035 -0.11222644051677255 82.38527550526565
-0.10915897266922214 0.08099928666006484 0.9907186453511214 88.05430712820127 0.027744649556712825 0.9965344345367068 -0.07841782452721661 -6.283780329562865 -0.9936370328780906 0.018927132460221843 -0.11102797192625835 82.24603325132209
-0.10801268780630413 0.08138032088335896 0.9908130513097714 89.26327665225118 0.030232782735500615 0.996451827320543 -0.0785476586386809 -6.382416715257317 -0.9936897091753171 0.021470891981290756 -0.11008979369860694 82.10549490925835
-0.10687653579746259 0.08099571763252536 0.9909677592238438 90.48176477447427 0.03025472616054948 0.9964798198271927 -0.07818324770765 -6.4807879784307305 -0.9938118824208554 0.021625503516862182 -0.10895081439235943 81.97197076882391
-0.10557477132013826 0.08211177258742869 0.9910154511728115 91.71149357563883 0.032104983390427215 0.9963469219412808 -0.07913331270479929 -6.5734971705789516 -0.9938929709491868 0.023462053206945686 -0.10782529553455222 81.84769584502652
-0.10473284460250887 0.08066916385474208 0.9912232428996224 92.9548122359401 0.0324147837515019 0.9964520519070692 -0.0776697498678526 -6.671499596851006 -0.9939719880639546 0.02399571322482816 -0.106976131408 81.72193544589777
-0.10342056312137782 0.07960201677983646 0.9914472785016053 94.1903616900394 0.030695892393256378 0.9965729993475481 -0.07681158221006541 -6.778639900824797 -0.99416394488728 0.022489461888063198 -0.10550959572544394 81.59196533743858
-0.10229698966415857 0.07892260998725552 0.9916181460312488 95.4460899621482 0.03333418176016175 0.996559831078797 -0.0758771072628633 -6.891934158378506 -0.9941952314470393 0.02529277985906489 -0.10457589136588497 81.48521445545148
-0.10050880311432397 0.07994925525265612 0.9917187590648228 96.68159635628693 0.031250732918907044 0.9965280823721134 -0.07716976568442718 -6.993066532940273 -0.9944452585178117 0.02323569728465009 -0.10265831765199995 81.35788409918598
-0.09902818729545926 0.08262339294043694 0.991648522945497 97.93954451379234 0.0317492297180837 0.9963018976254275 -0.07984056112202902 -7.098042253522011 -0.9945780032422213 0.023577610714028138 -0.10128520000342567 81.2418632846849
-0.09782352747532519 0.08194167338935628 0.9918246415745259 99.24951711800279 0.030593967793515673 0.9963811607402872 -0.07930064095886871 -7.1967795136228565 -0.9947334148438636 0.022586382711495483 -0.09997644077019463 81.12672641991284
-0.09680972311225844 0.08072784498974166 0.9920236350784392 100.49714441500144 0.026876322504476073 0.9965538336923978 -0.0784736888493218 -7.299526540207784 -0.994939968440088 0.01906493105933044 -0.09864576830325644 80.99337986145375
-0.09671823485623854 0.08164703700776094 0.991957329926115 101.75166047181062 0.02400063605591428 0.9965312471556264 -0.07968339169088855 -7.411725952328171 -0.9950223879467264 0.01610076986685219 -0.09834232402424514 80.87703880271043
-0.09658432744285594 0.08118069905497446 0.9920086500597446 102.99158234139524 0.02195317043806363 0.9965995603350875 -0.07941898165821334 -7.512732608214895 -0.9950826729473932 0.014107106041139949 -0.09803807198744519 80.74654083680447
-0.09767354640246229 0.07864184210910728 0.9921065159562519 104.2681866042218 0.019112810340675856 0.9968374312281569 -0.07713518122964921 -7.623020032287517 -0.9950349636138661 0.011427876974124082 -0.0988677137078473 80.62512104771496
-0.09899016406992311 0.07759251402615125 0.9920586420088844 105.5460851333512 0.01749184409115608 0.9969369205852376 -0.07622868072001716 -7.717321364702735 -0.9949346625822727 0.009807045483995159 -0.10004418549408278 80.5056673021359
-0.09875164376023915 0.07588748106425834 0.9922142929188094 106.79255776233722 0.014362120592277124 0.9970927852558716 -0.0748311905743924 -7.84818078659911 -0.9950084634548311 0.006860598254523952 -0.09955445667998153 80.33932461535878
-0.09983612443159195 0.07615563581743842 0.992085211759414 108.07042786478543 0.014076751637923858 0.9970749807458755 -0.07512208619265183 -7.95008965047848 -0.9949043136512193 0.006465439184904003 -0.10061612581660273 80.1935667354749
-0.10214181140816092 0.0749372600296884 0.9919432732880962 109.36282496297716 0.013762708440884163 0.9971695805550971 -0.0739149204960874 -8.053878862013391 -0.99467463937643 0.006102022190599785 -0.10288404690016106 80.06353739383485
-0.10525203812093231 0.0706093888798956 0.9919356444212486 110.63924057006922 0.011676992502484895 0.9974950317149465 -0.06976610602645729 -8.141094771555728 -0.9943770192022173 0.004239800231808759 -0.10581289040805775 79.93899936418627
-0.10920866955265529 0.07101134530201458 0.9914791250111812 111.89876199666404 0.011503389933855154 0.997468489447893 -0.07017324688631935 -8.230264343423162 -0.9939522818096295 0.003741844055636196 -0.10974907784803789 79.80209094817586
-0.11430181340238676 0.07695874212091212 0.9904607248468227 113.12560991713401 0.006256726030640865 0.9970309522897186 -0.07674720552329187 -8.325526957785607 -0.9934263680979603 -0.0025753033654013846 -0.11444395563013665 79.65587059211525
-0.12114915668724602 0.08018077444371337 0.989390683826958 114.38616269750254 0.007299798074793651 0.9967773135852537 -0.07988554355972174 -8.428575649768208 -0.9926074726607877 -0.00245571402474373 -0.12134403440875174 79.50351773556973
-0.13033961953656648 0.07642704263149086 0.9885193426198943 115.63916166681965 0.009860483339935005 0.9970751676810289 -0.07578839530001259 -8.52744922425747 -0.9914203722172379 -0.00013095209958355453 -0.1307120055854918 79.3465114433383
-0.14071781176253073 0.07573710479487607 0.9871486151588601 116.88057241550084 0.014776995595518531 0.9971193161096928 -0.07439563053102248 -8.603573794929652 -0.9899394617116419 0.004118300405305501 -0.14143161509307833 79.16785437908057
-0.15330057361571003 0.07723989149222815 0.9851562989147274 118.10713076839325 0.015683232218903765 0.9970051374705577 -0.07572841002214527 -8.700644001750499 -0.9880551454024532 0.003841226312394916 -0.1540528306268818 78.98143774348257
