1.0 0.0 0.0 0.0 0.0 1.0 0.0 0.0 0.0 0.0 1.0 0.0
0.9999983656315755 0.0012422342295123475 0.0013136164953273933 -1.9495917455483975e-05 -0.0012358824980673263 0.9999875953850862 -0.004825108330816941 0.002152781789116782 -0.0013195941151502703 0.0048234769691764936 0.9999874962924782 0.9805158803289639
0.9999967339534622 -0.001716834843247773 0.0018932935666485231 0.003004707296265394 0.0017276393924132681 0.9999821485271857 -0.005719955339276938 0.0071364686053865325 -0.0018834395499415968 0.005723207586183751 0.9999818486104571 1.9562960294049998
0.9999936621109452 -0.0030812632876510656 0.0017836912549381064 0.00529691566301151 0.0030847282357265634 0.9999933544026517 -0.0019430908996802712 0.014085359690992724 -0.0017776922265904788 0.0019485807873636518 0.999996521415581 2.9680890430733933
0.9999837215291575 -0.005655909318046322 0.000753237334747727 0.014249939494538708 0.005652825160635082 0.9999758795186494 0.004035585286789165 0.02042992661827001 -0.0007760440707279631 -0.004031261674673949 0.9999915733069508 3.9504222653184238
0.9999571966607799 -0.00918602068825824 -0.001105382390559918 0.028696081201158005 0.00919000333536784 0.999951096704352 0.003653496744146852 0.03408527436246373 0.0010717672370418514 -0.003663498830142475 0.9999927150191201 4.917593394608818
0.9999316299215972 -0.011487073895362195 -0.0021869192167077436 0.03552632156578056 0.011488897848839896 0.9999336615007834 0.0008233005864444345 0.035789354464327405 0.002177316825094417 -0.0008483695888032104 0.9999972697765149 5.936313104068422
0.9999283250631068 -0.011658477202667133 -0.0027248203252033974 0.021128405147119608 0.011650474222055989 0.9999278243462801 -0.00293471438404225 0.04671605436660128 0.0027588379602578525 0.002902758589615458 0.9999919813706906 6.898605387609986
0.9999341743690098 -0.01076590970943999 -0.003967633689615632 0.022804297338684693 0.010751196141447168 0.9999353170905549 -0.0037112553859099 0.052965435202380326 0.004007332091918355 0.0036683542821678854 0.9999852421242853 7.876108654253886
0.9999294551364725 -0.01082240753190459 -0.004894920396762781 0.01310825734541072 0.01081208060560689 0.9999392764174158 -0.002131288528787501 0.05922205463123679 0.004917688832686437 0.0020782139034412716 0.9999857485802067 8.848186838680578
0.9999350807672328 -0.01022905934349972 -0.005020019519371519 -0.010217531271313519 0.010233324313663507 0.9999472981304242 0.0008246424413524204 0.05790852351922334 0.005011319638487778 -0.0008759603940004704 0.9999870596007076 9.819240844456633
0.9999319721572266 -0.010849502387878596 -0.004282447395459526 -0.0675709520241704 0.010859718372470697 0.9999382239737242 0.00236954703365338 0.05163912957477638 0.004256474436676887 -0.0024158920111399416 0.9999880228738545 10.707285869782352
0.9999135724808543 -0.012237814135742181 -0.00480452638188869 -0.08049213005832312 0.012254071138123119 0.9999192406819114 0.0033689545339055695 0.04708567225069222 0.004762909732196647 -0.0034275383715917426 0.9999827831875878 11.656178890352642
0.9999005111682339 -0.012766403573911645 -0.0059988920054113255 -0.08161934935473453 0.012787210867690552 0.9999123124326438 0.0034430631461253754 0.049256565174105364 0.00595441044351064 -0.003519429696840968 0.9999760790193329 12.58988540775445
0.9998956786292604 -0.012927233854006933 -0.00644348379486252 -0.09673377642691627 0.01294009549202069 0.999914355651213 0.0019583899705982876 0.048878999717647094 0.006417615381761724 -0.0020415649642789207 0.9999773228555278 13.539975551746137
0.9998836906863565 -0.01316090469947465 -0.0077068597315497955 -0.11577575155313374 0.013161101673177342 0.9999133886341085 -2.5159542806256036e-05 0.05276488318933207 0.007706523352246867 -7.627414799074242e-05 0.9999703013990343 14.468208213031962
0.9998582421345106 -0.01393582418747843 -0.00944925605018875 -0.1210349258303429 0.013923777991258116 0.9999021623897645 -0.0013394232800460694 0.05076264910069485 0.009466997524901636 0.0012076640628355226 0.9999544577156376 15.414185384387926
0.9998474681131225 -0.013697260752682787 -0.010836307288526383 -0.14282861388950988 0.01367494785833202 0.9999042237722655 -0.0021305124864636274 0.0532375351903763 0.010864451612955656 0.0019820015782265896 0.9999390158209118 16.323351684060963
0.9998548346681607 -0.0120991611945356 -0.011996661581193347 -0.16698950959847447 0.012061553532459943 0.9999221292018744 -0.0032022583864538506 0.0563623403154561 0.012034472031985436 0.0030570951536801768 0.9999229098546211 17.246561832048798
0.9998539730844437 -0.010405401517654286 -0.01355581522848927 -0.1882974883513096 0.010365089984881113 0.9999416580767007 -0.0030406171123712033 0.052387845705391074 0.013586663198072621 0.002899665855771183 0.9999034926036947 18.163441966079784
0.9998254543435896 -0.011068231193789432 -0.015051747568820844 -0.20622177686398438 0.011034261556638428 0.9999363873046484 -0.0023380367892495953 0.05112799576474083 0.01507666801831124 0.002171543775524638 0.9998839825095193 19.078699611078104
0.9998081214937178 -0.010535144742574385 -0.016514566917003197 -0.2243974931795867 0.010519001386523966 0.9999441076052058 -0.00106408432889552 0.052746056818390376 0.016524854160732436 0.0008901634016861338 0.9998630590256272 19.970664637758922
0.9997911063496747 -0.01009818543682215 -0.017769927264257777 -0.24999910408676376 0.010091507931790892 0.9999489711297738 -0.00046540753055724087 0.05126154112308259 0.017773720256492737 0.0002859849479446893 0.9998419940574879 20.893349693263445
0.9997517461674852 -0.011656142200500425 -0.0189889542646746 -0.27749347139157887 0.01164280717056517 0.9999318899956251 -0.0008126567332365528 0.055989844034816286 0.01899713336935936 0.0005913702552137203 0.9998193632876731 21.793382984698976
0.999713057933906 -0.011777343878494276 -0.020858954135008715 -0.2968822156932663 0.011753069048278345 0.9999301033759698 -0.0012859745211012785 0.05854245594700803 0.020872641528687865 0.001040448792691621 0.9997816013019667 22.683423458529287
0.9996855796116219 -0.01201535296798133 -0.022008480402574648 -0.32200000602279305 0.012002203518623175 0.9999277048785095 -0.0007294704202033855 0.056318050134001124 0.02201565414138857 0.00046509079890322426 0.9997575179328613 23.566050475284232
0.9996666568670177 -0.012092403330387889 -0.02281115801566012 -0.34878645040830286 0.012121460436767416 0.9999258871425353 0.0011359661498928297 0.060210028377739755 0.02279573085470333 -0.0014120920327811365 0.9997391463031199 24.44316465448732
0.9996242201169451 -0.013694464367740798 -0.02374616182185966 -0.36802548881218505 0.013793859221101367 0.9998967511066954 0.0040269807627574955 0.0604553993373159 0.023688562712366162 -0.004353018717609626 0.9997099095360946 25.31919134357326
0.9995936717602396 -0.01356028508588424 -0.025072096946046014 -0.34982679774000786 0.013694887637316633 0.9998926747016149 0.005204721957196039 0.06623362547167422 0.0249988285622278 -0.005545966682192739 0.9996720966517353 26.173217817314747
0.9995810559160098 -0.013323962921752005 -0.025694058961066305 -0.3756797042264871 0.01343207632581155 0.9999016251466254 0.004039722108648489 0.06640160355296455 0.025637706204193596 -0.004383154252055051 0.9996616907631252 27.014852058098764
0.9995774042806488 -0.011694671824937726 -0.02661291984107582 -0.4033760707221979 0.011738575920401116 0.9999299843064442 0.0014940951359086719 0.07128220170992244 0.026593583566745915 -0.0018058615177179512 0.9996446969685066 27.842482186637348
0.9995655691120837 -0.011325053392909961 -0.027210590057621015 -0.43142034256917633 0.011317637435702466 0.99993586251765 -0.0004265371699446583 0.07747313041750606 0.027213675395105146 0.00011839227633950509 0.9996296323412781 28.668196905110918
0.9995617197928569 -0.009759620663097695 -0.027948490643656895 -0.46274408923126314 0.009734439102719318 0.9999520815996049 -0.0010369184985192512 0.08195814366244936 0.02795727132789589 0.0007644011574813312 0.9996088268271589 29.475242867276897
0.9995244571453756 -0.009960309138067433 -0.029183074034726857 -0.4880509536002146 0.009917600118908321 0.9999495267102694 -0.001607868088396483 0.08229385340911298 0.029197615932189534 0.00131767741969895 0.9995727902209494 30.28338481441413
0.9994685168517562 -0.008948718707619593 -0.031346519035494805 -0.5102852169212725 0.00886194292582898 0.9999565092877448 -0.002906114355564376 0.0883291929294123 0.03137116175295535 0.0026267787421415576 0.999504352288528 31.142534873300136
0.9994023946150755 -0.008792446329769728 -0.033429725173729656 -0.5362908436251843 0.00869438403617353 0.9999574670528206 -0.0030776243335779857 0.08862668182007966 0.0334553631557708 0.0027851342598193213 0.9994363319908228 31.94362615471757
0.9993377386550285 -0.00842592058640268 -0.03539898250127388 -0.5673413794687033 0.008362021753782626 0.9999631309638666 -0.0019527685808581748 0.08667035655211418 0.03541413124789488 0.0016554682759739752 0.9993713517670717 32.736635925479646
0.9992444802336845 -0.00840841143425981 -0.03794426622911366 -0.5865742246650961 0.008422439665102453 0.9999645086026578 0.0002098693230277497 0.09180979669904614 0.03794115486646862 -0.0005292940555571534 0.999279834988779 33.532415442239696
0.9991679883063572 -0.007276211296957246 -0.04012963858533114 -0.6138709166299974 0.007341743150997512 0.9999719451000096 0.0014858736178340445 0.09382049337069241 0.04011770122193004 -0.0017792588528445915 0.9991933768228263 34.30935050150413
0.9991045362286489 -0.005579988385754585 -0.041940307783220644 -0.6503275723886522 0.005656160418471731 0.9999825625833977 0.0016977568912372278 0.09085286197421688 0.04193010298886646 -0.0019334577202705376 0.9991186757360644 35.0759880103085
0.9990343529390117 -0.0030179493820270365 -0.043832107287441364 -0.687077026653803 0.0030804761577030233 0.9999943318334935 0.0013590318342857558 0.08039636631121203 0.0438277573504745 -0.0014927432506300323 0.99903798696707 35.8302887386468
0.9989515843472022 -0.0015498051817400423 -0.045752925962317344 -0.7222832961607458 0.0015767932780042246 0.9999986035235074 0.0005537815395165898 0.08272887275985685 0.04575200381593227 -0.0006253438523887371 0.9989526330571902 36.57988775662638
0.998880866866095 -0.001272804557251895 -0.047279951114586174 -0.7555951280003824 0.0013491727574909827 0.9999978363541103 0.0015833571828307374 0.08571514975251876 0.04727783351327621 -0.00164537401736393 0.9988804228748474 37.32775853015653
0.9988398707390284 0.00012202212232936255 -0.04815493466554311 -0.8216186564224272 4.550245673346257e-05 0.9999939515574556 0.003477754740000906 0.06472686134823928 0.048155067766201876 -0.00347591126279567 0.9988338237611528 38.06997836571177
0.9988238053590252 0.002891602509982793 -0.048400872750814034 -0.8584426300177337 -0.0026946469417806086 0.9999878243370653 0.004134012032118949 0.062454433922394165 0.04841223735767005 -0.003998726365583552 0.9988194358649004 38.77944910927598
0.9988399448869452 0.005971812144174591 -0.047781816185228365 -0.8885060721172994 -0.005874307258796587 0.9999803681391206 0.0021807912734013303 0.06027632674831935 0.04779390141507086 -0.0018975763656787447 0.9988554160595331 39.473235103861995
0.9988982801655792 0.0076265127823842765 -0.04630401910232142 -0.9174859485937092 -0.007681108249138835 0.9999699985884096 -0.0010012488007290112 0.05975716823867354 0.046294993879608934 0.0013558118881611813 0.998926891877384 40.161476619158144
0.9989718861594111 0.008353571753635575 -0.04455769857236093 -0.9349074316033995 -0.008494966802839041 0.9999594621594663 -0.002984891416727263 0.06501353592187281 0.044530957794855205 0.0033603387787321855 0.9990023533111245 40.84556289724446
0.9990726033172737 0.009401747619437892 -0.04201833459986145 -0.9517289690601997 -0.009513868435841285 0.9999516935020313 -0.002469204285852923 0.07105042983933464 0.04199309000575002 0.0028666712612654887 0.9991137886085092 41.52539683985064
0.9991126905434442 0.014027152902125205 -0.039712347909689964 -0.9673501200550567 -0.01403150712359969 0.9999015392610211 0.00016908956531030395 0.0707963540657152 0.03971080964775495 0.00038828456204968476 0.9992111392654801 42.20096947573126
0.9991554572696045 0.018283555715731713 -0.03679787763930342 -0.9824216286180407 -0.01816277647362048 0.999828512011048 0.0036138788777103042 0.07345732590635749 0.03685764180107988 -0.002942475176309299 0.9993161942451949 42.86872402817218
0.999183092072784 0.023318738636914374 -0.03300583197336263 -0.9980259982290886 -0.02318444414792812 0.9997213196113371 0.0044457467447194384 0.07768098228401125 0.03310030310166618 -0.003676893111018956 0.9994452713338675 43.510025156185165
0.9992446505315331 0.026819984126012407 -0.028121465744067074 -1.014090658294648 -0.026703916337127955 0.9996332811206378 0.004494900248901535 0.08418387465639517 0.028231706224986934 -0.0037405517598807386 0.9995944072653457 44.12434547443606
0.9992836681847478 0.0303913586299828 -0.02255029533861488 -1.0255708889044464 -0.03024648109329878 0.9995197580709028 0.006738219895241554 0.07998282188892462 0.022744249398643727 -0.006051326012344708 0.9997230019224248 44.72174758345795
0.9992644046790838 0.03505117692254769 -0.015558423368077052 -1.052707989009438 -0.03493629522939032 0.9993606785866459 0.007595351899914815 0.09466089000062082 0.015814702558092735 -0.0070462111225055414 0.9998501118126737 45.32935817141052
0.9992352900984708 0.03803673522184801 -0.009057692613899621 -1.0497167358454855 -0.03796828351730974 0.9992499440970766 0.0076130590920166575 0.08605882316693572 0.00934047475099902 -0.007263332269170883 0.999929997317699 45.82467696231926
0.9991194753337101 0.041936369560244165 -0.0012707938457200561 -1.0660937753774387 -0.041925988450865974 0.9990939161559936 0.007318346295323559 0.09803641473950142 0.0015765472747579189 -0.007258623022794985 0.9999724130647322 46.394211874518064
0.9989308045582015 0.04585967521497821 0.005842764232867059 -1.0508285187793527 -0.04589815208175185 0.9989241170597368 0.006630836440862538 0.10401073894830995 -0.00553239009692334 -0.006891918862102608 0.9999609462945108 46.90217827679474
0.998661756653845 0.05021261224990441 0.012385046148363766 -1.0306765140238272 -0.05026197638522896 0.9987291882218254 0.003707064016760079 0.10863606462264196 -0.012183165717786043 -0.00432459996004491 0.9999164306622221 47.43160414856986
0.9984266362637014 0.05228259268915871 0.020267770001901695 -1.0187134796738166 -0.05229961545183813 0.9986313903948508 0.0003103894923332916 0.1183558243171013 -0.02022380336979948 -0.0013698977139276855 0.9997945394717422 47.89373126995712
0.9981994847216458 0.05300727834896329 0.028071643049104596 -1.002385002208867 -0.05302967750486391 0.9985929353028287 5.3544475549676665e-05 0.12273240845315854 -0.028029306184259094 -0.0015420782458290493 0.9996059123422154 48.3636453947423
0.9979262322927365 0.052275813859007654 0.037556280265780596 -1.0586608913940796 -0.052404246638837325 0.9986229656115325 0.0024428441300974896 0.09723125513939018 -0.03737686231132015 -0.004405886812711881 0.9992915281964289 48.637304024376526
0.997624629000367 0.05384167285993321 0.042967125520844626 -0.9418831136067778 -0.05398364082565298 0.9985395058442952 0.002149835211769298 0.12095612359656675 -0.042788621560959146 -0.004464250426981295 0.9990741735892477 49.17027387221773
0.9970197437733794 0.056872448992882 0.05212633760026656 -0.9425381179134047 -0.05707967673002443 0.99836651046146 0.0024942520729606833 0.11755755518849804 -0.05189933554931927 -0.005462173062032814 0.9986373834555662 49.50151016727652
0.9963089301503633 0.06175234962628357 0.059625187783955126 -0.8809543881627422 -0.06197165472877598 0.9980762245108418 0.0018341418595804113 0.115974304071837 -0.05939721973978289 -0.005522443464348255 0.9982191507406413 49.86294288451472
0.9955524537725141 0.06531637254193458 0.06789022952891895 -0.8353443003295944 -0.06556481027331364 0.9978472806798803 0.001435302613637758 0.1233086146541836 -0.0676503321599419 -0.00588012905738846 0.9976917643445384 50.1939829623594
0.9947800572889506 0.065408980154683 0.07832179093532275 -0.8307934325765212 -0.06587525894784904 0.9978221354268565 0.003381761485073636 0.06556706548799689 -0.0779300191116745 -0.0085235771429828 0.9969223945493157 50.59221522103384
0.9940175528898493 0.06420338107728432 0.0883574015299266 -0.7781236028736462 -0.06458367760826755 0.99791124298273 0.001449039424580798 0.0669377552957246 -0.08807981115708087 -0.007146816557575746 0.9960877822158172 50.87975609066941
0.9929940285212573 0.06273044217584213 0.1001386585967065 -0.739039038921004 -0.06273383066107828 0.9980254220426878 -0.0031182442338512193 0.06625095916788086 -0.10013653584836839 -0.0031856837473482114 0.9949686053375505 51.162184348281755
0.9914155929097821 0.06381287970058343 0.11411852838020696 -0.7255927046868236 -0.0634513428166182 0.9979617569804135 -0.006801374812061153 0.055492591252211745 -0.11431994239901115 -0.0004979848240792177 0.9934438599040218 51.43702275259193
0.9893751213804415 0.06540641171755532 0.12984171324990448 -0.6968863660211846 -0.06474469632880517 0.9978583793416613 -0.009315528698036885 0.06049871180828866 -0.1301729368598849 0.0008099900411663649 0.9914909734462567 51.72489676747072
0.9869612249869595 0.06709208061980342 0.146308554399072 -0.6567883715567039 -0.06621662159175906 0.997746264728618 -0.010851278499063288 0.06283828059426713 -0.146706848501405 0.0010217329378295092 0.9891794865769253 52.0133256695056
0.9842337515679547 0.06774676245589828 0.16338389899624067 -0.6024864739414617 -0.06671297420836715 0.9977022846328876 -0.011812294890932003 0.04983011736233428 -0.16380873403681326 0.000726233475330318 0.986491850568567 52.28083740422
0.9811153780500528 0.06720682456727904 0.18137215245258878 -0.5369247863243926 -0.06595463461740844 0.9977388007512471 -0.01293335408729762 0.04502481749389198 -0.1818312435369298 0.0007267785400308049 0.9833294822523971 52.52995327642161
0.9775341829074157 0.06586613387288258 0.2002213116932631 -0.4524067386398555 -0.06449532843950591 0.9978284563755561 -0.013368779175950252 0.04393579961587427 -0.2006670721792979 0.00015509936998651656 0.979659482722019 52.762846026887146
0.9732727117138819 0.06591473303003292 0.2199897193113498 -0.3704870224808726 -0.06425737330259927 0.9978252463317998 -0.014689035337064994 0.04240501124438905 -0.22047951970502247 0.00016047573844284594 0.9753915909203749 53.00826073264941
0.968167169795581 0.06812400496624042 0.24085566482309323 -0.27808567236781195 -0.0659630987227172 0.9976766793056688 -0.017032709018553596 0.03869800697711616 -0.2414564162264313 0.0006029236877933231 0.9704114774393979 53.28392268022148
0.9622111722141572 0.0695043926962413 0.263284635826294 -0.18781612482397375 -0.06682067182019737 0.9975813009865278 -0.019145384287714257 0.03335178916260211 -0.2639785178452123 0.0008290464121230704 0.9645282032155884 53.54641401080099
0.954989248755975 0.07080056354769193 0.28806737920463626 -0.10416357710341863 -0.0678344173590803 0.9974904760104729 -0.020279104762152715 0.022839318025270353 -0.2887802392513251 -0.00017455580625181023 0.9573953953034336 53.81424954775471
0.9466495063038738 0.07414191248172888 0.31362029435000494 0.0022183406466748266 -0.07105002216285905 0.9972454371693479 -0.0212939520891159 0.017857668497964718 -0.3143351818764316 -0.0021248196318703278 0.9493096852851775 54.065236690314556
0.9369810636863795 0.07631715729094453 0.34094307119542727 0.10994794500600955 -0.07304719804416296 0.9970760410067404 -0.02243825546297491 0.011576939714716102 -0.3416585915077181 -0.0038807155724325856 0.9398161239814988 54.31020688224883
0.9259853979770906 0.07705307901448764 0.36961312983658506 0.23636812874501073 -0.07344419589902564 0.9970141394624797 -0.023848601649498806 -0.0007016097323343939 -0.37034712476534054 -0.005062482224961893 0.9288796361487139 54.56684974547279
0.9135748163989595 0.07519753750646321 0.3996578351472311 0.37613410329650854 -0.07067822980808859 0.9971587642958396 -0.026057371686133583 -0.009153259855798714 -0.4004817632212512 -0.004441749763140244 0.9162939638490692 54.80592954366546
0.8990323696408589 0.07251890121179357 0.43183539376129915 0.5180036021157056 -0.06665024000157635 0.9973626691990816 -0.028730673431293204 -0.019919404863573957 -0.43278001784471803 -0.002952127219052617 0.901494726051799 55.02598015798222
0.8821099717666707 0.07180183459509995 0.465538928832575 0.690114994376247 -0.06367585341277927 0.9974188472988659 -0.033181753195936234 -0.02853510637849713 -0.4667198125234857 -0.0003736332154493835 0.8844051543247939 55.259809804038426
0.8631017518936515 0.07337540329583918 0.4996713080308722 0.8610944681120352 -0.06267426418935348 0.997303032464399 -0.038191596531660515 -0.042750362119291556 -0.5011260345326641 0.0016467023067250016 0.8653727439000377 55.47743222769574
0.8415115582483341 0.07564063238391247 0.5349175563271619 1.0625834845096507 -0.0622719659063487 0.9971309107692412 -0.043036601290785514 -0.04578826309867875 -0.5366381458642491 0.0029054295836088125 0.8438074773799505 55.731372538725324
0.8173422889076716 0.07886824468808225 0.5707288171653759 1.2856688733808084 -0.0632736436301829 0.9968821106109155 -0.047143436082736245 -0.04893314137988403 -0.5726674678947015 0.0024202321680383636 0.8197841872659681 55.984987445195095
0.7903439648711577 0.08279634770681862 0.607042982002222 1.4941648272807684 -0.06593836752094616 0.9965663861015936 -0.0500756405958216 -0.063521742537851 -0.6091047109327025 -0.0004504429163088747 0.7930896848533387 56.21509686562489
0.7603469464453364 0.0866492152641083 0.6437114528462011 1.6863774327738594 -0.06896339427854611 0.9962293158820452 -0.05264219245789415 -0.08708971741428215 -0.6458456249606671 -0.004366196434700774 0.7634555422864249 56.43804989209668
0.7276771701192578 0.08773645100986571 0.680285418961352 1.9660980711916989 -0.06831923659573462 0.9961246176250822 -0.05539158846124381 -0.10398929964402766 -0.6825089142261842 -0.0061693861507606355 0.7308512301941607 56.688131614964455
0.6911745701146781 0.08546412358735817 0.7176166087864987 2.256807653908528 -0.06452964049751143 0.9963148436352127 -0.056503609171482616 -0.12131288390130261 -0.7198011108105155 -0.007253684001008775 0.6941424529189679 56.93243340271048
0.6525530592866109 0.08432220418061184 0.7530366994362281 2.5880103645576242 -0.06142301608013241 0.996404969538939 -0.058346806028486964 -0.13480718632872354 -0.7552494408546786 -0.008179398524909634 0.655386435264315 57.165187865277105
0.6103451278497782 0.0834848233935016 0.7877240057107526 2.900372025592958 -0.05890301984389858 0.9964608772690011 -0.05996794414986956 -0.16549467275205457 -0.7899425670030115 -0.009798180200855234 0.6131025497430624 57.385322401209585
0.5649657130705557 0.08324793148993254 0.8209040899869645 3.2633056214539855 -0.054752987272627986 0.9964869115546678 -0.06337148794973138 -0.18236108635063455 -0.8232957266009597 -0.009144233313242389 0.5675390114852996 57.58941724901236
0.5172125735491104 0.08204910201742746 0.8519149597353248 3.6565663587470714 -0.05104950979262519 0.9965793466083875 -0.06498887184381591 -0.20635545659129426 -0.8543331325148515 -0.009876779421099002 0.5196319350421298 57.79245256451716
0.46905729666191487 0.0801309991817458 0.8795250283069559 4.069050564711933 -0.04836291423352998 0.9967116176159029 -0.06501522772651333 -0.22368527352470052 -0.8818425488572531 -0.012040526550995207 0.4713902255513135 57.97480164935685
0.41979980054152755 0.07816848175628996 0.9042443341958026 4.51465364036645 -0.047680647727069404 0.9968079885309532 -0.06403428638785727 -0.24414504820644978 -0.9063634388575154 -0.01623337490454695 0.42218691860547697 58.15063582277144
0.3701048820623104 0.07811919380966477 0.9256996099341143 4.967019831483778 -0.05008981636868919 0.9966866822233302 -0.06408328779643946 -0.2623662387511609 -0.9276386077399938 -0.02265058580210068 0.37279158305013727 58.30528049502667
0.321099309120514 0.07848983058559887 0.9437873596191956 5.447891386555712 -0.04756836505142037 0.9966384457234019 -0.06670126799676683 -0.28513696451872095 -0.9458501384091793 -0.02347669058205796 0.32375354927884714 58.43899762617893
0.27395048014740964 0.07518549320134263 0.9588004359818966 5.953953012142129 -0.03631420653861678 0.9970372804627537 -0.06780810991988202 -0.31835234255009753 -0.96105796538527 -0.016242012791122373 0.27586914323646017 58.55087361313563
0.2304403114628233 0.06883753850408614 0.9706485749979831 6.463018103393871 -0.022254404558828544 0.9976066085526505 -0.06546599155142196 -0.3577826764658335 -0.97283195071433 -0.006515202589123317 0.23142071602294745 58.618276490502296
0.18829495888049064 0.06776162405716436 0.9797721014426417 6.995851367404368 -0.0130673099618778 0.9977014995012291 -0.06649032488534766 -0.3886216081578754 -0.9820255871771136 -0.0002831927513143621 0.18874762496866304 58.68979136314263
0.15004477564053642 0.06936838722631378 0.9862426639304354 7.528652858245154 -0.009384681775117172 0.9975905506806148 -0.0687387877455492 -0.41108200436392023 -0.98863466106088 0.0010583224310524392 0.15033425059736405 58.74267225873482
0.11780620424066224 0.0699917669427464 0.9905669340345656 8.086788018551449 -0.00028836675304791024 0.997515380589125 -0.07044843740459253 -0.4434504967995406 -0.9930365628147954 0.008013616434876756 0.11753368395745767 58.775710680986826
0.0894590569689192 0.06838949128877464 0.9936397509195645 8.644087817917773 0.00778869845067631 0.9975612460647361 -0.06936062662790478 -0.47274329487699346 -0.9959600460373277 0.01394409663742327 0.08870822321684779 58.78929386008325
0.06511751615252614 0.06657143006488776 0.9956545353631656 9.192462136593374 0.015548348531637902 0.9975833890317779 -0.06771728572389234 -0.5036792836768729 -0.997756462243199 0.01989036517986328 0.06392507665187008 58.7874210256433
0.04495101636889909 0.06562662522861212 0.9968312556237924 9.873281591795713 0.020145802337698183 0.9975774109113043 -0.06658420148705824 -0.527187321512967 -0.9987860395377849 0.023074992970791245 0.04352001750717216 58.829314203085694
0.029179250945013946 0.06732679506560187 0.9973042033303993 10.482058907084538 0.022811685092826293 0.9974243378924283 -0.06800233233556466 -0.5604828645681957 -0.9993138637772988 0.024734446548190753 0.027568257406681784 58.83593002816471
0.01604190548112494 0.06695431517235519 0.9976270730830915 11.101619208146767 0.023967542050562125 0.9974430225297829 -0.06732736245172183 -0.5968024833526623 -0.9995840205788554 0.02499072800964218 0.014396156325870435 58.83528778510744
0.00444623072123318 0.06745944242716334 0.9977121101098203 11.734532659992373 0.024246295423474964 0.997421378813002 -0.06754783671597153 -0.6434785102053137 -0.9996961279261872 0.024491155836060687 0.0027991240063012235 58.824575443650936
-0.004419483973045812 0.07033122287863676 0.9975139032864693 12.369699152260043 0.029296210876283188 0.9971045797695444 -0.07017256608456543 -0.6826681686577403 -0.9995610037359922 0.028913251131546528 -0.006467126046381555 58.80820058374795
-0.010220006789209535 0.07257351600228694 0.9973107019561631 13.029946136116148 0.034566941465590126 0.9967923293645196 -0.07218156743774373 -0.7079992527943214 -0.9993501278425612 0.03373628454825577 -0.012695868853140668 58.77279811630678
-0.014259006388954276 0.0717170251607184 0.9973230916001581 13.708565912458017 0.03501821871371146 0.9968484412232982 -0.0711822280404265 -0.7500462642949546 -0.9992849468969894 0.0339094903054808 -0.0167254707647968 58.73246744593126
-0.01756991837144639 0.06893602359814673 0.9974663516223975 14.38135848505403 0.03217740961093172 0.9971425783120956 -0.068346856751694 -0.790493659296647 -0.9993277301662108 0.030895034675203343 -0.01973789637390344 58.724465915911686
-0.020029341295445757 0.06199166279661298 0.9978756732333853 15.076990287053233 0.029812911459178658 0.9976691002880821 -0.06138042554997428 -0.8314570677788794 -0.9993547997571224 0.028520169601175087 -0.02183080686375294 58.710973315175245
-0.020659598689194203 0.05616053230025043 0.9982079821328591 15.787836784046048 0.031157522568248972 0.9979722895862768 -0.05550241440994755 -0.87138806485838 -0.9993009505496384 0.029955030123119977 -0.02236753005837855 58.68383923464081
-0.020712021856873486 0.05344957191146956 0.9983557258878628 16.506530779303525 0.033923462367309136 0.9980325171649895 -0.052728487388968404 -0.9075164426206638 -0.9992097932124238 0.03277556931306432 -0.022484465850679314 58.65437579454209
-0.01990388007817545 0.05562948754790135 0.9982530719577035 17.23077361119586 0.03716436704897664 0.9978019962117416 -0.05486334092736817 -0.9463976203625617 -0.9991109274648552 0.0360074502154982 -0.021927565968339113 58.61761444767149
-0.018673955997375646 0.0629096953085082 0.9978445037196924 17.944380966408467 0.038496421983011404 0.997323720687868 -0.06215642885344518 -0.9806032848247077 -0.9990842351182979 0.03725273667125862 -0.021045777452683323 58.59338314346751
-0.016151643131785853 0.07077546119851533 0.997361498412828 18.693291782822442 0.03923365822957027 0.996768273208218 -0.0700979998818267 -1.020898020041983 -0.9990995168080452 0.037997942281717774 -0.018876225689648196 58.58177147273516
-0.013285281195782428 0.0715324041648219 0.9973497964395188 19.439941735238286 0.04075198852716196 0.9966478329254913 -0.07093921733430662 -1.0513607074170117 -0.9990809660556201 0.0397015400119756 -0.016155834427427296 58.56035610380477
-0.01169998709113651 0.06706918507585584 0.9976797255208347 20.196767841975735 0.03954145580519291 0.9969986364919947 -0.06655968829486379 -1.1000422949499855 -0.9991494300528193 0.03867096128057911 -0.014316884394404372 58.55831902648571
-0.00880084332723019 0.06039737718143139 0.9981356130237683 20.980671259338887 0.03886569920543769 0.9974406953480041 -0.06001263774375107 -1.153740848664884 -0.9992056858234957 0.03826507667958037 -0.0111257055822922 58.54573107915734
-0.005497608005527566 0.058420268563644004 0.9982769397953505 21.73728664107646 0.0369246751745049 0.9976230812875585 -0.058178656271650045 -1.2013844642728566 -0.9993029293810138 0.03654120828967224 -0.007641690078505459 58.53986120803885
-0.0018525426191446925 0.06357765370703267 0.9979751750594567 22.482386227243165 0.044313229266821304 0.9970017771411593 -0.06343338308269697 -1.2463906994087894 -0.9990159687401351 0.0441059896893686 -0.004664319428483221 58.52920818787562
0.0029605769662700565 0.0691319950871204 0.9976031286234528 23.23540203988408 0.04685195436579218 0.9965023732968717 -0.06919475692426216 -1.2812664523966624 -0.9988974568773977 0.046944512660974144 -0.00028874710582171836 58.49956793317112
0.003918147145390183 0.06935187628983504 0.9975845655271672 24.006030476903934 0.04012178250120699 0.9967780440402889 -0.06945339076057919 -1.3363509817271708 -0.9991871149548884 0.040296999569388314 0.0011230021512926847 58.55650787993291
0.005360860446862681 0.0658592572808833 0.9978145215448009 24.79730916740793 0.03436972905290504 0.9972271769816397 -0.0660051453604895 -1.392687288501203 -0.9993948083215659 0.034648459123601365 0.0030824309012478235 58.62513405073326
0.00974339760462728 0.062032746074479825 0.9980265550663358 25.577969573029517 0.03870874015550542 0.997302441847915 -0.06236563893491054 -1.4430990253182758 -0.9992030322405413 0.03924000380536648 0.007315904774060411 58.643252499465866
0.013796697603609465 0.06288562083153253 0.99792537287508 26.347034717174527 0.04329760408710216 0.9970466878817773 -0.06342885513939417 -1.492519267957013 -0.9989669507123603 0.04408288643692038 0.011033154935849887 58.64509331748349
0.01679071345164329 0.06755731093238893 0.9975740983412558 27.102620519986534 0.04329460262203636 0.9967298536140463 -0.06822885238901273 -1.5315037145270927 -0.9989212428042488 0.04433518528331928 0.013810938429700714 58.65566613881318
0.020425035501337008 0.06859805951920599 0.9974352731656171 27.886758750055655 0.039629186576689686 0.9968038252688595 -0.06936614088039698 -1.5735865433174496 -0.999005678410308 0.040944354428524544 0.017641268219499517 58.69112154437362
0.024261715739834155 0.06789662417267557 0.997397321820805 28.65871687416866 0.038834359593614254 0.9968739519010827 -0.06880564319931681 -1.6245530222572608 -0.9989510807163251 0.04040262920989523 0.021549150531155026 58.711110917615684
0.027248958583533156 0.06539084307399257 0.9974876098970781 29.43349443772009 0.042673414477446305 0.9968723933224422 -0.06651624710115756 -1.6588028059707778 -0.9987174144636455 0.04437870067564679 0.024373284009184593 58.74614861424891
0.03126828624091116 0.066058630259064 0.9973256998813641 30.20683086336312 0.04724050197260923 0.996600824964631 -0.06749170803285981 -1.7044206931049448 -0.998394025046691 0.049224516738238924 0.0280413570098611 58.760089793744385
0.03438835344113911 0.06724247164175709 0.9971438668292127 30.973662294788557 0.04985416662615625 0.9963764196075742 -0.06891003207082899 -1.7458782281105485 -0.9981643167422981 0.052081479025645236 0.030911427092299215 58.79317554717292
0.036835581721931576 0.0674133037969185 0.9970449269668802 31.753737409229192 0.05003746683617938 0.9963461147653065 -0.06921467694569389 -1.7871811527086436 -0.9980678292740555 0.05243916535627635 0.03332779778071082 58.829564584006285
0.03968348537715127 0.06566296063230384 0.9970524542817807 32.53094652570507 0.051612207146755046 0.9963717352458216 -0.0676723376031214 -1.8425000963004667 -0.9978784500437727 0.05414555202628289 0.03615049285981076 58.87753000484804
0.04276179579197947 0.06506471619216701 0.9969643983249744 33.300693760135346 0.054201459671368024 0.9962565322101772 -0.0673433277915879 -1.8847999757412548 -0.9976139687224406 0.056916647260577005 0.039075115796078475 58.91831241702589
0.04453699507183018 0.06476127931862921 0.9969064313018482 34.383147526719114 0.05007069127256965 0.996497729216092 -0.06697164730435708 -1.983097505694085 -0.9977521645907159 0.052898510075300505 0.04113837243200724 58.8760025397467
0.04818332505114853 0.06658399034798874 0.996616746506075 35.16168700037205 0.04724142402233032 0.996507129779001 -0.06886064301151669 -2.0283182505592627 -0.9977207099400902 0.050399529054903795 0.044869504428800555 58.9045122239723
0.0508706196099169 0.06666350773931445 0.9964778757184696 35.93594738161853 0.04909290744476623 0.9963966018615884 -0.06916428440531282 -2.07559370913965 -0.997497903004875 0.05243842612597887 0.047414607098525074 58.946312451212
0.053729767990670196 0.06640780449601778 0.9963448778077236 36.70776212332835 0.04667562642674347 0.996528504447387 -0.06893711425295668 -2.1256335327241875 -0.9974640334013753 0.05020899646351036 0.05044361946557141 58.98699957003311
0.055720928059996844 0.06666332133522221 0.9962184397835095 37.49151836570057 0.045033385810456204 0.9965853834066787 -0.06920670301791461 -2.176082852537017 -0.9974302844502867 0.04871935107039232 0.05252858738535249 59.04454744130072
0.05839579819566154 0.06677028454658981 0.9960580604837547 38.26138436951203 0.04228638859392356 0.9966997650996319 -0.06929242086997942 -2.223945598172545 -0.9973975095681638 0.04616608443333803 0.055379604145557426 59.096899732740866
0.061825524923649455 0.06835676986968371 0.9957434189995427 39.0511827181912 0.04069845723981273 0.9966495422302266 -0.07094593399609886 -2.282829479786733 -0.9972568576080161 0.04491149057048522 0.05883636603770559 59.14932357400819
0.0653102329798173 0.07210894440432661 0.9952561849117122 39.82312319868063 0.04054912864954845 0.9963699940423764 -0.07485053866043542 -2.327252940839322 -0.9970407923620201 0.04524527719982166 0.062149201581572555 59.19223926938073
0.0683894358225503 0.07409840562821819 0.9949031668213895 40.58216794759002 0.04042776776051122 0.996213055102487 -0.07697495980688297 -2.3788164193797074 -0.996839245145262 0.04548598824610851 0.06513481566335655 59.241481606736194
0.07116274213644536 0.07640621708183153 0.994534038694939 41.37283226971719 0.03414539012732659 0.9962908978286328 -0.0789844240142913 -2.434262673375715 -0.9968801113798363 0.039579500945069096 0.06828987216465432 59.30843546068144
0.07365253812393724 0.07584962844199762 0.9943953627673016 42.17494360856129 0.03067946399015276 0.9964592835388141 -0.07827941452636321 -2.4844391650176463 -0.9968119552439062 0.03627299428671678 0.07106472942534092 59.38135431905247
0.07732960470971706 0.07643534875950679 0.9940713101661529 42.96439167834565 0.03280239624343745 0.9963220741503829 -0.0791601374516719 -2.5398998473829 -0.996465822312099 0.03872934314820782 0.07453792956059979 59.44142002948022
0.08100275971334892 0.07746338620846509 0.9936991379265355 43.76821132307448 0.03149958657737922 0.9962783613058136 -0.0802321808207712 -2.6045009598627407 -0.9962160051737152 0.03780014009128689 0.07826123206801328 59.51298641384027
0.08482118891205848 0.07853101190862384 0.993296655627186 44.57327308125265 0.027663739870012378 0.996319360419584 -0.08113229658721258 -2.6563079613891016 -0.9960120899908542 0.03436003815071686 0.0823365312017218 59.588683503970216
0.0889580916390752 0.07647899482422105 0.9930948702327542 45.378534495654826 0.026313697261565096 0.9965193473251336 -0.07909980874260424 -2.716060939691453 -0.9956877257797049 0.033168565802075875 0.08663601430278733 59.666514972915046
0.09366365089764817 0.0761729206627658 0.9926856534967289 46.17176668038926 0.026580297882496426 0.9965221500905858 -0.0789752628568828 -2.7800772644396683 -0.9952490182185569 0.03378299182340076 0.09131320385606234 59.740471417861286
0.09843604488192392 0.079815182467121 0.9919374384081612 47.00382547665959 0.022709909082128835 0.9963386546783747 -0.08242296538688697 -2.8435299635294475 -0.994884216930536 0.030640199761533992 0.09626304099231431 59.835714375510655
0.10452476446259162 0.08831117132345244 0.9905936152800098 47.82396832238915 0.020588886809269034 0.9956440745368503 -0.09093390225660548 -2.9070231532498894 -0.9943091427488713 0.029900064534020748 0.10225123366916677 59.92922936254346
0.11201146042089083 0.09321189305356797 0.9893255155547892 48.63169669767634 0.01920902007233386 0.9952017167097923 -0.0959403804752878 -2.967260569982954 -0.9935212359493076 0.029750395816736896 0.1096834885773953 60.02278995534904
0.11888606973259075 0.09611041824736773 0.9882453591734461 49.47258787616535 0.01530087149221432 0.9950086303637448 -0.09860886792395197 -3.037264343823541 -0.9927900008335682 0.02684423599174887 0.11682209225528783 60.141816898092685
0.12558189703527256 0.094431392755803 0.9875788065765797 50.32485342699633 0.01037931520247161 0.9952800648074493 -0.09648762828884962 -3.1164792235274335 -0.992028959735022 0.022367491121687025 0.12400902542948755 60.27517651371811
0.1332615687890032 0.09293616726576558 0.9867138506668707 51.14864507982178 0.010943158414666185 0.9953949764771527 -0.09523175987011959 -3.180412760706061 -0.9910204849385331 0.023488499696622613 0.13163088092919706 60.383856862351614
0.14118697745523623 0.0898767397724132 0.9858947251329307 52.00035505494478 0.010933255332078078 0.9956681185852102 -0.09233342602130234 -3.2457584711682927 -0.9899225733990001 0.023815316098461627 0.139592726867241 60.500058604814484
0.14841729009191074 0.08441414334785297 0.9853154623797505 52.83765138085128 0.00905442626448096 0.9961924600270283 -0.08670986074443132 -3.313710707091137 -0.9888833729853054 0.021790708757305852 0.14708786369058313 60.64267785849397
0.15544647678493995 0.07713228617781939 0.984828413117804 53.67424404828809 0.006988660431250631 0.9968361677091384 -0.07917583831154049 -3.3749605986290088 -0.9878195946024384 0.01919023647435078 0.15441561884580424 60.78959996975734
0.16298956313537039 0.07446021158117937 0.9838140470638885 54.509924586089625 0.006313581618170701 0.9970489873007536 -0.07650787939612728 -3.4444178349116017 -0.986607592204769 0.01868137612242908 0.1620384682415893 60.92892934539848
0.17046381131116606 0.07600800294311207 0.9824280495394414 55.3277603071762 0.006437998353170858 0.9969133122850015 -0.07824576644235602 -3.512193743181186 -0.9853429053940947 0.019662941731771136 0.16944830336116457 61.069637790966986
