1.0 0.0 0.0 0.0 0.0 1.0 0.0 0.0 0.0 0.0 1.0 0.0
0.9999998145280766 -0.0006069918467361616 5.0047082063315545e-05 0.0002053303426983624 0.0006069129047132264 0.9999985950239219 0.0015625642093549791 -0.00896992444961464 -5.0995475483442674e-05 -0.0015625335453232424 0.9999987779434439 1.3760449216827706
0.9999978096710516 -0.0020929444271015098 -1.538584835947477e-05 -0.012061105376936956 0.002092963181165901 0.9999969102563939 0.0013412616403821968 -0.010161610144482223 1.2578614745625231e-05 -0.0013412909045921258 0.9999991003898392 2.7508589010467905
0.9999943029257794 -0.0033747988424985362 -6.963301845951616e-05 -0.002699832738941053 0.0033748053805812413 0.999994300910971 9.399054033787652e-05 -0.01582540979574856 6.931542244800652e-05 -9.422500275215548e-05 0.9999999931585105 4.125981122155671
0.9999940734376641 -0.0032550749718755216 0.0011214171726558492 -0.04229671643330267 0.003255546993213259 0.9999946127664016 -0.0004193470514495253 -0.00761616996487539 -0.0011200461252278756 0.00042299539246766195 0.9999992832855308 5.450236243942797
0.9999911161600535 -0.003795877434829215 0.00183273442430165 -0.057258629866444845 0.0037950721528075965 0.999992700710345 0.0004426662235183384 -0.018050705015340437 -0.0018344013533712405 -0.00043570693156529995 0.9999982225639926 6.762339692664885
0.9999827243041004 -0.005599700746461583 0.0017873010098193296 -0.05469827414662158 0.005597003563765439 0.9999831957801774 0.0015105324791642506 -0.02848405803489349 -0.001795729505471402 -0.0015005028535430137 0.9999972619196164 8.153585099200203
0.9999811370417812 -0.005889446010447765 0.0017435556534125959 -0.05178973587271796 0.005885342056180315 0.9999799207880747 0.0023496317918929015 -0.04869005472177528 -0.0017573586737719125 -0.0023393260494722614 0.9999957196129021 9.482948692868188
0.9999871280499201 -0.004865182969120361 0.001440044842946371 -0.05520337852245961 0.004864486203982383 0.999988049751852 0.00048695734804917845 -0.058388902478972333 -0.0014423967706495703 -0.0004799460016868747 0.9999988445710283 10.84124563520726
0.9999970987297516 -0.002238048781641769 0.0008908814345611578 -0.04048468947527668 0.002239576004430019 0.9999960181099254 -0.001716992607442096 -0.07037324232065686 -0.0008870351739560423 0.0017189828226661628 0.9999981291315777 12.210366706502244
0.9999993501700906 0.0008397455976914774 0.0007710296543138475 -0.029308436016562054 -0.0008376934288963419 0.9999961164552209 -0.002658071518108865 -0.09200308560727259 -0.00077325876384134 0.002657423904339588 0.9999961700772042 13.581302951426503
0.9999951380385715 0.002933184323664031 0.0010584559233054835 -0.03779410239600473 -0.002930380181333471 0.9999922185083865 -0.002641172972064961 -0.11140535317543931 -0.001066194734097339 0.0026380584525233755 0.9999959519300016 14.971730849311056
0.9999935279201011 0.0035078277264498094 0.0007995389618689122 -0.015773584862339596 -0.0035062636766007814 0.9999919532018502 -0.0019492682162569892 -0.12752459676090463 -0.0008063702252355467 0.001946452206017321 0.9999977805429717 16.3578838294336
0.9999990344803833 0.0007827094640853318 0.001148217834713019 -0.023395441346659246 -0.000783717966916201 0.9999993073338065 0.0008781332789831255 -0.15533462039221255 -0.0011475297161531537 -0.0008790323100752168 0.9999989552383284 17.6869987140415
0.9999919625101416 -0.003893910381012127 0.0009551843069499985 -0.08364142943960755 0.003891363840922399 0.9999889079294099 0.002653545854841393 -0.18126340041036346 -0.0009655063817288978 -0.002649807557320014 0.9999960231507603 19.28910609045658
0.9999791257894413 -0.006437261926668943 0.0005564568917170417 -0.08051292788971152 0.006437037587034018 0.9999792004442021 0.00040401247178019166 -0.19610404305182597 -0.0005590460517633633 -0.0004004221044112406 0.9999997635647973 20.64414729514755
0.999966901847408 -0.008132566146461953 0.00023786039942396502 -0.06922281142892185 0.008132977994008549 0.9999653335666948 -0.0017850304753051585 -0.19427711875291492 -0.0002233352752384228 0.0017869059074882667 0.9999983785430018 21.974721795061786
0.9999829636740144 -0.005712923036817054 0.0011978614736737998 -0.0913411426634916 0.005717194525020221 0.9999772004877243 -0.0035933537950948433 -0.2059711899236851 -0.0011773056093409948 0.003600140984607229 0.9999928264424666 23.369548918892676
0.9999929634664245 -0.0032922979221142613 0.0017982747370974717 -0.08674191961154842 0.003294773769650664 0.9999936261194795 -0.0013755675997178217 -0.22698121365272408 -0.0017937344967588757 0.0013814828289246352 0.9999974370075898 24.77277002405188
0.9999936592750746 -0.002706242930923153 0.002314661712871499 -0.09524258630428568 0.002701241493427088 0.9999940163065054 0.0021611676424653976 -0.25438930911488833 -0.002320496507300227 -0.002154901478833803 0.9999949858352172 26.169866241247117
0.9999814106350081 -0.005266319685041126 0.003073151703751145 -0.09389164207214387 0.0052535238235040345 0.99997755932948 0.004157081294893651 -0.27108778149568863 -0.0030949752592219176 -0.0041408591417032604 0.9999866371175734 27.563387604735873
0.9999539661512619 -0.009180397086408755 0.002790320357376995 -0.11373488405333551 0.009173840597962099 0.9999551498086764 0.0023535122244927043 -0.28340925250023513 -0.0028118013877436723 -0.0023278059290911335 0.9999933375240619 28.948421272722605
0.9999505233965392 -0.009468319386210077 0.0030498667164122035 -0.11878953909193722 0.009468417618617464 0.9999551733712768 -1.7771301590893396e-05 -0.2887975295478107 -0.00304956173680988 4.664783407936389e-05 0.9999953489877805 30.312819161341523
0.9999446170933289 -0.0097727545758842 0.0039058947854950024 -0.13395080504830773 0.009783631855034416 0.9999482872378148 -0.00277549957408506 -0.29248819673884663 -0.0038785685247238353 0.0028135596954969645 0.9999885202281269 31.698763658706962
0.9999620482109649 -0.007378497210546999 0.004632484932073009 -0.13390777461933093 0.007394619593294186 0.9999666288647457 -0.0034728601967788913 -0.3032832547369967 -0.004606705851517225 0.003506983859365702 0.9999832395222471 33.08190795049129
0.9999599984834003 -0.0077717416215925894 0.004427354203727273 -0.09614621995686641 0.007796265166221898 0.9999542121945886 -0.0055490326866645305 -0.3118795691977778 -0.004384025836603978 0.005583327544298447 0.9999748030680559 34.47901878359745
0.9999683750844726 -0.006545366241649669 0.004517412055834231 -0.09319809709477929 0.006568132054511445 0.9999657119518397 -0.005043268976066973 -0.3302287934489458 -0.004484247120088593 0.005072780442038984 0.9999770789504892 35.873836829439725
0.9999639979557049 -0.00737946853908611 0.004188822808827872 -0.07112535778488212 0.007396040675508324 0.9999648289695503 -0.003954668914613578 -0.33407301189187977 -0.004159492128775422 0.00398550724232473 0.9999834070409629 37.25741298222101
0.9999750309075326 -0.0059633651592736776 0.0037915481609019845 -0.1778285379648139 0.005966574458704541 0.9999818506428245 -0.0008356878486753636 -0.44272304146852526 -0.0037864958349393455 0.000858289536723982 0.9999924628657774 38.560681765607356
0.999986310814739 -0.002996501385133749 0.0042894245041803615 -0.20083755714335308 0.002999777214128071 0.999995213777179 -0.0007574690750337011 -0.45459729218283157 -0.004287134216906376 0.0007703260237885663 0.9999905134940148 39.986386056003695
0.9999902797248922 -0.0006380906883567325 0.004362716585481298 -0.19418189918549536 0.0006429134047306537 0.9999991837839632 -0.0011041257904856488 -0.4754265841816153 -0.004362008492176374 0.0011069199070530584 0.9999898737538463 41.400001432399556
0.9999905744787752 0.0012681771066612032 0.004152430665944473 -0.19308270624238968 -0.0012653712360515 0.9999989693887192 -0.0006782751169364656 -0.4935174627948316 -0.004153286559377903 0.0006730143575155703 0.9999911485920414 42.78880139356357
0.9999903851964154 0.002174941615148582 0.0038077741129795535 -0.18828000197078226 -0.0021720307171781755 0.9999973458951781 -0.0007684303241964179 -0.5137097975601037 -0.0038094352978383563 0.0007601523335523148 0.9999924551571083 44.22974435794476
0.9999943259760687 0.0011791520879395204 0.003155569048768915 -0.17661984235843245 -0.0011762615555277404 0.9999988871088052 -0.0009177090519218756 -0.5279071947108739 -0.003156647655508601 0.0009139920702608728 0.9999946000824577 45.62325339293843
0.9999970031018889 -0.0005223572944589928 0.002391846587425199 -0.1677759052518848 0.0005244588747540509 0.9999994769410324 -0.0008781005353587596 -0.5515690824885481 -0.00239138665412848 0.0008793523289507491 0.9999967539994078 47.06199324527162
0.9999982878481577 -0.0009444966674903507 0.0015912972061349372 -0.1744663622682431 0.0009456193025006492 0.9999993044742224 -0.0007048795686451603 -0.5790133687118116 -0.001590630342943143 0.0007063831231384449 0.9999984854578509 48.467997958887246
0.9999989719369732 -0.0012917196129238002 0.0006225636018695244 -0.1901886732243647 0.0012915493027550766 0.9999991284427407 0.00027388712525383254 -0.5848607826980248 -0.0006229168446411155 -0.0002730827720946902 0.9999997687001754 49.86728543882154
0.9999994043001514 -0.0010423939528068221 0.0003237501961467576 -0.22854572631755204 0.0010424901796925884 0.9999994124432202 -0.00029719932621959783 -0.5741849178486319 -0.00032344020714470534 0.0002975366555781607 0.9999999034291809 51.24528111681988
0.9999977140010693 -0.0015018012305159111 -0.0015220334094992875 -0.21100297344628002 0.001501752329180582 0.9999988718158448 -3.3271300668610825e-05 -0.5754152090345791 0.0015220816592455963 3.098550739264686e-05 0.999998841152989 52.73037184786926
0.9999948532663003 -0.0019207104109241128 -0.002569885683797972 -0.22763223236772678 0.0019226745398928887 0.9999978613108117 0.0007620343931499671 -0.5795295759327787 0.0025684165402188393 -0.0007669715249365492 0.9999964074891249 54.20180047333534
0.9999882412670691 -0.0036789339049636796 -0.003159552645067525 -0.24378239902658555 0.003685470765649655 0.999991075270418 0.002065595494969119 -0.6175828180077934 0.0031519252576141855 -0.002077215645089278 0.9999928752457861 55.61686698975088
0.9999818847885891 -0.004771790485900403 -0.0036688022868049414 -0.25184621136534835 0.004780410376489688 0.9999858257671178 0.0023443424425540972 -0.6369507342994134 0.0036575635733838573 -0.002361838354816262 0.9999905219292293 57.07367060777624
0.9999506462618706 -0.008650057171002935 -0.004886875423593004 -0.23626971393297536 0.008656615977684436 0.9999616561658726 0.0013225724252361197 -0.6348028202280902 0.004875247714961276 -0.001364810955215816 0.9999871845432692 58.54321628791418
0.9999208303988391 -0.011422499230105784 -0.005278204792756974 -0.2369888079552165 0.011430686811171877 0.9999335067339725 0.0015236501321998547 -0.6267904771438721 0.0052604499352195385 -0.001583863011337811 0.9999849094083572 59.92510314919018
0.9999065409129719 -0.01285051179705288 -0.004666238957543513 -0.2518787443341218 0.012861412682159427 0.9999146118451526 0.002313672919198292 -0.6395218616148727 0.004636108634866172 -0.002373471110346119 0.9999864364738225 61.35851406752198
0.9998683307155065 -0.0157062325785766 -0.0040786628169207865 -0.26135783874197366 0.015718976301172062 0.9998716080784003 0.003111453479832432 -0.6342111885591446 0.004029269937552495 -0.0031751562011386575 0.9999868415968626 62.70895030336699
0.9998312769847104 -0.018097055775091072 -0.003148672005228153 -0.3176228288381136 0.0181049788099154 0.9998329502276011 0.0025062684341147184 -0.6381951386088418 0.003102789940646797 -0.002562852208881419 0.9999919022087828 64.14761191149407
0.9997840122696727 -0.020603176959654423 -0.002727253036324734 -0.315132511386493 0.020608032122601684 0.9997860753007284 0.0017642694805491458 -0.6354445171631682 0.0026903200532268287 -0.0018200917381673992 0.9999947247081236 65.48732451802375
0.9997794933373675 -0.020769290056202677 -0.003098595268518133 -0.36884789416986963 0.020778683484465377 0.9997795061010496 0.0030307578250001973 -0.766439928946311 0.003034965358808573 -0.0030944742530379598 0.9999906065630657 66.8715393130948
0.9998154684148978 -0.019075264612049284 -0.002272311219626455 -0.36786380235311417 0.019081871452542375 0.9998136539940279 0.002922236981976867 -0.7985168563389817 0.002216145339816027 -0.00296505768754762 0.9999931485428999 68.26628711389107
0.9998432597015453 -0.01763872968364438 -0.0015268413590293314 -0.4142032143463939 0.017644734484972134 0.9998362661766158 0.004013001739133826 -0.7772800169672976 0.00145580711055934 -0.0040393134504242804 0.9999907822437695 69.73007952630667
0.9998860721466688 -0.015054187472162868 -0.0011018923085781666 -0.39137037191763774 0.015059460091049796 0.9998743753059309 0.004944316771849913 -0.7509965016354649 0.0010273212120888169 -0.004960347379699573 0.9999871697001916 71.0761158560981
0.9999357956034001 -0.011331504624912763 -4.091370134922409e-05 -0.429935055166897 0.011331556476313656 0.999920219189072 0.005581315678426995 -0.7763206219455652 -2.2334267202241212e-05 -0.005581420949339121 0.9999844234993697 72.46730797549603
0.9999850148765947 -0.00530042020690051 0.00136951374103985 -0.4664714324234867 0.005293192393541745 0.9999723223477651 0.0052284464903345 -0.7919250505044789 -0.0013971887995428616 -0.005221119041701701 0.9999853937830346 73.61913329707954
0.9999909138031108 -0.003593745044122261 0.0022928819806721464 -0.5001509235023166 0.003583192378517511 0.9999830462377228 0.0045899857845911355 -0.7743152754517783 -0.002309338346362083 -0.004581728241838593 0.9999868372747314 75.07826281321796
0.999991582572717 -0.0027664385783402424 0.0030301157247266145 -0.5279789896329243 0.0027529967916889676 0.9999863922560077 0.004431287790120923 -0.7797962897081061 -0.0030423333771818837 -0.00442290859120956 0.9999855909397974 76.55170392059732
0.9999814904012685 -0.003964480602946671 0.004615381718411574 -0.6262417281922037 0.0039455049200923 0.9999837568633222 0.004113271257979236 -0.7374702031116043 -0.004631613734252418 -0.00409498511170068 0.9999808894429691 78.00403618283057
0.99997655462909 -0.005144210194260518 0.004519656359934981 -0.6114946695425528 0.005127640599307988 0.9999801186770049 0.0036700889100529485 -0.7454109907579058 -0.004538446211971998 -0.0036468276900110566 0.9999830514332633 79.43196647160616
0.9999633646574241 -0.007332615200965196 0.00441611790128718 -0.626691254807627 0.00732082729988802 0.9999696122445366 0.0026795662253860067 -0.7384090017773426 -0.004435631933412557 -0.0026471384220681177 0.9999866588247693 80.8000578265774
0.9999431963851587 -0.009255315507408008 0.005286126927184127 -0.7794253739252078 0.009244159660329484 0.9999550012700379 0.0021309498381963258 -0.7111520230238482 -0.005305611671268952 -0.0020819629912428137 0.9999837578255443 82.40489484591399
0.999930207926603 -0.010097864525620007 0.0061328955545156124 -0.8276848580025614 0.010085814235690221 0.9999471515078061 0.0019926220484281945 -0.7028056184062648 -0.006152692667728565 -0.0019306277339142031 0.9999792083085975 83.83200945261464
0.9999253103487746 -0.011119253325886053 0.005073059173872866 -0.8035047034029489 0.011109454804129181 0.9999363758145852 0.0019555911504659613 -0.7255524386811766 -0.005094481118019259 -0.00189908616643418 0.9999852197577075 85.23333444933722
0.999922954181235 -0.011413902675288006 0.004879398240656993 -0.8251641344090741 0.011402926511715273 0.9999324046642483 0.002271424518339909 -0.7379082656795786 -0.004904994234481244 -0.0022156100950185263 0.9999855159468394 86.61125147744855
0.9999211003397555 -0.011815149797953766 0.00426559850251011 -0.8592937149625439 0.011801768595546708 0.9999253993016181 0.003148664719666464 -0.7657168107140254 -0.004302482231209197 -0.0030980746846417232 0.9999859451911804 88.04674521336449
0.9998791169063282 -0.015211734275810814 0.0032178742895396357 -0.8732137933012617 0.015199824838861438 0.9998776536108631 0.0036936613952414958 -0.7686618746354901 -0.0032736675898888483 -0.003644303768470585 0.999988001003289 89.41194593482365
0.9998341443274175 -0.018105240984543358 0.0019708084514903457 -0.8763440179986304 0.018097067986621394 0.9998278743548137 0.004088739833060201 -0.7653586033214806 -0.002044496844814751 -0.0040523958378299455 0.9999896990072573 90.82043205738616
0.9997980277091633 -0.02000962866911556 0.0018757796755808048 -0.8973103459990996 0.020002353095166334 0.9997926338168033 0.003820371227483144 -0.771721850228099 -0.0019518349119490726 -0.0037820796109547788 0.9999909430661325 92.1298188168405
0.9997768707849769 -0.021104923439737428 0.0008892974769197649 -0.8839703865356429 0.021102189771441175 0.999772886602401 0.002978724819882282 -0.7805180554165979 -0.0009519612648199667 -0.002959294055230227 0.9999951681625492 93.53382101752267
0.9997439187645811 -0.022627579069671253 0.00029926356995059694 -0.8734328112322939 0.02262671732148219 0.9997405409841259 0.0026234282954010575 -0.8047230262284044 -0.0003585477545070508 -0.002615985132440249 0.9999965140265713 94.902492228467
0.9997635184775072 -0.02173572430525658 0.0006822099391234037 -0.8936570745049174 0.021734419489899605 0.9997620399475811 0.001865070853456576 -0.8123439373278806 -0.000722586266291031 -0.0018498023616645067 0.999998028048211 96.19438810612164
0.9997566683655147 -0.02202577854982612 0.00121208001396295 -0.9111450548291439 0.0220242930457366 0.9997566846336525 0.0012255799292722118 -0.8219155261497885 -0.0012387794483875716 -0.0011985865014824291 0.9999985144068348 97.56886789178905
0.9997743494647723 -0.021163099958989795 0.001836668837080529 -0.9318900641960606 0.02116157164326213 0.999775709579311 0.0008475970577326194 -0.8524206535737879 -0.0018541946711121348 -0.0008085389978220581 0.9999979541113124 98.93128206041536
0.9997799327038782 -0.02087193979928918 0.002109097352827753 -0.9449404889379321 0.020869325837872398 0.9997814256297212 0.0012538759408778825 -0.8703106660671234 -0.0021348071813557822 -0.0012095845639099449 0.9999969897472097 100.30489638910433
0.9997941382712978 -0.020108411571080658 0.0027079258558939277 -0.9660212682236076 0.020101386555963226 0.999794573971824 0.002596943400746974 -0.8883698117881643 -0.002759589984169778 -0.002541975725094943 0.9999929614864959 101.59321700347813
0.999793901389432 -0.020258184355965398 0.0013269178944028432 -0.8962895949864458 0.020252546916469848 0.9997863557917708 0.004132446733694938 -0.9008916872634657 -0.0014103502738523075 -0.00410472157525418 0.9999905810420889 102.90834498572283
0.9997351108197639 -0.023008950581301306 -0.000544414678175334 -0.9405259624439984 0.023011627266983296 0.9997196992816866 0.0055666757279085695 -1.0409434144323995 0.0004161787116244034 -0.005577729043391208 0.9999843577446592 104.12071550338565
0.9997264249414877 -0.02338811602024969 0.00026702572045590907 -0.9779092244269438 0.023387110538862853 0.9997210565738613 0.0032942530997561357 -1.0592928283584016 -0.00034399760908374163 -0.0032871069142305937 0.9999945382819745 105.46625713372777
0.9997101314026757 -0.024063677660797683 0.000769797559151195 -0.9983931925032721 0.024062092007534914 0.999708451875631 0.00200673282980652 -1.0698734523943143 -0.000817862498084485 -0.001987628201280468 0.9999976902148663 106.76421313189057
0.999605621595636 -0.028078108683977483 -0.0004701990352589102 -0.971493242178038 0.02807939808039804 0.9996011738985576 0.0030067497514852876 -1.063852072041966 0.0003855876613030497 -0.003018766860204029 0.9999953691736773 108.21666576864875
0.9995308115414697 -0.03062752029333927 -0.0003343350595585945 -0.9404181524587266 0.0306287407962712 0.9995201106773093 0.004629102381043081 -1.0724501199969576 0.0001923966886179691 -0.004637170721510866 0.9999892297576078 109.53936224075136
0.9994751633319717 -0.03237957249365347 0.000980391583302646 -0.9554119274062532 0.03237361447585516 0.9994602521992503 0.005581519468726353 -1.1005657052555544 -0.001160589633364048 -0.0055468512634926385 0.9999839426074619 110.87793469859717
0.9994263435743002 -0.03382153036837599 0.0017572288541766298 -0.9817671457671331 0.03381278275840617 0.9994167069489504 0.004789738348669419 -1.1443889347365104 -0.0019182001558129824 -0.004727573886985206 0.99998698519196 112.25736769862048
0.9994905326884752 -0.03180313679677606 0.0026898988816853853 -0.9900970687450632 0.03179693407464407 0.9994916614880255 0.0023181025341861405 -1.1509864910376453 -0.0027622544344941824 -0.0022313909993118006 0.9999936954024496 113.60990087135335
0.9995487023971928 -0.02980448353355971 0.0037529051927458466 -0.9830043512295022 0.029803742561953627 0.9995557377192575 0.000253222849817475 -1.1749370435585478 -0.003758785094783213 -0.00014125795072836023 0.9999929257653789 114.98095920808137
0.9996546574162474 -0.025697990032700405 0.005493561165967314 -0.9959770202112179 0.02569749421043248 0.9996697519300209 0.00016083368823825624 -1.1956816490320925 -0.00549588003051221 -1.9607389259703857e-05 0.9999848973450751 116.28095317069184
0.9996608540179747 -0.02510898275650785 0.006907671748641693 -0.9909685203539143 0.025097067050338335 0.9996833870995728 0.0018063174130119378 -1.199683371829758 -0.006950839483430253 -0.001632342506681664 0.9999745103193464 117.66035439126695
0.9996444452112561 -0.02538658569229436 0.00815502453508909 -1.000010452984368 0.025352981294323517 0.9996697470425372 0.004197998022802672 -1.2177147428969857 -0.008258904150660157 -0.003989751220009663 0.9999579353089972 119.02102230877105
0.9996366377203411 -0.025408185190952278 0.00900092508989508 -0.9888128726320382 0.025367648843563444 0.99966765424172 0.004589493981545297 -1.2400516482698989 -0.009114544383636722 -0.004359494025602003 0.9999489586436497 120.40568179557825
0.9996228109432036 -0.025485017824147926 0.010234730505050879 -0.9978957436873075 0.025438616724409443 0.9996656242379391 0.004638587729051704 -1.2766413375692518 -0.010349522750192523 -0.004376480717925705 0.9999368649046643 121.72541916017056
0.9996555987020497 -0.023731347648536606 0.011202996136338558 -0.960418389220695 0.023680375996607664 0.9997087160615984 0.004660774949490037 -1.3336943658833342 -0.011310339354140006 -0.0043938786117509385 0.9999263823174381 123.0842906118383
0.9996833893961239 -0.021777110909002303 0.012604697772449415 -0.9675544704551499 0.02172856384587782 0.9997560017415031 0.003975738301138388 -1.3355386954744248 -0.012688202342073119 -0.0037005975599273505 0.999912653734828 124.45836089845346
0.9996842110465007 -0.02066376482023563 0.014299895376866847 -0.974745359793263 0.020625407187636807 0.9997832833781032 0.0028246868930200176 -1.3559049126636982 -0.014355165017495461 -0.002528853723213624 0.999893761424766 125.82656882294434
0.9996909276967888 -0.019310397116029502 0.015657510784127734 -0.972166701187794 0.019273630309882248 0.9998111314644792 0.0024957112004262466 -1.3905426256908449 -0.01570274674736319 -0.0021931627707911083 0.9998742989904525 127.16882276065206
0.999645104824037 -0.020812388946270684 0.01662855579084233 -0.9629017906206301 0.020776226923556105 0.9997814019353416 0.002344512534357351 -1.408192467440542 -0.01667371572748284 -0.0019982018296473697 0.9998589872543463 128.6113963066735
0.999630382749277 -0.021264774878451256 0.016938336220033687 -0.944989695506646 0.02121496012918596 0.9997700839299308 0.00311524404439906 -1.4204765751599508 -0.017000686787632047 -0.0027547464688972767 0.9998516830113559 130.09296816161344
0.9995569072278512 -0.02333497531162074 0.018478856574446402 -0.9780282817954651 0.023263277074831962 0.9997210252268991 0.004085542683342058 -1.430354234591058 -0.01856903747727674 -0.003653853648391336 0.9998209040626644 131.40345054050297
0.9995377908659003 -0.02352262479622457 0.019258524180518665 -0.9716596827475019 0.023443804599883055 0.9997158726522353 0.004308363153483221 -1.4467585847446585 -0.019354396317066654 -0.0038548787109104607 0.9998052546637901 132.7562511999199
0.9994961116540514 -0.02537022806543857 0.019075489937079467 -0.938700129346031 0.02528381991366972 0.9996689927881449 0.004757447688509451 -1.4785112856793852 -0.019189873345207505 -0.004272749213728616 0.9998067275104481 134.13350149602246
0.9994328677471407 -0.028100748527865847 0.018555074747899736 -0.9136774466174618 0.02800071612002447 0.9995920531923325 0.0056291288405081515 -1.495435411309758 -0.018705687998368373 -0.005106380999385423 0.9998119933815541 135.50799155791512
0.9995084885069973 -0.02554473389195844 0.018172726070866455 -0.9558271060939866 0.025413407101995033 0.9996494806641463 0.007421222767905598 -1.6548762219799265 -0.018355929339752535 -0.006955744265831071 0.9998073201771341 136.84199178494893
0.9994654760519678 -0.027840609868608774 0.017136587243596596 -0.9512316143256178 0.02771685630785998 0.999588295207233 0.007417274506657958 -1.6638995382101636 -0.01733603347432498 -0.0069383374695671475 0.9998256455085234 138.206415818469
0.9994165718315674 -0.029852201953975598 0.0165940346792604 -0.9709586486021465 0.029717764911248196 0.9995239520647088 0.008289975731298473 -1.678081370145197 -0.016833609153037464 -0.00779200150441385 0.9998279423558025 139.55972278360804
0.9993818199977228 -0.03158888169664369 0.015431150676295857 -0.9567201979897741 0.03145806049742352 0.999467657744223 0.008648210972058874 -1.6895243626380683 -0.015696123336019586 -0.0081574307494607 0.9998435317767417 140.90667067352075
0.9993701924116153 -0.03245327184352961 0.01435282779876598 -0.949041118220054 0.032326930986613475 0.9994372870907084 0.008948670613649729 -1.7084403865592224 -0.014635164917341755 -0.008479051799277841 0.9998569485823596 142.25388087471006
0.9993489834209126 -0.03316812518690777 0.01419453441202317 -0.9783158796985247 0.033048879958238485 0.9994171257939306 0.008554542846039737 -1.7164304776045518 -0.01446999893208145 -0.008079860232974414 0.9998626580633568 143.5240498605148
0.9993761041362004 -0.032723005143774506 0.013289372291827382 -0.9840492603341765 0.03262863111411713 0.9994411957832298 0.0072573137596942386 -1.6980261170419872 -0.01351942725004094 -0.006819171925409064 0.9998853554188513 144.83066711553536
0.9992966752346315 -0.03529347012586179 0.012669878905750878 -0.9754053815283578 0.035232434610060655 0.9993665933908529 0.005008748926586596 -1.7132190633903441 -0.012838629851323306 -0.00455883546935876 0.9999071889944107 146.1878164025921
0.9991151976873327 -0.040391920377753715 0.011718127768514355 -0.9648373937738082 0.04034403181387159 0.9991766178950553 0.0042948048616770216 -1.7209138812704161 -0.011881954687817152 -0.003818248288911 0.9999221170335222 147.5418593392001
0.9987919048898388 -0.04794179868038819 0.010784927714933983 -0.9502716754891669 0.047875640261991904 0.9988333651955223 0.006311231392731594 -1.7322684829894868 -0.01107491742775365 -0.005787271505415174 0.9999219237982989 148.88676969080115
0.9984711332941185 -0.05450443850200672 0.00920120437440342 -0.9378813964223193 0.05443559373652979 0.9984885586387228 0.007573929106969596 -1.741279258276632 -0.009600110046767765 -0.007061476555713438 0.9999289841963493 150.18254432280006
0.9983332618501578 -0.05700123139236871 0.009030941444720211 -0.937348649386807 0.05696864868699733 0.9983686398593251 0.0038251813314830897 -1.7464768817894367 -0.009234248773008161 -0.0033043252253507327 0.9999519038855835 151.53647602839993
0.9983767944115054 -0.056110480786577197 0.009766797146754174 -0.9341114028755843 0.05610755288932645 0.9984245656682987 0.0005737410917649643 -1.7611453297362072 -0.009783603087724364 -2.4818704547630088e-05 0.9999521391019941 152.90484880455676
0.9985133903537414 -0.05353169053622838 0.010264862035614997 -0.9199630474920404 0.05354343678842964 0.9985651399399074 -0.0008727391801601287 -1.7958833762724773 -0.010203414191346558 0.0014210577492221375 0.9999469340588596 154.28500496338336
0.9984852786716247 -0.05381551527975929 0.011447208883477654 -0.9163933319093297 0.05381918769630815 0.998550697196853 -1.2782348838808363e-05 -1.8323894501307716 -0.011429930522865374 0.0006288424706411253 0.9999344784761598 155.64700914673816
0.9982896358361472 -0.05717219356424281 0.012212422576438252 -0.9021819515964312 0.0571321092843117 0.9983601127311397 0.0036065767968494855 -1.8548571768405657 -0.012398591486866993 -0.0029026867758787053 0.9999189213824403 157.02485744357134
0.9980431352425247 -0.06139988750783981 0.01183021594460888 -0.8815991659011932 0.06133046669958467 0.9980986019095279 0.006144487013323209 -1.8552517175148722 -0.012184992806013355 -0.005406910418194343 0.9999111416871236 158.3587537108422
0.9977469009867442 -0.06572039109009829 0.013488949785383744 -0.9477421271254612 0.065602218051816 0.9978050467131954 0.009024286141299383 -1.9092406110449016 -0.014052421785231922 -0.008119048505988343 0.9998682965737674 159.56046390421906
0.9976693038527826 -0.06683438905258358 0.013752257628188378 -0.9319915190334109 0.06671911044151992 0.9977340616649206 0.008677701049972742 -1.9137429516571047 -0.01430106470849067 -0.007739937570053532 0.9998677777159414 160.91898858062274
0.9977676496586831 -0.06505840269108001 0.015070551876843532 -0.9395499395631235 0.06492222189648197 0.9978464637024921 0.009356280268092142 -1.9123088396129422 -0.015646801545725418 -0.008356980059591332 0.999842656864405 162.25244907722168
0.997883206125528 -0.0627410075044052 0.017107685698805757 -0.9617118765179035 0.06260070514783218 0.9980014488311865 0.008617415264847545 -1.8883021957089263 -0.01761416042935709 -0.00752822078480841 0.9998165167890477 163.55314617065645
0.9981326477416135 -0.058087617210227455 0.018895667205850765 -0.9807253373369766 0.05798493338520663 0.99829979879633 0.0059379477532388245 -1.883715097905016 -0.019208462005827695 -0.004831195508891343 0.9998038280269412 164.91862528882518
0.9982700676864319 -0.05565280163236432 0.018964114316132073 -0.9345244581344897 0.0555606598656091 0.9984409699703345 0.005351874437589713 -1.8939103607461545 -0.019232395498863714 -0.004288957351890826 0.9998058410552566 166.32791350947184
0.9983416360045624 -0.05413347907439547 0.019584286125257797 -0.9348783045453273 0.05401173577883733 0.9985178684029098 0.006693196416243771 -1.901379242916793 -0.019917585644124648 -0.005624315372678106 0.9997858054897046 167.70985022573294
0.9984344992533245 -0.05242777743271277 0.01949048111846022 -0.9168879803829407 0.05231913522294053 0.9986121307958177 0.0060432041964847034 -1.9001752016148814 -0.01978026264453495 -0.0050140184386059045 0.9997917787363579 169.064978017279
0.9985313758534197 -0.05069455588677955 0.019108988453578994 -0.906041879229059 0.05063397869890915 0.9987106404106603 0.003641006955137053 -1.9101847620652364 -0.019268929326645135 -0.0026680955700886517 0.9998107769116282 170.46177345517822
0.9987964367609148 -0.04531156841709895 0.018776040085240413 -0.8861380002162428 0.04530802670773122 0.9989728752475052 0.0006141950699254391 -1.9538518341318527 -0.0187845848916474 0.00023724947832985506 0.9998235259700251 171.83197030864312
0.9990065926005078 -0.04046965472047353 0.018655695846809456 -0.8691575298091607 0.04048435330971804 0.9991800880861169 -0.0004107423932053434 -1.9742909983439783 -0.018623777216690795 0.0011655981405735215 0.9998258829932128 173.24701905435927
0.9991110158989578 -0.037572215827454035 0.0191182244773836 -0.892310530371053 0.03757369105647735 0.9992938197173435 0.0002821615028468149 -1.9486697921899063 -0.019115324997101432 0.00043643159430473664 0.9998171902291532 174.68883920186926
0.9991043331317282 -0.03760126761178169 0.019408147551785444 -0.8917523288968956 0.03757089969800545 0.9992921063554447 0.0019270888876699295 -1.9109305321364212 -0.019466869632457914 -0.001196181293008808 0.9998097869780167 176.11833304729294
0.9991451512409163 -0.036904522536009586 0.018628552497596748 -0.8463107543111744 0.03683861362951727 0.9993137381495276 0.003869016861230031 -1.9179728266786946 -0.01875855265263559 -0.003179459389031189 0.999818987487421 177.58434420092502
0.9990260929245379 -0.04008499635518761 0.018440681200462952 -0.874444753898277 0.04000686023252315 0.9991888768659518 0.00458688147799455 -1.9214540423466673 -0.018609588664660736 -0.0038446605262893872 0.9998194345956523 179.03003582995302
0.9989213288568528 -0.04344901174960483 0.01638176220197174 -0.8197932275204101 0.04338033846138425 0.9990483846768086 0.004524523138998138 -1.91475468056829 -0.016562759125067154 -0.003808996277536154 0.9998555728491604 180.37988206886195
0.9989426765864973 -0.043279442242504206 0.015505443346855843 -0.8854044803939118 0.04328378563028003 0.999062816253119 5.551484940507775e-05 -1.945347849248582 -0.015493314549081415 0.0006156781336727553 0.9998797818461572 181.87731397696965
0.9990635090755073 -0.0409959004561014 0.013836219842398991 -0.92531242814094 0.041046439458769374 0.9991514938022491 -0.0033885454831964843 -2.0670032466869146 -0.013685563250789177 0.003953299701203493 0.9998985332422391 183.31598810602972
0.9992450380223737 -0.036645658599924795 0.012901538413796954 -0.9090095560854804 0.036700973001526756 0.9993179756775044 -0.0040770171150044335 -2.087672978874037 -0.012743334273498629 0.0045474381351033955 0.9999084599292084 184.749393974195
0.9993821102268318 -0.03259870145702228 0.013142390265113798 -0.9169689261440099 0.032643604829588384 0.9994618791316696 -0.0032167104814461267 -2.113056234558828 -0.013030457485994061 0.003643737903267002 0.9999084609862035 186.13600227133836
0.9994331198838778 -0.031067382336985316 0.01297137748683099 -0.9016214640835267 0.031069320148580507 0.999517230780143 5.214498501276994e-05 -2.120666122388559 -0.01296673531322755 0.0003508964548488309 0.9999158667842983 187.5306243069908
0.9994469454359954 -0.03054556960063212 0.01314425488307444 -0.9045161996633434 0.030522812475475742 0.9995322099458691 0.0019285225728462915 -2.13944716595957 -0.013197013951846442 -0.0015262563677096556 0.9999117507881657 188.95638168973147
0.9994388222988209 -0.030443637100864673 0.01397230983112383 -0.9205696087352083 0.030408988254824857 0.9995339317210609 0.002685660357459917 -2.1444910782340263 -0.014047559050026722 -0.0022592694192069512 0.9998987757700414 190.33801460944514
0.9994072465886317 -0.03159942776408286 0.013661318791118161 -0.8966187277713397 0.03156578469974206 0.9994981065980781 0.002671356050084807 -2.128070697281118 -0.01373887558789215 -0.0022385423469981638 0.999903111419172 191.6792876353913
0.9993193502985112 -0.03432602879050285 0.013511471660595482 -0.8700647395915153 0.03428433920676842 0.9994066538694558 0.003305190858795238 -2.1426657689286537 -0.013616908757744822 -0.002839709304029342 0.9999032532435085 193.1371736119284
0.9992208416371231 -0.036971556405561025 0.013813531588620039 -0.8458612238670604 0.03692884152736784 0.9993123337246883 0.0033347157545614487 -2.1584478744079 -0.013927322120419874 -0.002821999763924026 0.9998990279102618 194.59724036141523
0.9990811305311191 -0.04043221225546701 0.014217272199325136 -0.8313163628994984 0.04037212030426116 0.9991746310889764 0.004488706979309211 -2.171033804395437 -0.01438702605819228 -0.003910601019881589 0.9998888541637336 195.98576593987312
0.9988894716267054 -0.044752920755903626 0.014730904830902098 -0.8275515115278306 0.044666212310652514 0.9989829524432192 0.0061636195249611956 -2.190381279730613 -0.014991762776304788 -0.005498800927891444 0.9998724969900984 197.42081164889998
0.998746684816718 -0.04790310257555168 0.01450352823459015 -0.7795951666988878 0.04782075280433217 0.9988380764902676 0.005972650538018839 -2.1957082334278364 -0.014772784735530953 -0.005271595285918115 0.9998769799901882 198.87410713555195
0.9988411801113873 -0.045499178011560455 0.01568826676097513 -0.7817550032819244 0.04548098952595783 0.9989640565150354 0.0015143918795329186 -2.199692758351395 -0.015740918188939843 -0.0007991190758674199 0.9998757847369201 200.32242532440935
0.9991188250950064 -0.038989746786075 0.015536183132671473 -0.7543938708363279 0.039048524543539936 0.9992311930117931 -0.0034979484274615747 -2.2103385015302632 -0.015387854683051538 0.004101531151457387 0.9998731876445467 201.77952153136363
0.9994129479521672 -0.029812479788298527 0.016881217800595226 -0.7435373447656185 0.029880895053882982 0.9995461857187592 -0.0038150656427677274 -2.22087748625552 -0.016759820295506534 0.004317251898150851 0.9998502236633796 203.18032196502836
0.9995766422444131 -0.023118977297800946 0.017664913475253945 -0.7164439842126161 0.023117604923858677 0.9997327127123553 0.00028191378063093507 -2.2396377342867564 -0.01766670942673901 0.00012657606048956994 0.9998439234983288 204.59367175889324
0.9995883333098576 -0.021838545253270076 0.018607575125252383 -0.7046756514404636 0.021798492224532916 0.9997596164947108 0.002352650225956645 -2.252524377456045 -0.018654480629543516 -0.0019460646365398364 0.9998240961213489 206.0658798886861
0.9995578107875921 -0.023502219461394067 0.01821616243627513 -0.6821578974326983 0.023457069510497947 0.9997212305801811 0.002688311222298858 -2.265478036751483 -0.018274265607568445 -0.002259824691594535 0.9998304578321603 207.56222748334426
0.9995082829827565 -0.02648228316308578 0.016789309912321818 -0.6590488868799856 0.02644564886657487 0.9996473708960496 0.002400315946202895 -2.2860384645660705 -0.016846955359579707 -0.0019551314753520187 0.9998561684342535 209.01026029394518
0.9994746333625393 -0.028482793817221408 0.015465694978995755 -0.6140595225790644 0.028459083834327298 0.9995934245534777 0.0017510387664894306 -2.3113907722572886 -0.01550928148330577 -0.0013099793191772419 0.9998788657342723 210.5127992162363
0.9994813090131163 -0.02832443538405477 0.015324467155565307 -0.6101985982972923 0.028304275158710708 0.9995981814586156 0.0015308926704888173 -2.337042819933144 -0.015361671171050549 -0.001096350675227003 0.9998814015042131 211.88067965238758
0.999520723498436 -0.026942504080534346 0.015245483627403782 -0.5979101328615595 0.026919615787651136 0.9996361481517053 0.001704580378628341 -2.3557779686087557 -0.015285862193814597 -0.0012933608515612017 0.9998823278939875 213.35055047905902
0.9995225161196717 -0.027000747852131142 0.015023294752691138 -0.5748930634568049 0.026965645042894303 0.999633148421564 0.0025342778482162417 -2.364955177013467 -0.015086210830464734 -0.0021279549377196 0.9998839322894242 214.81905247441745
0.9994921865125538 -0.028296870620124592 0.014651150584931862 -0.5564516145029386 0.02826922678863712 0.9995981595371078 0.0020905183087483927 -2.3743451168467886 -0.014704418285910566 -0.001675280016755545 0.9998904807626375 216.27884151581685
0.9994966612002402 -0.028420561935302183 0.014095953634075174 -0.5276052111197005 0.02842328669006915 0.9995959767446985 7.038920020469575e-06 -2.3427600947662506 -0.014090458591063755 0.00039361795425232584 0.999900647085299 217.7842803825224
0.9995694719508512 -0.026032047477891628 0.013535259436198375 -0.5148060090437957 0.026021233639706067 0.9996609154192606 0.0009744654912786861 -2.4789353132464624 -0.013556037170361785 -0.0006218418083884091 0.9999079193450771 219.07946302898316
0.9995729717220198 -0.026033298304354333 0.013271834168904028 -0.49856464004143236 0.026024835583966125 0.9996609684594896 0.000809982384261944 -2.4989610534585847 -0.013288421111551109 -0.0004642391967358073 0.9999115972656434 220.5811785085761
0.9995882170505658 -0.025505171480859797 0.013148481334469952 -0.48518994020823347 0.025501157392060814 0.9996746807598486 0.00047288408749405846 -2.5148388586142856 -0.013156264870255183 -0.00013738786991287762 0.9999134431635754 222.06577039808636
0.9995947294115073 -0.025597015533657695 0.012456714193765078 -0.45158805584426287 0.02559552372332785 0.9996723419277846 0.0002791951772875502 -2.5389097085111128 -0.012459779214096162 3.975409596748227e-05 0.9999223731478099 223.59529398564763
0.9996156811318441 -0.025142462584539515 0.011676755135927856 -0.416223883156731 0.025146752128692513 0.9996837460753292 -0.0002206585027569818 -2.537473781277113 -0.01166751441813917 0.0005142061666015683 0.999931800024042 225.116436828653
