1.0 0.0 0.0 0.0 0.0 1.0 0.0 0.0 0.0 0.0 1.0 0.0
0.999997757119349 -0.0017028984771484707 -0.0012593224559169485 -0.01566028649587975 0.0017017144909060665 0.9999981096691982 -0.0009406518067711989 -0.0057485865315796995 0.0012609219099101983 0.0009385066897295049 0.9999987646398022 0.5803330991855785
0.999994207519128 -0.0023591767301405116 -0.0024534085161280975 -0.01917861704660082 0.002353331196436196 0.999994392077717 -0.0023827810216161894 -0.019768468785308257 0.002459016159143028 0.0023769935366040927 0.9999941515535259 1.166502353818398
0.9999865667227658 -0.0028699112244596502 -0.004316246468782252 -0.028504896268979094 0.002854082074364753 0.999989196119881 -0.0036690406139615263 -0.03297982607516585 0.004326729657413846 0.0036566724050466834 0.9999839539499591 1.7409336248149967
0.9999674018903362 -0.00501436686666953 -0.006328608189583891 -0.02801160758013626 0.004979956428104759 0.9999727953391749 -0.005441379928900091 -0.042957218817819935 0.006355721097169036 0.005409686357165771 0.9999651694448423 2.302047284067457
0.999942248648604 -0.007267896284418455 -0.007916883930703845 -0.03062494494254138 0.007209209527020683 0.999946511127339 -0.007416345613439291 -0.0568884866051223 0.007970361696235283 0.007358842834400148 0.9999411586521327 2.8714962484927193
0.9999197415230497 -0.00832639248051312 -0.009548910971300787 -0.026858873588234442 0.008248041248539293 0.9999322354818557 -0.008215489018979904 -0.06750604295763245 0.009616669279941386 0.00813606984477392 0.9999206588722133 3.456644924543028
0.9999091370485181 -0.008314587818722224 -0.010610620919274519 -0.04732473557427768 0.008235693239321103 0.9999382769236798 -0.0074575934301919205 -0.0853330109829323 0.01067197281460137 0.007369529992272033 0.9999158959752252 4.04977646210415
0.9998956599886708 -0.008324545576291156 -0.01180555279386138 -0.052508876379986594 0.008233144729180915 0.9999359209252934 -0.0077697729151974355 -0.10477209791242824 0.011869476133711943 0.007671765392243592 0.9999001247885099 4.620501524770557
0.9998880711140765 -0.007923965854151532 -0.012690784408919992 -0.07690742271993564 0.007790298440253108 0.9999140253353397 -0.010547662674237675 -0.11989957692166682 0.012773272641857927 0.010447617088119053 0.9998638361312988 5.22517378462763
0.9998845171325359 -0.006072379069438506 -0.01393120996441471 -0.09112373312601804 0.005871748863360425 0.9998791103760519 -0.014397471961445881 -0.1349586129377223 0.014016952733072482 0.014314008733825751 0.9997992969541671 5.847277345521576
0.9998659945215324 -0.00460023459220427 -0.015710851064270063 -0.08845496480278027 0.004317420674686369 0.9998288829351321 -0.01798790503098484 -0.15568236442724342 0.015790911252514188 0.017917664199962737 0.9997147615352254 6.489052612155059
0.9998496869182021 -0.002610535430425505 -0.01714026471031956 -0.09772802859272556 0.0023008295287083817 0.99983418830324 -0.018063833576542936 -0.16928858355504559 0.0171845789315059 0.018021681518873577 0.9996899065421132 7.13727122347667
0.9998423722953584 -0.0006696271601661531 -0.017742101404744613 -0.1424715067948418 0.00046831354334401137 0.999935495311287 -0.011348387506435268 -0.1763387086989685 0.017748556144514784 0.011338289819786022 0.9997781913698396 7.801562338578586
0.9998235591990021 -0.0004456513282235579 -0.018779027278671857 -0.16121154930652 0.000431745775845808 0.9999996296346404 -0.0007445308368198941 -0.19076952626837146 0.018779352124727 0.0007362917055006181 0.9998233813070686 8.46632369626667
0.9998057171373222 0.0010596335121171776 -0.019682610506354954 -0.17888163615536795 -0.0009442033919349206 0.9999823083637431 0.005872941296694763 -0.20033530271377895 0.01968848545418196 -0.005853215897245068 0.9997890294478035 9.122801799374114
0.9997769221189925 0.0032738661357403134 -0.02086594830817321 -0.20404615334484058 -0.003174284323813792 0.999983423617911 0.004803791048018496 -0.21120724557006737 0.020881329395076687 -0.004736484975874558 0.9997707416166807 9.827378526721677
0.9997528957116545 0.005714898575822265 -0.021482258969433524 -0.23444932217079414 -0.005762142093929388 0.9999811133047952 -0.002137931755619066 -0.22948229432491768 0.021469635177410663 0.0022611872921945277 0.9997669437410793 10.541892077086292
0.9997366423171148 0.004779068250603602 -0.022445634657040015 -0.2665693168758334 -0.0049624650070022895 0.9999547014556062 -0.008122128900960953 -0.23175375248876376 0.022405801694104163 0.00823137555245902 0.9997150716614004 11.261171361671247
0.9997154279286843 0.0019210695930847606 -0.02377756617036635 -0.28210908626212133 -0.0020765931799615668 0.999976602700684 -0.006517807297187838 -0.23229078804406125 0.02376448867812144 0.006565328843010309 0.9996960265676015 12.006337862398981
0.9997086653252457 0.000866073769328723 -0.024121243538463708 -0.29817593734297887 -0.0008022353145708263 0.9999961507236398 0.002656116790284589 -0.2449125444818738 0.024123451082211513 -0.0026359920579654634 0.9997055119652759 12.796671380126249
0.9997098295864144 0.0006851601145849784 -0.024078770398832796 -0.3338752255868302 -0.00044232835884103357 0.9999490092356287 0.010088769712285086 -0.24250903541212793 0.02408445502653713 -0.010075191526811677 0.9996591566838033 13.568722319817864
0.9996942613117273 0.0002258452703535342 -0.024725147002873413 -0.3504982575279321 8.686767329369721e-05 0.9999200353811469 0.012645762032130496 -0.24773191382976503 0.024726025851462215 -0.012644043549426567 0.9996143015224987 14.287190104502738
0.9996919190580369 -0.0006816676601734272 -0.02481133408868796 -0.38219464461796243 0.0009722977830191438 0.9999310398639675 0.01170342486564717 -0.2597150824831501 0.024801645249469876 -0.011723943268618546 0.9996236429512627 15.113377319894786
0.9997033466973265 -0.0017307794171788366 -0.024294505649919893 -0.40104465795808947 0.0019496236680607867 0.9999577138944916 0.008987179226823086 -0.2479155683343955 0.024277923505066426 -0.00903187829364265 0.9996644475046469 15.937893743520524
0.9997194432753473 0.001124098013173689 -0.02365948310691632 -0.43060847130843666 -0.0009891693583160052 0.9999831864604408 0.005713872627548985 -0.253507056176053 0.02366550826012931 -0.00568886632643656 0.99970374637625 16.790159397263558
0.9997394524307712 -0.001670287885121196 -0.022764827954600327 -0.45468328593002644 0.0016757900334989652 0.9999985710829694 0.000222620266268436 -0.26162035664624284 0.022764423585616235 -0.00026071133489983655 0.9997408229378325 17.655704264922058
0.9997556307699121 -0.004185945283449922 -0.021706142124734533 -0.4904204939033332 0.00406022546931565 0.9999747465336457 -0.005832740703081676 -0.2779511436293665 0.021730009502840354 0.005743183529631328 0.9997473793563809 18.54626985457298
0.9997749589783986 -0.00375737674926319 -0.02087854208764044 -0.5120940248686019 0.003521052983170144 0.9999294527776523 -0.011344234380269618 -0.28757879610808956 0.020919693726988105 0.011268167009273468 0.9997176575546819 19.441572890031313
0.9997770981861769 -0.0029631605288386025 -0.020903914037998773 -0.536784518271705 0.0027108425735257076 0.9999232580525677 -0.01208839683662309 -0.3038686705321345 0.020938129691289758 0.012029035090914464 0.9997084060063776 20.365903205062295
0.9997672695485551 -0.002259288472503478 -0.021454658119504484 -0.5492279332272949 0.002013168355029552 0.999932003517631 -0.011486317703716062 -0.3259803578946691 0.021479150183401446 0.011440452649017272 0.9997038372190958 21.271529812226564
0.999775583759105 -0.0011572414926909992 -0.02115284641055126 -0.5890735034870979 0.0008836947850064011 0.999915927086245 -0.012936685927319959 -0.34557940580828633 0.021166038898852317 0.012915090064833466 0.9996925523609493 22.23488340564179
0.9997673637248505 0.0018739478519152765 -0.02148736256758084 -0.6090870738279022 -0.002192072286257023 0.9998882012879997 -0.014791204959045649 -0.3716646992227847 0.021457242361361255 0.014834865840208154 0.9996596988504383 23.191625534024098
0.9997507150493158 0.005510728267183272 -0.02163653466586225 -0.6445740818319751 -0.005850150405483772 0.9998603288184877 -0.01565562503443267 -0.3940362339270912 0.02154723877008397 0.01577829930476679 0.9996433172749339 24.17337717296803
0.9997469000143584 0.007029815947121926 -0.021370952234988822 -0.6793014319841872 -0.007367884916750127 0.9998483142170078 -0.015781724533809403 -0.42003925181063223 0.02125676794656491 0.015935188896185257 0.99964704749792 25.15067294245929
0.9997384080341843 0.008112342666589818 -0.02138470008521538 -0.7208536310896307 -0.008451594571165542 0.9998391063127661 -0.01582188474531046 -0.44967939207940727 0.021252906871283027 0.01599848068252324 0.9996461186666867 26.13771912678739
0.9997582021867811 0.0059763842692966244 -0.02116175775593958 -0.7629867993357033 -0.006301368649095053 0.9998627256605574 -0.015323922075924692 -0.48783186101469 0.021067271142783707 0.015453564821959817 0.9996586204404431 27.30316673986823
0.999744547023321 0.006958916916622967 -0.02150381762576261 -0.7933240827489489 -0.007265352928564522 0.9998727054618204 -0.014205193391265573 -0.5157243943700475 0.02140222754663446 0.014357797456692127 0.99966784399031 28.314591769496598
0.9997415905301461 0.007776346496669858 -0.021360725629467354 -0.8291177512445602 -0.008041511017862168 0.9998913266598792 -0.012355928572809973 -0.539763301950509 0.021262320306195518 0.012524508194356814 0.9996954788482771 29.346492272781628
0.9997518039745982 0.008430032959456957 -0.02062195417120082 -0.8930848862099443 -0.008664987411697678 0.9998982612632548 -0.011330715594126921 -0.5630287151484942 0.0205243378137215 0.011506592328849562 0.9997231366184769 30.311200866743917
0.9997345774131051 0.008191789845416459 -0.021532981766782148 -0.9091911251800249 -0.008459925301222087 0.9998874418543677 -0.012390854927172614 -0.588486274315185 0.021429054774716103 0.012569733531663558 0.9996913510731226 31.361376244190332
0.9997224475785764 0.009245157331556317 -0.021669214877685566 -0.9414812752690959 -0.009537871107483862 0.999864133656301 -0.013444078342219631 -0.6117195725029398 0.02154197814123772 0.013647025084225677 0.9996747980639069 32.40881455706977
0.9997158009928401 0.008803739350391008 -0.02215426411990609 -0.9698725431905767 -0.00908277051526695 0.9998802944796126 -0.012525972662039052 -0.6373553785854595 0.0220413367337641 0.012723634889980507 0.9996760918368386 33.457373140009864
0.9997208983500158 0.00859961437907513 -0.02200390953373357 -1.0137640013914375 -0.008821794416909808 0.9999108814910153 -0.01002023049269431 -0.6621921022916633 0.021915778459897464 0.010211547796105456 0.9997076687442707 34.494849589382994
0.9997136969044654 0.009271612077492284 -0.02205813752543887 -1.0587501171353968 -0.009419373857216265 0.9999338271327753 -0.006604297974732454 -0.6812908212012194 0.021995445386367288 0.006810180987724455 0.9997348757631545 35.556311607047576
0.9997114603187391 0.00880766116939461 -0.02234773393655842 -1.0962896825863295 -0.00890377974925657 0.9999515183609913 -0.004205191282803124 -0.7042869285071722 0.02230961258181762 0.004402957219116846 0.9997414141437654 36.6355738711428
0.9996949483590459 0.009244885077149734 -0.022902889016778918 -1.1242958556076483 -0.009330003704816387 0.999949949418214 -0.003612435380638397 -0.7324871734806925 0.022868346163916416 0.0038250174406752385 0.9997311678572924 37.71047415478634
0.999683906657986 0.00924084097090068 -0.02338148043169143 -1.1483552227510503 -0.009358189469962936 0.9999441347669298 -0.004914431305913137 -0.7575492158832028 0.023334760741677226 0.005131686210865552 0.9997145366242115 38.76809029536856
0.999647558116597 0.009989104529404791 -0.02459628716341949 -1.1613189737807157 -0.010122434920181124 0.9999347092360577 -0.0053022237115617306 -0.7867221070636042 0.024541716786147368 0.0055493293019404045 0.9996834044243643 39.83507762778166
0.9996055791755144 0.011454291575504847 -0.025641475887469643 -1.1617691102078704 -0.01156393264580941 0.999924599288464 -0.004131730819863278 -0.8231381531810477 0.025592216452420682 0.0044266174792886 0.9996626648598739 40.98856780489063
0.9995819159505848 0.011325254535453199 -0.026603231274891205 -1.1915869085072424 -0.011382484766873003 0.9999332156898534 -0.002000800010248513 -0.8489054991938699 0.026578795027052238 0.0023027743824142067 0.9996440690991237 42.0550420245463
0.9995721037449374 0.011689620927246567 -0.026813470075640326 -1.2353724046271315 -0.011683421383429116 0.9999316712770123 0.00038786845470692595 -0.8683403448104051 0.02681617198067635 -7.442941760202703e-05 0.99964037902666 43.136047737333634
0.9995490755614245 0.01269860572691865 -0.02721012599923262 -1.2733522951028566 -0.012694849926170662 0.999919368850421 0.00031077826123164395 -0.8902118808160729 0.02721187846610099 3.479034231377605e-05 0.9996296876643762 44.221971784745776
0.999528018570921 0.013574875945977363 -0.02755835326611479 -1.3116135205390753 -0.013677401968164504 0.9999002104259183 -0.0035352320440993393 -0.9105581577972984 0.02750761289334108 0.003910490155428371 0.9996139451306462 45.28906670590504
0.9995125484167764 0.015318424543217505 -0.02720315104753644 -1.3586102011068 -0.015528489846867412 0.9998510888245803 -0.007527694160704045 -0.9328730932808975 0.027083787779353666 0.007946448629111856 0.9996015818283341 46.37915236239
0.999510358134431 0.015783787418707357 -0.027016958316998893 -1.3972358415096402 -0.016005155517892302 0.9998399277244711 -0.007997119779804222 -0.9572569004637375 0.02688640881243685 0.008425614674640041 0.9996029862092874 47.460215775843345
0.999477499299623 0.016625040155165475 -0.027718882257608397 -1.4148040768730115 -0.016772798917866653 0.9998462858871829 -0.00510664411002562 -0.9920138543307969 0.027629723310826575 0.005568899123236443 0.9996027139580617 48.5193430145241
0.9994712277358605 0.017747558403983087 -0.02724498300364584 -1.4618654286448132 -0.017833577522039266 0.9998367125290433 -0.002917497537397891 -1.019140377402854 0.027188755781336473 0.0034018303621015803 0.9996245290654138 49.61548486418651
0.999478412553491 0.01700849977485121 -0.027452026791521835 -1.4956257571057843 -0.017059653987754705 0.9998531444479979 -0.0016302586510180805 -1.046003013447746 0.027420267055075 0.0020977304068970815 0.999621792720511 50.70961639407365
0.9994953280085073 0.016411306395602128 -0.027198498332739785 -1.5250700463552664 -0.016479610078666516 0.9998615817890449 -0.002289042149902006 -1.0720745880013385 0.027157167393185414 0.0027361075816904174 0.9996274315836275 51.78673995139348
0.9995140840961731 0.016718105449335642 -0.026307805753671493 -1.584117936735479 -0.016829942949619824 0.9998502229085002 -0.004035439274111215 -1.0985177469407836 0.026236400547722985 0.004476237259952968 0.9996457445446822 52.88823222731935
0.999522077809008 0.016910585016278505 -0.02587755952114779 -1.6233395573837175 -0.017076437331980752 0.9998349541371063 -0.006201594448004611 -1.1225538595719176 0.025768415946857574 0.006640527091865859 0.9996458833704723 53.97788849044613
0.9995393736472178 0.01611839594744944 -0.02571454531989364 -1.6556311357478843 -0.016344707296507843 0.9998293005381482 -0.00861512209947103 -1.1525243074060234 0.025571293911710875 0.009031450463716024 0.9996322032778868 55.06261798981041
0.9995651585972726 0.014483510641973316 -0.025685046970818973 -1.6840318843600028 -0.014797069472106256 0.9998177840686321 -0.012060074424643448 -1.182495757921753 0.02550569452979064 0.01243489362938516 0.9995973354141051 56.14129578532787
0.9995773020769906 0.012191646626910416 -0.0263928195729302 -1.7258144462017682 -0.012560765743943386 0.9998249754217828 -0.013865269083473537 -1.2105275223359249 0.02621915971976375 0.014190922287007727 0.9995554878986127 57.2818594097885
0.9996006201618574 0.010602853773678797 -0.02619503128236445 -1.7577186596420025 -0.010913544652165468 0.9998714509945 -0.011746319818489729 -1.2367985475503638 0.026067119425729746 0.012027509218746806 0.9995878372143379 58.3654664548888
0.9996176641478367 0.009150066551443773 -0.026092179014541278 -1.7733351565411095 -0.009305356515448246 0.9999396716108223 -0.005836392632539576 -1.2619519357726676 0.026037201534403105 0.006076958198384059 0.9996425034557664 59.41988154255929
0.999641701229082 0.008980487496456389 -0.025215471602820283 -1.8428153272451573 -0.00897563703583927 0.9999596714803853 0.00030553664394889326 -1.297092097448817 0.025217198568189846 -7.91022497504688e-05 0.9996819927552995 60.56146517645037
0.9996594910009982 0.00771305231559975 -0.02492811416056379 -1.8818147846008482 -0.007689214867633268 0.9999698842226387 0.0010519612550291527 -1.3169044674015964 0.024935477263221716 -0.0008599254267297476 0.9996886927948699 61.67406346686171
0.9996751467901358 0.004705360389297795 -0.025049161138195344 -1.8904936834948585 -0.004751901437564793 0.9999870918149938 -0.0017987874023360883 -1.3402850526302315 0.025040373855997403 0.0019172342052969588 0.9996846022071931 62.73034735260628
0.99967941485164 0.004017757851818573 -0.024998502829702562 -1.923338157154942 -0.004142463475172478 0.99997922421045 -0.004938739092448356 -1.361731053098715 0.024978140808301942 0.0050407111909497315 0.999675289137653 63.841784538714954
0.9996739727065286 0.00570015983678683 -0.02488888247756028 -1.950406999560463 -0.0059231527878141135 0.9999428957247483 -0.008895029547869651 -1.3933247903264359 0.024836758125788772 0.00903955017909335 0.9996506499664574 64.8954984130037
0.9996703690403733 0.005844659869728878 -0.024999864273451973 -1.9725307554090377 -0.006175362693024359 0.999894182650028 -0.013171499468239745 -1.4183464939644748 0.024920235919698722 0.013321540963395256 0.999600679465589 65.96996985240358
0.9996640575082187 0.009015131524246784 -0.024300196085737923 -2.0141518161331713 -0.009354435648802329 0.9998598311222495 -0.013885699185820288 -1.4463087130121914 0.02417160855005717 0.014108349009972992 0.9996082671868594 67.07701790409426
0.999640827882002 0.012751198099891847 -0.02357163928119827 -2.039493857015598 -0.012989439029655324 0.999865810417415 -0.009981764975240746 -1.4809201388625282 0.023441196750176425 0.010284362174845385 0.9996723174068471 68.16132918490545
0.9996152402327679 0.014696931669312843 -0.023523853721132363 -2.0706100801352014 -0.014884307753219871 0.9998587192344862 -0.007810182679055942 -1.510947776244631 0.02340574453191187 0.008157313913313369 0.9996927674804027 69.24516866451752
0.9996251821938462 0.014059252169023742 -0.023491116456385887 -2.098642134219938 -0.01422628761831149 0.9998745871198113 -0.006958647324585452 -1.5425114826771598 0.023390336990320594 0.00729023047884525 0.9996998272856931 70.3290038608351
0.9996455448313682 0.012457495244223012 -0.023528610478248477 -2.1270966809399554 -0.012609183021795173 0.9999005936182458 -0.0063096264075200035 -1.5642099403506726 0.023447669443248626 0.006604066483596485 0.9997032525222475 71.43603365570942
0.9996399529227245 0.011424843767912543 -0.02427833325275721 -2.1387661575383348 -0.011547013196254492 0.9999213358732725 -0.004897810904456235 -1.5834855751754595 0.02422046669448529 0.0051763896964076885 0.999693239940539 72.50167178615712
0.9996386912941094 0.009891549705896568 -0.02499288123078141 -2.15249692578727 -0.009965259096104335 0.9999463511380025 -0.0028263858445420997 -1.6109883626329298 0.024963583055076007 0.0030744251837531602 0.9996836336715941 73.58595997614148
0.9996603386277663 0.008964010956472533 -0.02447149121308236 -2.231926958105381 -0.008986350213693772 0.9999592994836409 -0.0008030479581217286 -1.6424531135180973 0.02446329668005873 0.0010226845840423913 0.9997002056775746 74.74249715917006
0.9996462923223711 0.008711470938953072 -0.025127684338519498 -2.2776611432708616 -0.008759287057608301 0.9999600283535696 -0.0017934841428891798 -1.6703969177173634 0.02511105605861525 0.0020129503739921947 0.9996826410888672 75.86477784427022
0.9996309897644523 0.009014204691850308 -0.02562476178064692 -2.321535891079352 -0.009162390640403643 0.9999419412217468 -0.005671400482873246 -1.6931458264625696 0.02557215087344283 0.005904091755546748 0.9996555440751819 76.98064468432202
0.9996171218801938 0.009362944095252332 -0.02603737547885537 -2.3792850414848203 -0.009566764630542391 0.9999244790795383 -0.007714476781852091 -1.720053459585058 0.025963178897460196 0.007960616520289832 0.9996312029574483 78.08028044487736
0.9995755091757084 0.011252204422540555 -0.02687358092544828 -2.404284769007496 -0.0114297337901544 0.999913800462616 -0.006461642971709959 -1.7225585768531693 0.026798556707581505 0.006766057939524665 0.9996179559303392 79.20568088648521
0.9995720681676147 0.012088138624037086 -0.02663751947392243 -2.4446989153861813 -0.012148544232068554 0.999923983783217 -0.0021070187807283483 -1.7528440958681826 0.026610024655362646 0.0024297242038821753 0.999642937767348 80.31518249681338
0.9995479799875538 0.01355371677766593 -0.026835283943184986 -2.489083271480025 -0.013505396213628342 0.9999068354796432 0.001981068953549068 -1.7768489884057959 0.02685963469434121 -0.0016177523285780962 0.9996379058946744 81.41181803844158
0.9995285535701208 0.014473965434181103 -0.02707720300607402 -2.5321388468299038 -0.014401072787543804 0.9998921367974204 0.0028851123473179864 -1.8017704777177075 0.027116041388629695 -0.0024938114000284716 0.9996291818490051 82.429358997353
0.9995062672587282 0.01440281647956308 -0.027924551705978413 -2.56071672558063 -0.014382796824554438 0.9998961411407756 0.0009176531423891646 -1.8254737623164163 0.027934868283695603 -0.0005155669133837836 0.99960961246115 83.47256941721113
0.9994925207285782 0.014241155304120935 -0.028493692341228293 -2.5928216218305487 -0.01425180466997047 0.9998984233062636 -0.0001706847891705422 -1.83321322798196 0.028488367297577297 0.0005766847077515102 0.9995939577465773 84.52994455742517
0.9994900902533883 0.01372770792002395 -0.028828970160869348 -2.6332393978670243 -0.013745017987745252 0.9999054518286196 -0.0004023480096012887 -1.8529588190823272 0.028820721118499846 0.0007983975618589834 0.9995842778853331 85.59669169697281
0.9994811003829307 0.012546600398304972 -0.02966669505980225 -2.668753561395103 -0.01255360097603066 0.999921199210156 -4.97258290703788e-05 -1.877850798475554 0.029663733410692655 0.00042212387841505315 0.9995598454977924 86.64146774517117
0.9994827012983302 0.011062100699852535 -0.0301986710551847 -2.7068993756509436 -0.011030074767060236 0.9999384141969266 0.001226891995533018 -1.895022026514847 0.030210383248578446 -0.0008931637262920945 0.9995431631513129 87.68871167833825
0.9994574536929695 0.011291413370709288 -0.03094030125350333 -2.7369938193762335 -0.011174370592623524 0.9999297504890956 0.003953166917003501 -1.9195146556944978 0.030982764554256335 -0.003605283748437545 0.9995134167331966 88.69820165006647
0.9994419905272275 0.010403639013681104 -0.03174069731821057 -2.77508291429907 -0.010254427074756618 0.9999356108258314 0.004860136596845038 -1.938270002850308 0.03178921666763347 -0.004531941928633517 0.9994843206404059 89.68351651537925
0.9993850482494084 0.009963833902183434 -0.033619151528513865 -2.8165254211872117 -0.00980226457877343 0.9999396190642799 0.004967276387581408 -1.9508572767649806 0.033666614689558554 -0.004634677934074824 0.9994223725811786 90.64107973756299
0.9992669733552211 0.009046252187993013 -0.03719786664376163 -2.853503362115733 -0.008896825943482371 0.999951683214897 0.0041806367727354595 -1.9714986319190242 0.037233888456985276 -0.0038466293095904863 0.9992991749187664 91.58588474918837
0.9991379376761758 0.008634757150001606 -0.04060569498431073 -2.903909206701842 -0.00851242013988677 0.999958697212231 0.0031847406456152715 -1.9870188392497146 0.040631517317969205 -0.002836342464914989 0.9991701731746506 92.51577585860517
0.9990179651104295 0.008291014952981601 -0.043524297325357876 -2.9513135857137995 -0.008148561463237022 0.9999608506563061 0.0034493623753428 -1.9997132291748099 0.043551192092715074 -0.0030913145692435602 0.999046414057694 93.42370799034387
0.998887090146767 0.009523308364492824 -0.0461940227293467 -3.0043824400367596 -0.00932031355130027 0.9999459485149212 0.004607798161813495 -2.0180260744100194 0.04623540735659271 -0.004172127321804101 0.9989218590361213 94.28716849104322
0.9987420813960997 0.010453797453748035 -0.04904052372663568 -3.0591350713358505 -0.010185267979916587 0.9999317550385536 0.005722375529045912 -2.0355536731396167 0.04909699751271957 -0.005215686370378179 0.998780397009734 95.13552568314834
0.9985694975214318 0.011958736889670352 -0.05211475061629696 -3.107534691612324 -0.011593726826428678 0.99990613847302 0.0073006672467607866 -2.0554791579530103 0.05219716580494898 -0.006686019441896291 0.9986144165922868 95.96861874392282
0.9983958158239753 0.013844825119648003 -0.05490096322092266 -3.1571849966631698 -0.013412275244798808 0.9998761040071662 0.008239387611239423 -2.07146263175884 0.05500823409214747 -0.007489823286089748 0.9984578091883536 96.76445788631044
0.998229611916878 0.01615411955794693 -0.05724234720542676 -3.2113548169101445 -0.015683848082287198 0.9998395390493231 0.008655233270614805 -2.083725171743389 0.057372979717030634 -0.007742129871332418 0.998322793801406 97.53097024866496
0.9980489617805856 0.018382448636352956 -0.059668714338647864 -3.272844605823273 -0.017966644366239327 0.9998104746577003 0.0074976299562551614 -2.0996710388488644 0.0597952304027035 -0.0064109552233422695 0.9981900771267023 98.26002556383015
0.99787251930258 0.019489378554783828 -0.062214141031362837 -3.3236523720592133 -0.019280182233278244 0.9998062732064643 0.003961139994040374 -2.11475306421536 0.062279288642160605 -0.0027532127685917264 0.9980549634292077 98.97938539728705
0.9976443253227545 0.022048095124639473 -0.06495907675360507 -3.3690228824761967 -0.02207659588490743 0.999756243299704 0.0002791010526716303 -2.1301758573305922 0.06494939618996004 0.0011556317051565645 0.9978878897200435 99.66801100499463
0.9974679747350694 0.023705322314167585 -0.06704995952198842 -3.4196787090522434 -0.023923425452073436 0.9997107876955862 -0.0024516687601722135 -2.137944434169628 0.06697245025051675 0.004049525781119048 0.9977466072347178 100.32079939607597
0.9973688185374419 0.025874172865605463 -0.06771976807216784 -3.475619737326059 -0.026171727781193876 0.9996512985361895 -0.0035102706244830723 -2.151557638090796 0.06760532874096924 0.0052733778008777306 0.9976982063792611 100.96366636007207
0.9973742382435521 0.027672555590669952 -0.06692427478258822 -3.5220977353440537 -0.02793292201459926 0.9996054241728629 -0.002957673395965148 -2.167430943593816 0.06681602170004143 0.004819297798659608 0.9977536738157908 101.5704108014054
0.9974489149802263 0.03185474028763957 -0.06388221603839694 -3.5777446661235817 -0.03199266200404796 0.9994874570799972 -0.0011369774208596596 -2.1918356581004534 0.06381325554039798 0.0031778390405794886 0.9979567975400379 102.13362868699555
0.9976861617888841 0.034420436475261953 -0.05863067565547083 -3.6024283699272552 -0.034458667870098075 0.9994060592303149 0.00035914112906662137 -2.2095740822294165 0.05860821430126355 0.0016620248448123097 0.9982796776904919 102.67746960900804
0.9981004781531282 0.03394349523470213 -0.05141278675338028 -3.6625433401782903 -0.033876345620745575 0.9994236604381639 0.0021771917153901527 -2.2412541527800593 0.05145705702700644 -0.0004313787587787409 0.9986751149370279 103.22544060201567
0.9985472136744348 0.0339900644858539 -0.04181073521561532 -3.6773515939888957 -0.033834241697227596 0.9994176441735997 0.004429063475011222 -2.2500436047180585 0.04193693064348399 -0.003007994471335751 0.9991157319437344 103.7378576256257
0.998989331546317 0.03365497712813243 -0.02979358943040887 -3.690303336380265 -0.03350542688606082 0.9994233756932079 0.005504769493417834 -2.2611081979594445 0.029961672613953334 -0.0045009590642121605 0.9995409143910401 104.2252557128875
0.9993297937608113 0.03264979184863553 -0.016551567726806986 -3.6925400382230182 -0.03256134761184645 0.9994541328393137 0.005585247721990081 -2.2736020901565244 0.01672488994507309 -0.005042563103845808 0.9998474136655398 104.68069552581817
0.9994705868840029 0.032513102221397874 -0.001201722799857139 -3.690388062295128 -0.032507218547941544 0.9994607847008738 0.0046282380437688815 -2.2825175820964154 0.0013515531891601675 -0.004586723128155553 0.9999885675721111 105.1205394262433
0.9993620159728023 0.03160221887976569 0.016639134372075228 -3.6712198610065574 -0.03163001575832172 0.9994986513276118 0.0014099990827329473 -2.2923265767982124 -0.016586233264515304 -0.0019353956082333722 0.999860565834024 105.55007613650459
0.9987852486832398 0.03155940063604798 0.03784218868210689 -3.640625971164016 -0.03144966710401448 0.9994992378782787 -0.0034916929685805988 -2.2986451959084566 -0.03793343448470536 0.002297327193409727 0.9992776275069711 105.9724157302167
0.9976248017254029 0.02952231241250757 0.06223494237298643 -3.5999229710055527 -0.029046162380359907 0.9995415728532456 -0.00854193122388197 -2.309297991095217 -0.06245858974812356 0.0067139562016791735 0.9980249733141939 106.38015755882972
0.9956448009236125 0.02686978894545539 0.08927174713091844 -3.53837734815176 -0.02595767327348571 0.9995984623370786 -0.011362802980562041 -2.3229263827242344 -0.08954121728012707 0.008996028866938309 0.9959424892395234 106.79301828537736
0.992599744244662 0.024103672040940154 0.11901580029380289 -3.4630916565844743 -0.022740837579809867 0.9996595015547216 -0.0127959078432995 -2.3372762658438133 -0.11928370396496027 0.00999469586872489 0.992809903265923 107.18267980601543
0.9882401066861294 0.02216828296625577 0.15129460918127766 -3.369746014128955 -0.020129473641921903 0.9996849391204357 -0.014994225110686809 -2.3489126167326297 -0.1515793383937491 0.011772413775381569 0.9883749867565521 107.57669430856507
0.9821108310705083 0.020965492363647392 0.18713301051376627 -3.2745206045000343 -0.018083916320129633 0.9996903594847161 -0.017092604361117716 -2.3587947388518096 -0.187433421418172 0.013402734171391827 0.9821858679762242 107.9598785049874
0.9740232568152701 0.017806469876277146 0.22574681573284627 -3.1567891771656353 -0.014137470122370587 0.9997405593392652 -0.01785905794134536 -2.3739590081214703 -0.226006254607065 0.01420364891703841 0.9740222940138116 108.33436511779985
0.9638650475095915 0.015644717428383324 0.2659312185620919 -3.023776753419347 -0.010969338091121635 0.9997582142173395 -0.019057458560866027 -2.3896135608258935 -0.2661650687283659 0.015451728755789656 0.9638036108395122 108.69183965408472
0.951335615528219 0.01647345746851542 0.3077160571477832 -2.8864698634176382 -0.01073331003048154 0.9997355596922197 -0.020337323881812783 -2.407152813202613 -0.3079697106589126 0.01604480869057658 0.9512608587715299 109.03780491754472
0.9357874712859648 0.017746446886696632 0.3521176965264841 -2.741696436522887 -0.011164117417994427 0.9997230770961838 -0.020715491874800214 -2.43009006954253 -0.3523878134477649 0.015454214448988847 0.9357264537188569 109.36884266470723
0.9176383865090411 0.01776030249485462 0.39701934872292444 -2.585821146631102 -0.010746861896370785 0.9997445481559446 -0.019883243997055947 -2.441283338439594 -0.3972710618261342 0.013978915829111654 0.9175948416091813 109.67843184084995
0.8970566895267107 0.01700094414709976 0.441588341867724 -2.3999486518504525 -0.009585207990977087 0.9997731730822184 -0.019019100212216176 -2.454832142222398 -0.44181152040564586 0.012828494970954576 0.8970161705084428 109.98662894671057
0.873514805547805 0.01603495955759966 0.48653341566717334 -2.204517309561617 -0.007156330722880552 0.9997723284076049 -0.0201016984610997 -2.466365490986028 -0.48674497575153775 0.01407733719218111 0.8734306825147675 110.28027603844126
0.8480079375774919 0.016722568970230268 0.5297196366877525 -1.9919783533128048 -0.005462055815089655 0.9997247594633539 -0.02281603081633488 -2.477955670071972 -0.5299553790196315 0.016454817014327123 0.8478658710227601 110.55974140013114
0.8198234844737173 0.018978577743704345 0.572301728017834 -1.7699214794545648 -0.0044154416056089215 0.9996304080045773 -0.02682445280019641 -2.4919911398173595 -0.5725992998430929 0.01946435150290596 0.819604283077981 110.83574052228956
0.7884832686580204 0.024106727152892294 0.6145835994820721 -1.5318717308731327 -0.005696173925932036 0.9994749629157745 -0.03189595753566162 -2.5025883948168386 -0.6150298274465796 0.021648653780020663 0.7882066018123315 111.10675789636532
0.7548614327509071 0.030062504993666087 0.655194981008519 -1.279334548251296 -0.008703142474206572 0.9993201790185706 -0.03582506269869767 -2.5174084927795692 -0.6558265568397802 0.021340702889027792 0.7546099003749426 111.34258384254554
0.7175029551222707 0.034935594771466086 0.695678814977697 -1.0030652964206155 -0.009899690477074431 0.9991520316372118 -0.03996515737101946 -2.518730961516594 -0.6964851078948257 0.02178811357589594 0.71724038689099 111.58096732045739
0.6780126561292537 0.03501219424795094 0.7342158976639626 -0.7062655658038114 -0.00743111205338661 0.9991403831511824 -0.040783248156055676 -2.5427522692430626 -0.7350126643141631 0.022195517800947064 0.6776900045650249 111.80307664264423
0.6371936639127833 0.032248457616828465 0.7700287472885272 -0.44278018266861807 -0.003063506552144212 0.999222290386973 -0.039311948837684636 -2.562180154029005 -0.7706976382453807 0.022690336602778357 0.6367969056362042 111.97185722490377
0.5927893915743407 0.030422929147847517 0.8047826927928979 -0.11231083662409255 -0.0019071300495083219 0.999336470267748 -0.03637282017898393 -2.57990304461159 -0.8053552632794406 0.02002659668699323 0.5924540786704395 112.17373416690825
0.5465863300358471 0.02860997361013516 0.836913886387346 0.13392892709976123 -0.001265125747716256 0.9994432734787799 -0.03333980436150019 -2.602695216293493 -0.8374018051537664 0.017164280003775612 0.5463182261440356 112.30651031667577
0.4975376673399159 0.025770027153941638 0.8670594992723627 0.5382552216684291 0.00028681419395268945 0.9995536764361107 -0.029872490031348835 -2.6245928742783455 -0.8674423250658071 0.015111373979225016 0.49730821334549324 112.52932581351821
0.44688441537207535 0.021554096141919152 0.8943320078343744 0.8453821975770374 0.0029783884556432954 0.9996683148045481 -0.025581039424584142 -2.650794112878138 -0.8945867473307247 0.014095435975511486 0.4466719939562973 112.64495335932695
0.3950369869304149 0.021713029532668005 0.9184085818988479 1.2457795029470344 0.000541894187877825 0.9997149631930397 -0.02386836229464728 -2.670993370882613 -0.9186650561045786 0.009926566196469085 0.39491262068452404 112.78396848412505
0.3437626136655123 0.02658171626750329 0.9386802851909323 1.6671578036170633 -0.0026162446818465477 0.9996225123504149 -0.027349370486528957 -2.6896756550703556 -0.9390529381827314 0.0069458737764706464 0.34370239179828366 112.91328918275731
0.29351348292611223 0.03155228065250032 0.9554340840299811 2.0469389721681246 -0.003304641267208462 0.9994826700720892 -0.031991742241745356 -2.7065904813642296 -0.9559492218139404 0.00623264078806612 0.29346590858586796 112.99477779522407
0.2466603901507739 0.03351169225834102 0.9685223892159905 2.4460474238781442 -0.001844822097524029 0.9994163541192242 -0.03411081574025953 -2.7258764670765596 -0.969100226272854 0.006627035613281152 0.24657825094051544 113.06554683967629
0.20540303316241482 0.03293827394125575 0.9781230311558208 2.8784322289223816 0.005372177367758529 0.9993804751511746 -0.03478225980211686 -2.7541443736203353 -0.9786627272344693 0.012399032074456608 0.20509883062954626 113.11948664562769
0.1705373179976949 0.0328174075252347 0.9848045699190656 3.33222436000968 0.01366850710723265 0.9992702730600079 -0.03566641686568267 -2.770404640744736 -0.9852564108310145 0.01954326333803522 0.16996430735447832 113.1609260281081
0.1403917501215557 0.03416013927885761 0.9895065645978586 3.8150760587650843 0.019173881867804804 0.9991234104658305 -0.03721253704394552 -2.7793685168381757 -0.9899103589476809 0.024197015179079438 0.1396137017075948 113.2012147398798
0.11200861603949652 0.03249421423464696 0.9931758132245216 4.298054488130172 0.016265496208651076 0.9992713586149216 -0.03452803911280348 -2.8095657984002607 -0.993574105724381 0.020021935300110136 0.11139846740792803 113.24527770252885
0.08625663507549453 0.028869856632045384 0.995854569846169 4.7940960644579835 0.009420933644397198 0.9995117257891201 -0.029791878412124263 -2.8343135739994394 -0.9962284070004835 0.011951627006398577 0.08594253718141609 113.28782402795622
0.062102118472567414 0.02481878974220212 0.9977611711010563 5.309769736677321 0.004436074391715047 0.9996740353698741 -0.025142479020633518 -2.85448911212493 -0.9980599421503752 0.0059875439910024334 0.06197177738088078 113.3187658514368
0.03963795495143274 0.02197697389953523 0.9989723945863007 5.818167676663844 0.007901114372672305 0.9997199475089873 -0.022306925926665083 -2.8903475188473418 -0.999182868607613 0.00877719606975479 0.03945321165906446 113.31492040383208
0.019600520467576876 0.022700063997518293 0.9995501621689173 6.362106427733331 0.016388059519927275 0.9996006166599435 -0.023022568888638496 -2.9104041424578186 -0.9996735722737556 0.016831941883495138 0.019220682346348217 113.30333157488376
0.0022388495496334926 0.02503517872591759 0.9996840637815808 6.95790773477412 0.021626760458760618 0.9994515434365092 -0.025077790062899116 -2.9355980874938563 -0.9997636074516585 0.021676073180832745 0.001696191824555715 113.29566569511346
-0.012132685414569133 0.030480053316524276 0.9994617372838508 7.525465285339514 0.022113757215710395 0.9992990244140713 -0.030206647395732204 -2.9498894604620114 -0.9996818392300801 0.021735366454405967 -0.012798209197265376 113.28412445524336
-0.023131014950090734 0.03519210308076941 0.9991128424898417 8.116880220914164 0.019400715263027033 0.9992078399435481 -0.03474629250195803 -2.967368629826129 -0.9995441803115366 0.018579786761455986 -0.02379544345535911 113.27193604941381
-0.029725930760070796 0.03474415484013075 0.9989540593765525 8.757638435361663 0.020898659713972624 0.9991988468074937 -0.03413078611363026 -2.995231139431895 -0.9993395894602631 0.019862231572001617 -0.030428222004795558 113.25642169947359
-0.03209175038755907 0.03146491117681453 0.9989895289349624 9.403602225908747 0.027049570952868873 0.9991655860166833 -0.030601510276515614 -3.0254073593329243 -0.999118831905559 0.02604018211482305 -0.03291608492968967 113.22135762110457
-0.03150582808124147 0.02975716673837966 0.9990605055874343 10.084558316510444 0.028366244454187364 0.9991807135854048 -0.028866204712889712 -3.0521202834073895 -0.9991009653545936 0.027430140842974956 -0.03232411485027886 113.19919735204024
-0.029783144732244082 0.029309059402475333 0.999126590241097 10.753571637741349 0.026036874604716962 0.9992535919050426 -0.02853664706458676 -3.0859226212152295 -0.9992172163502173 0.025164222654648318 -0.030524030656366996 113.18304065804914
-0.028585313635605347 0.02943427592298845 0.9991578970539361 11.447271967488845 0.022627874582150997 0.9993292763872581 -0.028791954557020428 -3.117787612116352 -0.999335208594318 0.021785792531107677 -0.029232175894774226 113.18116538598906
-0.027469907303689034 0.030625844046192927 0.9991533725455696 12.152154097985518 0.02137452550158953 0.999320033752752 -0.030043298753305258 -3.142096734127788 -0.9993940833586665 0.020531142609624135 -0.028105841578480506 113.16905961692623
-0.02651133459878441 0.03161477356153426 0.9991484650593446 12.90073471601682 0.021158683314045437 0.9992936076497688 -0.031057943118077667 -3.1698567811425735 -0.9994245640658466 0.020317278433951896 -0.027161534176663116 113.15749654811293
-0.02564007872579599 0.031102156193028124 0.9991872908734779 13.639060195007843 0.021098969539506133 0.9993100826117546 -0.03056455913078625 -3.199134050516162 -0.9994485578794472 0.020298144512068562 -0.0262786126357768 113.14360155006149
-0.024665835518113743 0.029751868272046726 0.9992529323912523 14.430023350535178 0.019940281247594803 0.9993728277027696 -0.0292632266357846 -3.2325443981696873 -0.9994968642982132 0.019203582574437862 -0.025243626410374587 113.12699122759192
