1.0 0.0 0.0 0.0 0.0 1.0 0.0 0.0 0.0 0.0 1.0 0.0
0.9997482263896715 0.02222064848961002 0.003118751578321048 -0.22267504464811022 -0.022217668541880304 0.9997526700171859 -0.0009869134059690033 0.016046689997897507 -0.003139910073430502 0.0009173735383860978 0.999994649680948 0.7349200415607928
0.9999903467000613 -0.0013318171310310503 0.004187215043543569 -0.3008334488197356 0.0013368044270257852 0.9999984002047387 -0.0011885040542758732 0.061119412862851746 -0.0041856254747970004 0.0011940900688968768 0.9999905272992801 0.02241200401516364
0.9999803871956761 0.0009048072145142336 0.006197301662044474 -0.41631247103127517 -0.0009030740847941356 0.9999995523391038 -0.00028245139321280983 -0.0108001123277825 -0.006197554451813186 0.0002768492310222597 0.9999807566515068 0.9578528162552509
0.9994934365124266 0.03163659303773469 0.0034635746771920044 0.10533570361592141 -0.031649036369068184 0.9994925649377929 0.003598767981027323 -0.31486360022554816 -0.003347964379907233 -0.0037065637774933197 0.9999875261819391 0.07508276611098974
0.9992471899732185 0.03843882041445241 0.005245037251740069 0.05270332498980121 -0.038462249620445976 0.9992501825050341 0.004441634585456418 -0.39409625076773874 -0.005070373236869987 -0.004640026810450151 0.9999763804542771 0.8144122353432033
0.9995806235379215 0.02859129521010299 0.004595093660498715 0.1470021920398702 -0.02860382788782847 0.9995872201303465 0.002685215494104527 -0.3213234724246171 -0.004516423109441804 -0.002815526646124048 0.9999858372657092 1.1895743293920733
0.9997495434841297 0.022049212781293074 0.003831777524787413 0.2683243214231404 -0.02205608625220966 0.9997551841780457 0.0017608998713969472 -0.2589091869403352 -0.003792012989072153 -0.0018449728581363502 0.9999911083167907 0.7638992763885701
0.9995927906205692 0.028295928613664745 0.0036869178555185736 0.29602475691239183 -0.02831052474296776 0.9995912981285857 0.003968739647122396 -0.3163955481367628 -0.003573111831550076 -0.004071502118287517 0.9999853277635328 1.2532515143512928
0.9997145710299493 0.023862727208630446 0.001160482904172643 0.3908314276313536 -0.023867705047325733 0.9997050716664534 0.004483563331234162 -0.26895885566662403 -0.0010531505961877468 -0.004509981656039627 0.9999892754121336 1.4042669405528836
0.9998031626086906 0.019689719244723323 -0.002439465868611485 0.5254160960522269 -0.019679664543133555 0.9997980145813176 0.0040793189045764755 -0.27221592798749145 0.0025192937760174553 -0.004030508072126282 0.9999887040179757 1.9047132900200439
0.9996305416333089 0.02653522647863314 -0.005887443386154561 0.6729733776063781 -0.026508283209642144 0.9996379721986725 0.0046081948530375 -0.3216683687680714 0.0060075914620530526 -0.0044504263002327835 0.9999720508847091 0.9382520035662237
0.999756213786393 0.019605724751295513 -0.010155222915941006 0.9556048087645614 -0.019568318304207223 0.9998014149082356 0.0037698363671947914 -0.1851969736145206 0.010227116614239 -0.003570196698591602 0.9999413281694542 0.2491451800607145
0.999741713138878 0.01926507769103745 -0.012056690744131637 1.0532361995677526 -0.01922132093905449 0.9998082781307541 0.0037346756986988976 -0.19386694639695096 0.012126328030331516 -0.0035019655587794902 0.9999203410300872 0.8047259198301484
0.9997677106260359 -0.014274215640698624 -0.016148422753257615 1.293557431396987 0.014290457452155035 0.999897489366915 0.000890833064201665 0.049902148972380524 0.016134051424959574 -0.0011213944814217152 0.9998692088763579 0.42478958328348715
0.999855451347319 -0.002151220704134819 -0.01686560584536314 1.3322498573250063 0.0021951556539269662 0.999994244543871 0.0025869230347469723 -0.0922933881445096 0.016859943733716257 -0.0026235717285360625 0.999854418987425 1.5955038619152653
0.9998571150697421 -0.0023161362065684285 -0.016744699384734132 1.299229122768439 0.0023675808960364948 0.9999925364619714 0.0030531264391716753 -0.11714231431592126 0.0167375029533445 -0.0030923346237865163 0.9998551362379758 2.839817113931665
0.9998325981115378 -0.0013272154292451655 -0.01824867810928849 1.3206846760082522 0.0013619661981823683 0.9999972827007163 0.0018919934615739076 -0.13302548168462022 0.018246117439254302 -0.0019165308210418435 0.9998316888896875 4.1278276110744185
0.9998214804306378 -0.0004201012458477282 -0.018889965178132045 1.2947251468397742 0.0004350569695650728 0.9999995951852816 0.00078762599387325 -0.13558159078482324 0.018889626648534823 -0.0007957035982255931 0.9998212584561617 5.365884495665262
0.9997999041718756 0.0007064405444210862 -0.019991312104649387 1.27482435838812 -0.0006825565351241196 0.9999990452356698 0.001201517509312685 -0.1492769477057635 0.019992141818341087 -0.0011876318899489188 0.9997994317842 6.600985272493586
0.9997905202341159 0.0009145137407879081 -0.020446987910543463 1.2373955592822936 -0.0008939651763224837 0.9999990862278914 0.0010140856205733703 -0.16870761072152377 0.020447896621890553 -0.0009955942950022733 0.9997904241968615 7.83323435004829
0.9997692874946927 0.0008671071207755877 -0.021462057394282533 1.2151494409447579 -0.0008560390386980826 0.9999994958455448 0.0005248864834294443 -0.19586906120303363 0.02146250170689806 -0.0005063930265735657 0.9997695257340984 9.070660201314004
0.9997486526221856 0.0010872003661314686 -0.02239306980939469 1.1859766516370738 -0.0010610108963278323 0.9999987392948029 0.0011813825302331008 -0.21493052511233451 0.022394325977854613 -0.0011573263017619333 0.9997485457652984 10.312109578842048
0.9997331194706114 -0.000529938260126009 -0.02309564891924004 1.1528499816377322 0.0005968276691459501 0.999995647589497 0.0028893941918602217 -0.23070894824262952 0.02309401719696426 -0.0029024071911205687 0.9997290845034985 11.501351880345728
0.9997095800324837 -0.0008505981409592503 -0.024083855050172142 1.1283085765268492 0.0009213409727157729 0.999995293613558 0.002926411035022795 -0.24696125604379912 0.024081252502457188 -0.0029477505892637353 0.9997056587037889 12.702238936985896
0.9996991700613214 -0.0023523532387611087 -0.024413844698149747 1.0816837439021987 0.0024118570196460564 0.9999941918938815 0.0024081370849106986 -0.29460281613739736 0.024408038110877908 -0.002466295347890896 0.9996990372421266 13.983431975670888
0.999680152536855 -0.0028399276403081454 -0.025130209606924442 1.0414738331456377 0.0028776811327727025 0.9999947844757798 0.0014662784649332283 -0.312500420703199 0.025125914414966626 -0.0015381262095344253 0.999683111086996 15.197046902725829
0.9996623648686005 -0.0019036331719780226 -0.025913943082125048 1.0071248669016473 0.0019430315446308114 0.9999969944098454 0.0014952590719299426 -0.33324428563513614 0.025911018770662826 -0.0015451058287910514 0.9996630591125413 16.440189594980414
0.9996356662515827 -0.0025661014902174624 -0.026869125048951004 0.9891015233750312 0.0026149982274770965 0.9999949880674673 0.0017848317052931374 -0.343369165399944 0.026864410323410307 -0.0018544441452445215 0.9996373664959146 17.698352620505357
0.9996310677145996 -0.0029796318002364964 -0.026997226785441954 0.9377576420980749 0.0030382078526343965 0.9999931184152547 0.002128946964694999 -0.3715817289599271 0.02699069752366092 -0.002210184713844699 0.9996332414094266 18.96968471492291
0.999614071464966 -0.0034636899203557277 -0.027562855101921083 0.8997355351388157 0.0035199999702862383 0.999991815330595 0.001994711014235453 -0.39046395051482113 0.027555720448630187 -0.0020909624474756785 0.9996180821426752 20.216703786742503
0.9995892096572399 -0.003460893338505269 -0.02845055630587963 0.8762973032988737 0.0035082335914531654 0.9999925432985891 0.001614200819937211 -0.40169128149023986 0.028444757581711555 -0.0017133489191569222 0.9995938976412365 21.47529125561006
0.9995822371926485 -0.004185458444198561 -0.02859778009831819 0.8250424340052319 0.0042493292771228295 0.9999886105470427 0.00217301101919466 -0.4181977368798088 0.02858835933792745 -0.0022936246002433795 0.9995886378888861 22.678011696274567
0.9995797353623991 -0.004271973752529421 -0.028672336721899064 0.7882459305948007 0.004369549947113077 0.9999848710753412 0.00334135506836899 -0.4392590211170188 0.028657628759127054 -0.0034652360223988684 0.9995832793985767 23.923112683370903
0.9995933116869632 -0.004023313954787143 -0.02823161659400614 0.7352525890606404 0.004146359421668812 0.999982153354411 0.004301241241964588 -0.4649487190328098 0.02821380751043868 -0.004416550406873428 0.9995921544051191 25.173681089568248
0.999610087522293 -0.003342546141852924 -0.027721838123822676 0.6825409315927938 0.003451914773536533 0.9999864436847594 0.00389829848828686 -0.4841214778345921 0.027708432075274205 -0.003992471915633662 0.9996080746772371 26.42075658461428
0.9996323080248475 -0.002347365203574799 -0.02701367486140078 0.6309506487373744 0.0024578462332566367 0.9999887484215987 0.004057341752711527 -0.5062251785173183 0.027003846852070842 -0.004122245359713117 0.9996268300462849 27.644398921675617
0.9996578658866294 9.295855306939357e-05 -0.026156118398895888 0.5792902222704572 6.399700251590229e-05 0.9999819988737391 0.005999819402696821 -0.5256632093665778 0.026156205293836447 -0.0059994405729800766 0.999639864970099 28.875796702940626
0.9997079357564913 0.00014433864948328057 -0.024166554405817837 0.5244335594649342 6.529750158129791e-05 0.9999623812681413 0.00867362581534431 -0.5312957424633962 0.02416689723012401 -0.008672670575006603 0.9996703185867659 30.106683590941223
0.9997517239551379 0.0009531396171322132 -0.022261670503358436 0.48793888968453525 -0.000700563862396599 0.9999353320406615 0.011350812614373115 -0.5378206282471638 0.022271049795744922 -0.011332398757640014 0.9996877397864762 31.349069947353307
0.9997667568678308 0.00202130057269137 -0.02150223723184357 0.4890066202878014 -0.0017170842033633342 0.99989830758733 0.014157192724254902 -0.5304433929844002 0.0215286665592229 -0.014116969504393404 0.9996685589175013 32.62099025264666
0.9997833017406698 6.193040067477239e-06 -0.02081704883433736 0.45374089921816535 0.00032736702062517893 0.9998716185875309 0.016019961734816613 -0.555512227568918 0.020814475524469474 -0.016023305052249248 0.9996549461208322 33.82333106331428
0.9998299906485972 -0.0007308167702747594 -0.018424323772508668 0.44154055637119755 0.0009866017135280489 0.999903212813158 0.013877738395842195 -0.5570477725273039 0.018412398450088092 -0.013893556519943133 0.9997339409415599 35.11329248045423
0.999849468083534 0.0001510273665183909 -0.017349880800989644 0.4077308168019196 5.676876127157424e-05 0.9999282872710156 0.011975687561097221 -0.55520855247101 0.01735044525024445 -0.011974869769138934 0.9997777575759677 36.331999504761846
0.999868753876976 -4.608976802971421e-05 -0.01620101528412203 0.3657494390341953 0.00022827195651894526 0.9999367644751406 0.011243439994105672 -0.553616238651926 0.0161994725968761 -0.011245662573653493 0.9998055371725356 37.57309057982682
0.9998681354400466 -0.0002062201202882138 -0.016237894103195098 0.34730516833216546 0.00038090607477931054 0.9999420847258619 0.010755561568762579 -0.559666336546508 0.016234735667906206 -0.010760328403874793 0.9998103063533772 38.809688318714784
0.9998523696110923 -0.0008827281752249827 -0.017159830245440877 0.318290562944731 0.0010499988288398875 0.9999520017285929 0.009741239214787412 -0.5648334557137856 0.017150407736934957 -0.009757818913514495 0.9998053052892387 39.995118207397525
0.9998277429663119 -0.0006466666514838683 -0.01854902199934654 0.2883686964015121 0.0008327118426223743 0.999949412231823 0.010023949731461979 -0.5699856504332826 0.018541601491714237 -0.010037669025903318 0.9997777023992128 41.24225343377325
0.9997990385821034 -0.00015472780511517745 -0.020046408895562067 0.2546926041180301 0.0003844312769755159 0.9999343127130905 0.01145523773619118 -0.5812018098690738 0.020043319657557446 -0.011460642141943866 0.9997334239780119 42.48302330501944
0.9997810206830732 -0.0002225852045467185 -0.020925131725727245 0.21715194386935602 0.0004687236360141503 0.9999307548809727 0.011758645386315778 -0.5869035859987638 0.020921065462001728 -0.011765878590007656 0.9997118950582412 43.720562085477376
0.9997750426897781 0.0003348679469985237 -0.021207354340188563 0.17139620140391634 -9.390860766161225e-05 0.9999354455094482 0.011362041849715924 -0.5957549264535517 0.021209790093861106 -0.01135749432222451 0.9997105341682136 44.95774603876278
0.9997553706470172 0.001882288912600501 -0.022037600842530192 0.14062136533351077 -0.0016335687473653514 0.9999348328411509 0.011298739933603193 -0.5979150599337466 0.02205743220759881 -0.011259975994160445 0.9996932942783092 46.166048772503
0.9997690901556174 -0.0003471695318718056 -0.021485945236947922 0.07645507743318995 0.0005904994994381048 0.9999357550155794 0.011319768185097133 -0.629627562933578 0.021480634994109193 -0.011329841779094437 0.9997050650094309 47.36206976268301
0.999789973414308 0.0014313849522723055 -0.020444074871113195 0.0986130075709976 -0.0012534698008678223 0.9999612581419818 0.00871269353088308 -0.5987393797368495 0.020455754048081094 -0.008685237603150986 0.9997530338909211 48.6700199816398
0.9997896352186897 0.000726604326123317 -0.020497740251856605 0.04109629068582835 -0.0005202857485180166 0.9999491712991471 0.010068968213722058 -0.6131616452663344 0.02050401453421287 -0.010056185375295892 0.999739195252281 49.84621089520338
0.9997861201911892 0.0007644039910443956 -0.020667112995953873 0.006453778014371324 -0.0005241130206754587 0.9999322359897053 0.01162964892719805 -0.6258417402409658 0.020674602259550447 -0.011616329677088014 0.9997187713083328 51.07457278391422
0.9997838791062933 0.0012794036252579404 -0.020749896518688984 -0.023907111854125793 -0.001069065074558274 0.9999479689674688 0.010144774896480501 -0.6408815396416501 0.020761796141928184 -0.010120399408994594 0.9997332270844875 52.28689282504324
0.9997837540825808 0.0027452847761029317 -0.020613308420523765 -0.054256301701780314 -0.002563225354158265 0.9999575230194826 0.00885336278058477 -0.6503830304296953 0.020636737831482444 -0.008798611722251467 0.9997483230710796 53.52198899618003
0.9997860309753013 0.0053647984124756045 -0.019977767759373728 -0.10492325459615871 -0.0051851560977400155 0.9999457573388525 0.009033080109845966 -0.6536737611807852 0.020025144765919736 -0.008927559466188086 0.9997596172376045 54.75280110877279
0.9997832554293044 0.007449933621547331 -0.01944069577502018 -0.1489300605634404 -0.007270769673099485 0.999930595500493 0.009270387823077679 -0.6649094826801585 0.019508410277187777 -0.009127029695583813 0.9997680327242879 55.981183936547886
0.9997789645290142 0.009139976332541887 -0.018933645130636393 -0.1903772813186939 -0.008952644730473143 0.9999103664876693 0.009955357493577009 -0.6836219623331201 0.019022939773395395 -0.009783650808137142 0.9997711777898192 57.20376771939186
0.9997969408557721 0.009850963668979668 -0.0175794075620363 -0.22541965909185838 -0.009665146617781601 0.9998968525113776 0.010623995420611968 -0.6899794981730646 0.01768225088320266 -0.010451930569652759 0.9997890253203776 58.42093381527872
0.9998081849036531 0.011822036867916393 -0.015615147900558886 -0.25138946095616155 -0.01164644508704675 0.9998684570826715 0.011288438685325239 -0.6947292645734079 0.01574654617676866 -0.011104412429821235 0.9998143519214411 59.62942289636743
0.9998672283001313 0.010045685321564808 -0.012830042004339237 -0.28106927618430094 -0.009927729956441598 0.9999081699792333 0.009224520946512963 -0.7039541226936575 0.012921530455986393 -0.009095922998837538 0.9998751413228925 60.8207080805948
0.9999113089763104 0.0068563485088052305 -0.01141773473186488 -0.2608740870609824 -0.006812858078732477 0.9999694054857179 0.003843573511579076 -0.7048654797878307 0.011443738291331156 -0.0037654452148008976 0.999927428504816 62.07573924298232
0.9999290085029818 0.00790252636573157 -0.008917849027799515 -0.2846217003114661 -0.00787276395086414 0.999963338813709 0.0033675831561054306 -0.713860984599134 0.008944134503554909 -0.0032971359659905363 0.9999545646440162 63.25016391245471
0.9999588732712825 0.006620677824621628 -0.006198257107418763 -0.3011574559864208 -0.006577112607190752 0.9999537097280896 0.0070228192902780096 -0.7333547056126568 0.0062444660123533585 -0.006981763829730413 0.999956129846728 64.43530172454851
0.9999618163703955 0.00829178518876037 -0.002759003371314051 -0.31752323951937145 -0.00826832984065374 0.9999304771760797 0.008406874333757036 -0.7632820121476657 0.002828519553692888 -0.008383740978875844 0.9999608554160175 65.6665583741275
0.9999583769285976 0.008961273193100264 0.0017146408030004317 -0.33184103640344076 -0.008972337746210738 0.9999382433692646 0.006557941975745102 -0.7793750557221875 -0.0016557674029323653 -0.006573053350455946 0.9999770264380875 66.8765408592371
0.9999513782872915 0.008367282049652421 0.005218203948444219 -0.35102615874115367 -0.008386179965969614 0.9999583182351115 0.003610232400543272 -0.8104584370607972 -0.00518777861173396 -0.0036538176622714683 0.9999798680821362 68.12775711710589
0.9999346774085607 0.007306440052613259 0.008789587566849534 -0.3290141925518316 -0.00730845233241715 0.9999732735319804 0.0001968406459769919 -0.819373951156527 -0.008787914447838774 -0.0002610660695898223 0.9999613514552274 69.24196363865072
0.9999033280605314 0.006228221779563182 0.012431564138836183 -0.32346495406295994 -0.006222492455685425 0.9999805153561462 -0.0004994954407355346 -0.850005496996355 -0.012434432882619173 0.0004220918394762454 0.9999226003633315 70.42480191707666
0.9998527201958183 0.006287652337780247 0.015968824161530785 -0.3164464216944605 -0.006306702042201108 0.9999794594881184 0.0011428522220546262 -0.8732108606423458 -0.01596131029626262 -0.00124339451895423 0.9998718370589786 71.60168034777226
0.9997693828317737 0.007594401594472548 0.02008746416539573 -0.32466265380620396 -0.007633018086147111 0.9999691633647577 0.0018464437394872053 -0.9100474452245048 -0.020072822100311055 -0.0019993458951400134 0.999796521512713 72.82392056883486
0.9996996023265184 0.007273384840032779 0.02340519132948353 -0.285738607828061 -0.00726517154758042 0.9999735132718214 -0.000435932557519725 -0.9253284022124297 -0.023407742107797957 0.00026575887428101146 0.9997259659434857 73.95877034872296
0.9996320626734494 0.00694397148655664 0.02622061279258888 -0.23266390479159782 -0.006876200249908264 0.9999727835960992 -0.00267393664698474 -0.9458679551249871 -0.026238466901634113 0.0024926546216463355 0.9996526044219507 75.16481146487722
0.9995645924150545 0.006375117661487537 0.028809433609985852 -0.16514512980564483 -0.006288151565187192 0.9999753986366979 -0.0031082585591128004 -0.9691284370489867 -0.028828540372679755 0.0029257471147134018 0.999580089469474 76.36745270984497
0.9994791937678843 0.0052644829800973045 0.03183750059367661 -0.16063617945457317 -0.005204421419626766 0.9999845182430519 -0.0019690789466976087 -0.9910701954240844 -0.03184737387583194 0.00180235766807353 0.9994911186619165 77.50703407407917
0.9994870096511403 0.004203085235400974 0.03174982855269104 -0.010915904107769275 -0.0041796761687177214 0.9999909422015774 -0.0008036304661615553 -1.007249987588914 -0.0317529186964911 0.0006705142097258086 0.9994955240344744 78.89428195196714
0.9994146530119417 0.0034845789183803313 0.03403247059473833 0.0377840347879975 -0.003512924611050021 0.999993530784616 0.0007731426740716792 -1.0243967492576185 -0.034029556354693034 -0.0008922436208631644 0.999420428646335 80.11698083171677
0.9993377828985408 0.0021296292343985306 0.03632437681162637 0.08857088019457633 -0.0021989860118859323 0.999995834653987 0.0018695280675914132 -1.0440164411939863 -0.03632024410640097 -0.0019481668306326361 0.999338303335788 81.30387908879047
0.9992766550590199 0.00111271751109757 0.03801221532346133 0.17072841091167426 -0.0010977663032284385 0.9999993116751921 -0.0004141959505886947 -1.0649645206077867 -0.03801265004179776 0.0003721678149501023 0.9992771887358969 82.57155037297476
0.9991743658625252 -0.0007677865063089273 0.04062015641404501 0.21004201819954094 0.000919948534282121 0.9999926300120804 -0.003727414146133004 -1.1048518166603207 -0.04061699518569812 0.003761705119124861 0.9991677082835903 83.7767155400706
0.9990781390059973 -0.0003105619563752145 0.04292756354120654 0.23721130026288684 0.0005881513866806211 0.9999789998712411 -0.006453982836891787 -1.13774869735602 -0.04292465769530863 0.006473281067882075 0.9990573408938832 84.95957655984144
0.9989935218764229 -0.0003112594846545127 0.04485361040623407 0.27391335672708655 0.0006422562382439705 0.9999726697965737 -0.007365267601179605 -1.1637898316902242 -0.04485009203853938 0.007386662131555895 0.9989664190885942 86.1854916505233
0.9989863920292329 -0.00030081324483886737 0.0450121989221531 0.33514887492089684 0.0005991140798440616 0.99997794933027 -0.0066137671222603256 -1.1965703910026313 -0.045009216864272186 0.006634030797327409 0.9989645439316878 87.37892251798738
0.998998340837542 0.00019852859623409493 0.0447467941894683 0.35185473000410106 1.5427447564345302e-05 0.9999885704186232 -0.004781087126591087 -1.2276430766932573 -0.04474723193485848 0.004776988435685259 0.9989869196419207 88.56586204702141
0.9990677503639458 -0.000667047079973434 0.04316462939627328 0.40942773446637626 0.0008126152919599211 0.9999940420082442 -0.0033549373170295663 -1.251136247907764 -0.04316213432062638 0.0033868859158559753 0.9990623399791833 89.80081974400319
0.9991512959620645 -0.0001179199355736378 0.041190701283369664 0.4570618675837077 0.00022555299934614721 0.9999965726681569 -0.002608405218517721 -1.2676641567411313 -0.0411902525261922 0.0026154821406958284 0.999147898136207 91.02163163105777
0.9992524529605705 0.00021618022838456238 0.038658615060443366 0.5006793173894023 -0.00013118485729739397 0.9999975688900143 -0.0022011371138853 -1.2867141164473255 -0.03865899691942225 0.0021944202354524183 0.9992500520275265 92.25031765387531
0.9993573908194342 0.0006477397006696685 0.03583832931168566 0.5320148942644563 -0.0005679198034698605 0.9999973358477603 -0.0022373565828031944 -1.3142560858190018 -0.03583968305760359 0.002215565539983505 0.9993550962434067 93.47137959890573
0.9994834629719671 0.002200895135591617 0.03206186685404753 0.5629680079875093 -0.0021271117536321212 0.9999950110867182 -0.002335208183879821 -1.3465231333742127 -0.03206684644850663 0.002265802788556049 0.9994831581855551 94.68371774545872
0.9995790115325163 0.002873795568536604 0.02887111017449887 0.5683404358471739 -0.0028153508900552403 0.9999939052298408 -0.0020647766315261503 -1.3659158513073113 -0.028876867957651813 0.0019826250786496896 0.9995810100710967 95.8844639954915
0.9996856447790979 0.003392883301418126 0.024841496845043047 0.6008940299790709 -0.003366241138301084 0.9999937134413159 -0.0011142254915779382 -1.3879382552719735 -0.024845121114579722 0.001030252760360638 0.999690781459973 97.13479056336232
0.9997798608256958 0.0037392465735736906 0.020645772507087472 0.6149201937790204 -0.0037361440834137584 0.9999930027584855 -0.00018884240930392733 -1.415529980114528 -0.020646334171962922 0.00011166525689200829 0.9997868354885106 98.3749156141247
0.9998604922962493 0.003939860990809286 0.016231864972181573 0.6300225769756577 -0.0039476170953279275 0.9999921087512592 0.00044581888512931496 -1.4397830291306917 -0.016229980418063065 -0.0005098338776136004 0.999868155210999 99.58840466275251
0.9999262235026469 0.004690446184899761 0.011204787651769119 0.6504447533612947 -0.004699659135151677 0.9999886396939714 0.0007960446055248417 -1.4689384524278026 -0.011200926557569416 -0.0008486445587871808 0.9999369075330027 100.84010034340763
0.9999652709823618 0.005910758817928476 0.005875351850581635 0.6620886275968197 -0.005915140738284425 0.9999822398830392 0.0007287170548647358 -1.493999725541717 -0.005870940232887766 -0.0007634452803204144 0.9999824744524705 102.10191717457066
0.9999803587423893 0.00621583610519235 0.0008034369644278717 0.6561856944601693 -0.006216175824861382 0.999980590757692 0.00042102970412358887 -1.5141626424200558 -0.0008008043186889 -0.00042601574000578497 0.9999995886114316 103.31093105980666
0.9999638400546788 0.007492643599380628 -0.004022297228393873 0.6504997363404477 -0.0074935413637020705 0.9999719013562675 -0.00020817243257685496 -1.5285576668040326 0.004020624445452551 0.00023830615573114928 0.9999918888617271 104.57920245377599
0.9999281332997059 0.009361619182156153 -0.007489213713998318 0.6339627127212064 -0.009363335962277425 0.9999561441507052 -0.00019420327386385566 -1.551972226864078 0.007487067211076498 0.00026431334121283844 0.9999719365877396 105.82681008561678
0.9998900282935842 0.011208531283979242 -0.009710826201278342 0.6103839361021361 -0.011209126610399245 0.9999371757432075 -6.879670740088773e-06 -1.5807096333383381 0.009710139014834692 0.00011572879455266916 0.9999528487919611 107.05710101382434
0.9998685863957983 0.012041792229570879 -0.010853809412722983 0.5893049103818708 -0.012045076374894374 0.9999274272882462 -0.0002372589975316005 -1.6039132806796923 0.010850164698788172 0.0003679627818064014 0.9999410675281821 108.32647398338608
0.9998240291480384 0.014599535387194001 -0.011779826172766275 0.5557330010418162 -0.014599027054837541 0.9998934201855268 0.00012914620214569562 -1.6379977663314438 0.011780456155626604 4.285052481902181e-05 0.9999306071006117 109.60597022343512
0.9997940226450012 0.015047776955438696 -0.013618982782364689 0.5205244647933954 -0.015028279311389945 0.9998858940598507 0.0015328669452369186 -1.6517635084519149 0.01364049501542472 -0.0013278813321675863 0.9999060824031935 110.85111705446093
0.9997814962032557 0.015180836358481898 -0.014370179436466865 0.49732343694629966 -0.015156895191816191 0.9998835548630769 0.0017734831604767447 -1.6668808078404964 0.014395429056598496 -0.001555288344066598 0.9998951708556468 112.12974988778157
0.9997043433980172 0.018986426802541766 -0.01519017407442035 0.4641345517438555 -0.01893111850470368 0.9998136576057679 0.00377661450735001 -1.681939312921579 0.015259047915919739 -0.0034879309408278386 0.999877490392924 113.40083242220162
0.9996786447368622 0.019736563976024243 -0.015908340563703473 0.4262122432899183 -0.019626191348698464 0.9997824286032743 0.00706456433781791 -1.7054765686276787 0.01604430958984352 -0.0067500739669426706 0.9998484968390091 114.70335466114001
0.9996903739335076 0.018638538476041907 -0.016485179652069682 0.39384321740746153 -0.0185329646771675 0.999806899856192 0.006533928391506864 -1.7121659322219611 0.016603779237232972 -0.00622638606477169 0.999842760953748 115.99672529670414
0.9996946000619894 0.017952969357251623 -0.016982270111994546 0.3532226911988405 -0.017869419921160402 0.9998275311594755 0.005058830618748276 -1.7271855448133522 0.017070162230640774 -0.0047538223363451015 0.9998429930417145 117.27904451963825
0.9997289125745823 0.015355742556987918 -0.017501500877544734 0.3260908223907242 -0.015245496313019512 0.9998631996395583 0.006415360372922658 -1.7604284698007235 0.017597619288213316 -0.00614680218229512 0.9998262552155344 118.56798110169044
0.9997447083616137 0.013194996977415165 -0.01834148733658491 0.29095335401502 -0.01304280242909629 0.9998797155616032 0.008392837019930266 -1.7786720478067453 0.018450024600191184 -0.00815147000322989 0.9997965543694571 119.86691095874974
0.999772254881415 0.010039219955225274 -0.01883221792624824 0.26941117409234444 -0.009847141153533226 0.9998988304583251 0.010264631468113489 -1.7894421988038551 0.018933361572459638 -0.010076850240248686 0.9997699659965796 121.14321004014865
0.9997950224336651 0.008211035826273177 -0.018506539588117855 0.2260363034533877 -0.007999465076793567 0.9999021341826569 0.011477395848062082 -1.8001449092000208 0.01859896973899563 -0.011327000822265837 0.9997628605709558 122.41742455566869
0.9998243122284148 0.0046803689908395145 -0.018150449666244305 0.19576402522209851 -0.004511755513439993 0.9999463929649042 0.009319616873264144 -1.8058564702922908 0.018193095920272174 -0.009236089139190561 0.9997918312920189 123.72112564789586
0.9998392373679433 0.002038011706780261 -0.01781420578562092 0.16273785547015587 -0.001887422908724658 0.9999623812981734 0.008466027595641168 -1.817086001371124 0.01783078950167503 -0.008431043634661312 0.9998054713037818 125.01273477324108
0.9998360554062727 -1.6126922351425547e-05 -0.018106961355982786 0.15311206658851584 0.00016688686340882847 0.9999653360234801 0.008324596099711474 -1.8402481184899186 0.01810619944658459 -0.008326253141172529 0.9998013998040959 126.33468970675895
0.9998364775953535 -0.000490359142061219 -0.018076991387614084 0.13937442469701375 0.0006447365309562414 0.9999633670510258 0.008535154994556383 -1.85173701302114 0.018072143882830485 -0.00854541420220502 0.9998001667891394 127.66483092874238
0.999839661920251 -0.0006841886410308771 -0.01789363957113716 0.11014528039298392 0.0008798629180081606 0.999939880585139 0.010929824180810418 -1.876911787722568 0.017885085754443433 -0.01094381566371612 0.9997801541370357 128.940018080616
0.9998452535883108 0.00318002281360016 -0.01730191699874876 0.08772713864851701 -0.0029694998618760007 0.9999214151121474 0.012179723752654725 -1.8769484003512873 0.01733928912893857 -0.01212646094397066 0.9997761239384932 130.2456897794807
0.9998522967452357 0.0029172326506413503 -0.01693736835931945 0.059680475776626184 -0.0027379690432659883 0.9999400967773473 0.010597470567423344 -1.8832836380416758 0.01696726904352497 -0.010549531296286057 0.9998003896631734 131.53702069854833
0.9998634848151132 0.0034514155492189674 -0.016158572464315644 0.02053746112766884 -0.0033133396494393233 0.9999578385877896 0.008564042690429667 -1.8907600202844095 0.01618744926618717 -0.00850933472973405 0.9998327648705617 132.82534699739406
0.9998713813984159 0.0036834196429021047 -0.015609390768309639 -0.010889184462573106 -0.003588485040166966 0.9999749222570771 0.006105541095518937 -1.903715451064594 0.01563148859002255 -0.006048741744103118 0.9998595247772425 134.11751038575463
0.9998855590247123 0.002139571188763043 -0.014976350989699981 -0.047743619723849766 -0.002107915454674076 0.9999955116301624 0.0021291810551559223 -1.9251538989361106 0.014980839304739193 -0.002097368507893594 0.9998855812037034 135.39588950533513
0.9998880698254641 0.0013197993121225166 -0.014903219467064346 -0.06757067400672255 -0.0013396196857281546 0.9999982314624446 -0.0013200344998292543 -1.951345191837057 0.014901450929536169 0.0013398513943161014 0.9998880695150012 136.67162340566534
0.9998673572005208 0.0007212734836992054 -0.016271071550694516 0.014830840652914424 -0.0007470413917591908 0.9999984764871123 -0.001577641471732569 -1.971350967303002 0.01626990885054697 0.0015895873728878282 0.9998663727108632 138.01870460778872
0.9998631599804284 0.0007157499577409665 -0.0165272204544597 -0.005849023947329392 -0.0007376824523497462 0.9999988553982458 -0.001320994624376078 -1.9924759017003084 0.016526256035527605 0.001333005699961195 0.9998625435314856 139.31104668973933
0.9998596852859125 0.0014820785625766738 -0.01668571793751618 -0.025740296618116575 -0.001495145368923515 0.9999985853062757 -0.000770665798575585 -2.022633336678008 0.016684552145076748 0.0007955052367258422 0.9998604867135897 140.55793143425294
0.9998473621907843 0.0025632525991365097 -0.01728242043938269 -0.032587353609447256 -0.002556820101077045 0.9999966535998142 0.0003942843442084874 -2.048304683093418 0.017283373255857812 -0.00035003612153530094 0.9998505700771553 141.83566604862176
0.99984288533458 0.003274888355596344 -0.01742067025347771 -0.06657613413221122 -0.0032584170243427795 0.9999942171942977 0.0009738051443628879 -2.078372926637239 0.017423758616254323 -0.0009168883367640533 0.999847774389412 143.13069400085726
0.9998324122599217 0.0033005354849121294 -0.018007050286453056 -0.0995000952793889 -0.0032852279991578783 0.9999942167756224 0.0008795978075827578 -2.1092393315510023 0.018009849291417246 -0.0008202931319907077 0.9998374730163289 144.39244952723695
0.9998117306994824 0.0033436719388514097 -0.01911342495920543 -0.11834135744501148 -0.0033282726661044326 0.999994110637075 0.0008374319228693455 -2.1177370448566726 0.0191161124909303 -0.000773659570299634 0.9998169710972621 145.66570933785763
0.9998013635746416 0.0031761251968298932 -0.019676016441890588 -0.14101358445382053 -0.003130720078868296 0.9999923661185665 0.002338011201584 -2.1484601372419894 0.019683292053801805 -0.0022759466876496994 0.9998036747685016 146.90338039567646
0.999793421449067 0.004033268794363895 -0.019921023317104814 -0.18702510188919547 -0.0039811104682009385 0.9999885449056942 0.0026572197561121487 -2.169173911930644 0.019931512401426144 -0.00257736303704042 0.9997980256097564 148.1811688107267
0.999781689422761 0.004412521894555807 -0.020423103228940333 -0.22367228127065789 -0.004371400918897099 0.9999883283770723 0.0020576597470943012 -2.2005525944084803 0.02043194432686603 -0.0019679329659854313 0.9997893092501365 149.4633398161037
0.9997676000388396 0.005088964755485168 -0.02094870760444069 -0.2690033101142386 -0.005074174358510591 0.9999868381564827 0.0007591234285626809 -2.2157880257402978 0.02095229503320233 -0.0006526496133369781 0.9997802635486079 150.73870551023975
0.999741023519399 0.0054703990035069325 -0.02208983085328974 -0.3027207476326955 -0.005453610565618486 0.9999847926038846 0.0008201784954837883 -2.2405257878933873 0.022093981628106222 -0.0006994967536093371 0.9997556534874452 152.02088442287118
0.9997357262290589 0.0047601676451596575 -0.022490409183606192 -0.3471319931548317 -0.004758880482563379 0.9999886703309896 0.00011075293217990587 -2.267571681661966 0.022490681577238606 -3.6944937761482403e-06 0.9997470526230833 153.30593284814674
0.9997137632912547 0.004927916639429792 -0.023411687757016464 -0.3852529833976192 -0.004952774102839929 0.9999872310368483 -0.001003888411706723 -2.2906962673221316 0.023406441735629998 0.0011195538628185344 0.9997254048409617 154.58417083526902
0.9996949370240317 0.005128485650300472 -0.02416053648932451 -0.42185939185901444 -0.005155666573347667 0.9999861446234047 -0.0010628562478579176 -2.307192820540641 0.024154750892977236 0.0011870956801400764 0.999707526636238 155.87772221207828
0.9996817251981588 0.005129428769601172 -0.024700956769534838 -0.4654556615294563 -0.0051196424898662845 0.9999867890124599 0.0004594141117756251 -2.336187915411511 0.024702986977464828 -0.00033280782402257594 0.9996947792568207 157.16859753822584
0.9996470804657251 0.004855187595307956 -0.026117841981417877 -0.4976563350209031 -0.004834485598010105 0.9999879476700516 0.0008557240447583714 -2.3609719170753523 0.026121681901335896 -0.000729155712116759 0.9996585047237846 158.45252931202074
0.9996217209454157 0.006158566365663369 -0.02680460920150184 -0.544683679858785 -0.006120316552141956 0.9999801324349578 0.001508794441234048 -2.3860551419152918 0.026813368669883583 -0.0013441710025296075 0.9996395532715224 159.71305614483032
0.9995922535255316 0.005875649633113578 -0.027942860145989436 -0.5446855720768334 -0.00581897399736158 0.9999808453250436 0.0021091525855854495 -2.409370826893359 0.027954717551201665 -0.0019456938094531372 0.999607296913259 160.8973066868043
0.999574779678609 0.005742138471689027 -0.028588243671694696 -0.5852379096305996 -0.0057039718368472655 0.9999827290832938 0.0014164181629759455 -2.4385397711316585 0.028595883195745086 -0.0012527493364211874 0.9995902691019733 162.19447584921653
0.9995515940078246 0.006389305588983866 -0.029253849157121117 -0.6349553179222942 -0.006364041346704471 0.9999792916877828 0.0009566469242529918 -2.4592052388516388 0.029259355668819032 -0.0007700452524535859 0.9995715567862836 163.4879169940713
0.9995370824804971 0.006997398699992822 -0.029608396744997375 -0.6789270069018559 -0.006960412547299737 0.9999748619785932 0.00135206067355365 -2.4799137548450627 0.029617113356085613 -0.0011453481247711227 0.9995606608776307 164.7909362001435
0.9995236728986044 0.006869911463846853 -0.030087067516831687 -0.7266062263774705 -0.006861247170618536 0.9999763848435209 0.0003912065263341331 -2.503690330884718 0.030089044560224272 -0.00018458537719132708 0.9995472051512582 166.0789487434196
0.999527837186701 0.00517220262928678 -0.030287802971448733 -0.7737456451843441 -0.005215042323563016 0.9999855096524123 -0.0013355967837381743 -2.5262319240060473 0.030280456113459493 0.0014929183389871742 0.9995403269365344 167.36941259755093
0.999544789387932 0.0013566131037293365 -0.030139237022880194 -0.8256324591673871 -0.0013912947812629362 0.999998393953563 -0.0011297739270057193 -2.5528362642398115 0.030137655951752333 0.0011711922051060885 0.9995450715213159 168.6510479367465
0.999533188215001 0.0008925936797587614 -0.030538646552821812 -0.8727775191825856 -0.0008207839619802087 0.9999968691582769 0.0023638924112286304 -2.57384753579807 0.03054066093657891 -0.002337723287081461 0.9995307914613686 169.94378525024152
0.9995365592297981 0.0004547697786334923 -0.030437804577608835 -0.9179346199428714 -0.00025538588518958494 0.9999784890330284 0.006554101713508751 -2.591700242994641 0.030440130438385272 -0.006543290889897381 0.9995151743736682 171.24200245028513
0.9995140854759995 0.0015104769971162016 -0.03113376614413113 -0.9488207933394023 -0.0013335928941631823 0.9999828576063892 0.005701405383994419 -2.603474448564797 0.03114184427854106 -0.0056571152190127705 0.9994989657735169 172.5343735836317
0.9995162466311089 0.0032085763593023868 -0.03093505710689227 -0.9925038245217427 -0.0031333862154110867 0.9999920188088582 0.002478751582803478 -2.61661415910472 0.030942763472017687 -0.0023806209968629624 0.9995183230098306 173.80647226284037
0.999506288542513 0.0042633911445733655 -0.03112880755697562 -1.0730407298682219 -0.004217906940290665 0.9999899392034005 0.0015266803929968472 -2.672702453759685 0.0311350032120425 -0.001394628239957364 0.999514215300142 174.81999079478243
0.9994901935462014 0.004333424356465773 -0.03163185796509015 -1.080462254949962 -0.004296615234907119 0.9999900111387156 0.0012315519942935151 -2.6705829028314376 0.0316368788362571 -0.0010950142182974115 0.9994988288344122 176.2968399700548
0.9994961660812868 0.0050424244055613295 -0.03133668688491105 -1.1236077396391535 -0.004965119159103023 0.9999844370706207 0.002544250044652357 -2.704297519765288 0.03134902838278509 -0.0023873777807470894 0.9995056472310636 177.60031768884147
0.9995075016796668 0.005189844077482209 -0.03094866078721837 -1.1631118984926745 -0.005047212864404416 0.9999762880153754 0.004684981247808604 -2.7289553925539245 0.030972241255231688 -0.004526469423551928 0.9995099956209469 178.88831430513775
0.9995363055083507 0.00461426148308359 -0.03009788300998563 -1.2082592476783485 -0.004449162419562031 0.9999747005147279 0.005550070652215276 -2.7437205286267075 0.030122731026276606 -0.005413586745029177 0.9995315473530951 180.1398040484813
0.9995675287072878 0.004758230422210833 -0.029019214277001937 -1.2271164148221214 -0.004621129635165373 0.9999778516271774 0.004789719823715492 -2.7517655402929404 0.02904136213920418 -0.004653546856306933 0.9995673783126157 181.45737030396955
0.9995430961547279 0.003201050658471725 -0.03005581814062325 -1.161877838139636 -0.0031133835972836977 0.9999907632385018 0.0029631537683409196 -2.7584968652809736 0.030065025727520754 -0.0028682246007880738 0.9995438297121557 182.80453127815613
0.9995868406339539 0.0031215501898004 -0.02857278348084301 -1.2035777962930685 -0.00306993234562831 0.9999935760653146 0.0018502279581799588 -2.793128960627611 0.028578375510582177 -0.0017617470069572422 0.9995900023012734 184.06541193937275
0.9996259003400317 0.0024147723848164755 -0.02724386616672498 -1.2506931482261763 -0.0023801303312430064 0.999996317391549 0.0013039106359751347 -2.8160128970788034 0.027246914485629218 -0.0012385788912458403 0.9996279665822395 185.31744037325078
0.9996342857736893 0.0023946517679608727 -0.026936227438828626 -1.2497940537376588 -0.002339942773702102 0.9999951355889342 0.0020623933390623034 -2.83702347222651 0.026941035123801416 -0.0019986098617316766 0.9996350264897077 186.59103155138627
