1.0 0.0 0.0 0.0 0.0 1.0 0.0 0.0 0.0 0.0 1.0 0.0
0.999979591825325 0.0008336303516854517 -0.006334113457551701 -0.010235939737888028 -0.000831987566102153 0.9999996195799921 0.00026198580311688046 -0.0003422684877220362 0.006334329447245398 -0.00025671055282588473 0.999979904983168 0.0916443570268823
0.9999080279789135 0.0013106590348160936 -0.013498805732905723 -0.019196175079106027 -0.0013093349011460895 0.9999991371036927 0.00010692982126423124 0.0004844978601540571 0.013498934233372435 -8.924552924257078e-05 0.9999088812535863 0.18953524820847412
0.9997765894559572 0.001483700292742075 -0.02108482414571875 -0.02826521191840363 -0.0014941175177672049 0.9999987694116478 -0.0004783179206153152 -0.001823387793142538 0.02108408851854091 0.0005097142644636043 0.9997775759651298 0.2839307203076132
0.9995390632833794 0.0021973525679931556 -0.03027924391850753 -0.04158248685351115 -0.002255751160489026 0.9999956609472093 -0.0018946433585208663 -0.002778705936245201 0.03027494933582043 0.001962072487439926 0.9995396829112226 0.38682330632404544
0.999124979531732 0.0024350902677242187 -0.041753390414483754 -0.05685886062452954 -0.0025851015584295207 0.9999903956900391 -0.003539177533223222 -0.00320487028706212 0.041744371185213396 0.0036440174350710155 0.9991216785813848 0.4971588117911228
0.9984680350040366 0.0022329018907392183 -0.055286501284891425 -0.08199767879984753 -0.002483287442631107 0.9999869681311739 -0.004460588671882497 -0.0029866303321646206 0.05527582074157957 0.004591047480563562 0.9984605680368033 0.6267944749377169
0.9974356194466548 0.002178353646973378 -0.07153628334248774 -0.10796933178549062 -0.0025078741422957314 0.9999866542426544 -0.004516846673090817 -0.0035606875697697746 0.0715254893471857 0.004684667754550467 0.9974277709496939 0.7637053830550632
0.9959290319148586 0.0008422400095449548 -0.09013686271941612 -0.1377547835554301 -0.0012642444157655779 0.9999885062650148 -0.004624826907203757 -0.004802063504741791 0.09013193149594517 0.004719954409812877 0.9959186497677306 0.9107559679505028
0.9939082324684647 -0.00016251412673317923 -0.11021070284038174 -0.16096113391571817 -0.0003593274329717234 0.9999888194528919 -0.004715066596311401 -0.00854681545976014 0.1102102368893572 0.004725945235648609 0.9938970616348664 1.0510478610310585
0.9912197333763849 -0.00029016917930454176 -0.1322246420569777 -0.21812370857107746 -0.0004060064916845482 0.9999861986017378 -0.005238106983888212 -0.010566210858685945 0.1322243371092372 0.005245799071002452 0.9912059353475087 1.2322431167484267
0.9877087280069862 0.003488391039340473 -0.15626675829100106 -0.2604584982422423 -0.00456455621801081 0.9999682719170198 -0.006528398411695187 -0.017778873109024606 0.15623902663980635 0.007161444494363863 0.9876933128595131 1.3772313444593136
0.9833577478916178 0.00807323834368384 -0.18150030987348606 -0.34062858392656487 -0.0097092348268892 0.9999198377841422 -0.008127039117121882 -0.02185805689039552 0.18142014888264674 0.009754016012954888 0.9833573047224581 1.5735538800016442
0.9779523251574378 0.01123368904630433 -0.2085259071424269 -0.38863410556923894 -0.013362342247108753 0.9998719765137227 -0.008802181105424632 -0.03259992814931829 0.20840032996334776 0.011394508017132812 0.9779772326890924 1.7152380908228393
0.9712211150824576 0.01272839374426159 -0.23783930207322515 -0.45638829602912745 -0.01526620701583739 0.9998444627538933 -0.008831377227146857 -0.040188368432468195 0.2376898999565135 0.01220812406021553 0.9712643683187359 1.8868293315450757
0.9631771305332006 0.015093738542963295 -0.2684436519544211 -0.5325192982278113 -0.017892728047951487 0.9998080413948593 -0.007983147573310711 -0.048015423544838 0.2682716263432116 0.012492374432903892 0.9632623085536963 2.0579755499834644
0.9537378972824185 0.016943354385075854 -0.30016153322751493 -0.6248946696147566 -0.01990819761883125 0.9997785397774179 -0.006821661681986716 -0.05202368792582813 0.29997947755618276 0.012481752389614806 0.9538639939228255 2.243926372378047
0.9423762400662673 0.019115987235363705 -0.3340083849105921 -0.7142445988887607 -0.02226825206739791 0.9997362859658342 -0.005611013553959704 -0.05636201696416156 0.33381304214848717 0.012725468763754941 0.9425534018485716 2.421729049548507
0.9298902783965397 0.02098211027016807 -0.36723809877546243 -0.8239081387680965 -0.024518012854829244 0.9996870565019252 -0.004965491734665889 -0.05826749588760319 0.36701898750508294 0.01362131091808402 0.930113714929318 2.606110579683367
0.9160531212045104 0.023676402440752066 -0.4003574741389726 -0.9435274209201057 -0.02769889346178094 0.9996072237289702 -0.00426257784135502 -0.05831265676414381 0.40009930071479444 0.01499420675875357 0.916349127424263 2.790537056257331
0.9000166396528752 0.023580790254885905 -0.4352171810474649 -1.0783264367634549 -0.027987459037098015 0.9996013628292679 -0.003717198745974928 -0.05371878563122269 0.43495603281779355 0.015526163751081427 0.9003178259673531 2.9907011773462107
0.881474286307911 0.018643789859030677 -0.4718638486657473 -1.2014318238646287 -0.02345331320643039 0.9997156309522749 -0.004312693976633046 -0.055403807161098176 0.47164926023221965 0.014868299478666483 0.8816608809474381 3.168010147948032
0.860291174635881 0.01275241104796769 -0.5096434742602713 -1.3483119869908513 -0.017801574959470098 0.9998288789534749 -0.005031574266559129 -0.05332521427736651 0.5094920988323357 0.013401075445694811 0.8603709737109454 3.3677906202102954
0.8352887498530521 0.013980469796269433 -0.5496337424441853 -1.5139647814251609 -0.017958338118986297 0.9998370063416409 -0.0018597961688979103 -0.05927704380862297 0.5495181548055801 0.011423975405316738 0.835403669087591 3.558006949241428
0.8060194196962748 0.01990244631373389 -0.5915543827098312 -1.6896406169901597 -0.02309288189514695 0.9997309683689647 0.002170181980596156 -0.06752310673582242 0.5914384277997645 0.011911486673839261 0.8062621798192954 3.7247416493719747
0.7733316587535329 0.022598465374722456 -0.6335988122875681 -1.884963646781941 -0.026047092685025152 0.9996532530055682 0.0038629934044867057 -0.06853293429735487 0.6334664115264259 0.013516031891530472 0.7736521326473159 3.8893388510336204
0.7372546807905667 0.022243824412357283 -0.6752486563688312 -2.091742787151783 -0.02550187893431235 0.9996618316287894 0.005086900371903782 -0.07682902056526 0.6751334607492206 0.013469768375373678 0.7375726238931963 4.049103465637959
0.6971314882128419 0.017950979217057506 -0.7167185294711568 -2.3083443046695975 -0.019271521676643553 0.9997944628985274 0.006296063032702261 -0.08059702951338167 0.7166842377186868 0.0094230728848859 0.6973341445125077 4.21760294100272
0.6544302334302189 0.014959384855866863 -0.755974395318521 -2.5304006523588853 -0.0141423672755539 0.9998715404915203 0.007542941267001387 -0.08890367129609317 0.7559901209806335 0.005754938735395147 0.6545577267589462 4.363999053347455
0.6093354400199261 0.014290179840041961 -0.7927837739862379 -2.79174242997693 -0.011617261428796113 0.9998911605271151 0.009094302427011959 -0.08208872754118499 0.7928274470353673 0.0036684955878681204 0.6094351330268906 4.5147544975867655
0.5609391410697443 0.014809018681802047 -0.8277245755573648 -3.078224035256107 -0.009009526729899369 0.9998899812924181 0.011783621648328722 -0.0759009747402747 0.8278080142424576 0.0008475120823743283 0.561010849520069 4.653632037734228
0.509366657565032 0.01560288489663402 -0.8604081346337504 -3.3735944519416994 -0.0075133072035731925 0.9998781396800477 0.013684151593425831 -0.0751776091579968 0.8605167972653947 -0.0005057399227997942 0.5094218152486585 4.780347578209813
0.45647698360590716 0.017179571555627566 -0.8895693484822966 -3.6188391570403744 -0.005845964817303791 0.9998499009448895 0.016309514887011087 -0.080117684514152 0.8897160154416731 -0.0022445270459190998 0.45650889801287875 4.876580956832412
0.40183025798491423 0.019464588929708714 -0.9155072766207677 -3.8746153306756113 -0.005304329740038265 0.9998067650161391 0.018928727214784093 -0.0837297251436979 0.9156988084811437 -0.0027499828654417827 0.40185585691943515 4.962049966988932
0.34627899034798215 0.02149776709157709 -0.9378852311736542 -4.225251638414354 -0.004399995319034876 0.9997636263672205 0.0212915813000625 -0.0819154812666714 0.9381212612902315 -0.0032461366485416012 0.346291729199651 5.044239594397163
0.2910914859336514 0.024630978118896186 -0.9563780955949615 -4.584875032881303 -0.00178078922114248 0.9996807376609564 0.02520419686075777 -0.08193068205118387 0.9566935641085335 -0.005633619311989967 0.2910424139653168 5.112228855080683
0.23747627079690092 0.026593336077842287 -0.971029255627578 -4.928253743069292 0.0028381579466542446 0.9996019320780299 0.02806995271352508 -0.08474843082523241 0.9713891937158181 -0.009421882090146456 0.23730626302315028 5.164822428528327
0.1866564110629655 0.027132321822883373 -0.9820505187217166 -5.30148417398846 0.005761477078171928 0.9995711368136005 0.028711458183868676 -0.08673725695904852 0.9824083619305013 -0.011017239294207358 0.18642003874949498 5.200729701760773
0.13941102826444962 0.028203360159570572 -0.9898328826998821 -5.69405397021374 0.0034223464986374605 0.9995746271885859 0.028962945727993926 -0.08327200676617838 0.9902286870933866 -0.007425305145851246 0.13925520493252264 5.213784237965979
0.09698814048263316 0.02818862946646114 -0.9948862757996633 -6.133940625322603 0.0008050494466993831 0.999596298483178 0.028400562566921993 -0.062123298988360186 0.9952852116358956 -0.0035554503978877717 0.09692629298265143 5.222002216816661
0.059007892696074316 0.026772113994759594 -0.9978984530060262 -6.536128736016983 0.00032013021965197094 0.9996397511771629 0.026837760396544466 -0.05162253912001491 0.9982574648437201 -0.0019030971366334334 0.05897806460945876 5.225533001439131
0.024626199035938434 0.023976849290469737 -0.9994091559612335 -7.0191235180382385 0.00044625026964669357 0.9997119762946393 0.02399511020527872 -0.0374553580021999 0.9996966295740622 -0.0010368949651395512 0.024608406431381957 5.213189244098574
-0.0067024260872567964 0.02133132036973872 -0.9997499948766335 -7.505665159678201 0.0007534688777960388 0.9997722751991488 0.02132674442496412 -0.0344364192918326 0.9999772546259217 -0.0006103395785261584 -0.006716972264631638 5.187234356771544
-0.03284874911231084 0.018979392443054587 -0.9992801120527964 -8.05286789870486 -0.0008821620336852188 0.999818740486766 0.019018621443289266 -0.013844382832337465 0.9994599449061994 0.0015062649001223065 -0.03282605206460065 5.154097174335375
-0.05349215543796593 0.016590297200745452 -0.9984304439195508 -8.5565917778516 -0.0020611407315869325 0.9998580122155148 0.01672444639813187 -0.008477774243899451 0.9985661425291191 0.0029525323419618095 -0.053450365268018274 5.108692163145794
-0.0698095011854265 0.015796500298678608 -0.9974352631236556 -9.077729812767725 -0.0012746999876208872 0.9998723875662288 0.01592431231013955 0.0007129922714259675 0.9975595263863625 0.002383099016648147 -0.0697804568263447 5.0615685599159175
-0.08280330141962167 0.01645067229152828 -0.9964301223142386 -9.617501723699258 -0.0003814241371283984 0.9998631478634525 0.016539046532834244 0.001717495343083493 0.9965658371576056 0.001749550154863871 -0.08278569492742505 5.001973789439485
-0.09198758004032204 0.017583877149595816 -0.9956048876852269 -10.18918703759754 -0.0011718438452720332 0.999841468169556 0.017766972464351015 0.004435449739695102 0.9957594648811167 0.0028010342615953725 -0.09195239152266632 4.919052453371535
-0.0987381841163959 0.019052971751766345 -0.9949310304060396 -10.744440344215278 -0.002848621601465207 0.9998071800772786 0.019429050951903684 0.0026908099910644767 0.9951093690405939 0.004752571235278578 -0.0986648707204607 4.855724041093159
-0.10325920632661845 0.020029274647252925 -0.9944527964996138 -11.393454585013282 -0.0017489724038663912 0.9997920298862065 0.020318417053235758 0.015415704086245978 0.9946529431939203 0.003837334116755935 -0.10320270084910099 4.77350603004447
-0.10453604071781175 0.020588639827163628 -0.994307962404562 -12.019068405238391 0.0005117088731626351 0.9997866704552919 0.020648286465244095 0.027500819925699804 0.9945209672727235 0.0016496939076651189 -0.10452427548152587 4.696326048345436
-0.10369436508940222 0.022872016891238252 -0.9943461919734158 -12.660413135771996 0.0023812018924362307 0.9997384011648348 0.02274772766513547 0.03462858559497291 0.994606358579239 -8.927856601009588e-06 -0.10372170165418693 4.626206683909576
-0.10193723825419143 0.025379940120353554 -0.9944670221262221 -13.327267212692409 0.00196958232695089 0.9996776842747593 0.025311031360101405 0.040740276048481155 0.9947888822270613 0.0006214519626986732 -0.10195437016083453 4.545713769385168
-0.10041917879672169 0.025247093739481002 -0.9946248402224338 -13.992146021312823 0.00016087104275380287 0.999678392634816 0.025359128919943984 0.05338878138750611 0.9949452058532168 0.002386536565945552 -0.10039094477551136 4.475503721437983
-0.09878589008603345 0.022653425987897543 -0.9948508281199354 -14.646755059086567 -0.0008031958919450906 0.9997387081359139 0.022844481414406193 0.06686146748252342 0.9951083874615215 0.0030557725283200643 -0.0987418829979756 4.402884785421448
-0.09707682659263028 0.022706867109247467 -0.9950178329682274 -15.322228492605646 -0.0008056561725174289 0.9997375922575402 0.02289317682690329 0.07316498273261111 0.995276564908888 0.0030240392158754834 -0.09703305895407399 4.327920039072296
-0.09598540982630155 0.02577204499306425 -0.995049045423065 -15.964621945486568 -0.0012888795063851059 0.9996607004576332 0.026015817307400126 0.07173217213947837 0.9953819065514983 0.003779637208710835 -0.09591962496004447 4.302861556926768
-0.09402973907245937 0.0292001610450816 -0.9951410748054302 -16.72323962498038 -0.002640192119249907 0.999558951050296 0.029579262343834963 0.08127086634996915 0.9955658881036147 0.005408693943389796 -0.09391117331972865 4.2139118713762125
-0.09195468949306562 0.03145732011111987 -0.9952661815271634 -17.471431486452598 -0.0029785966008528527 0.9994877134258087 0.031865948489537665 0.09079718485219009 0.9957587373669002 0.005894719863998063 -0.09181388367344945 4.126341378547052
-0.09011279013638651 0.030799200445109375 -0.9954552196386223 -18.220454838851435 -0.005330755677654819 0.9994924731214129 0.03140667472921888 0.1020683053618195 0.9959172998285253 0.00813667165269557 -0.08990287246064788 4.053209937601821
-0.08857166233127267 0.02790437923720697 -0.995678867030561 -18.986884744631237 -0.0072873375305652615 0.9995626116030978 0.02866147583273069 0.11304335637759125 0.9960431493382157 0.009794442535475054 -0.08832957348379233 3.9778350564674874
-0.08724069656988065 0.027496800659146135 -0.9958077057421848 -19.767072468012888 -0.0076444502082714345 0.9995710805453101 0.028270431876687662 0.1294982616408058 0.9961579308739231 0.010078734592812723 -0.08699307941435563 3.904887467872401
-0.0859723624018065 0.030185594734697948 -0.9958401391657024 -20.452690119904876 -0.005028551134518639 0.9995150386990446 0.03073110944848743 0.13510754122385696 0.9962848320518286 0.007649659140115823 -0.08577887932644068 3.865797322418459
-0.08509583269672927 0.03246458754434329 -0.9958437376482446 -21.237320562751584 -0.0030548240082265764 0.9994558421603792 0.032843380181796965 0.14085274635347908 0.9963680882625301 0.005836962143355214 -0.0849503535308005 3.810022410877157
-0.08395025224139352 0.03439891690603822 -0.995876031273119 -22.04430894960661 -0.0018733729912103444 0.99939676586885 0.03467844928077086 0.1515283435820102 0.9964681859559003 0.004776911824041891 -0.08383516858206419 3.7377026485699933
-0.08317603996445255 0.02968544229867938 -0.9960926266624825 -22.875050975053114 -0.00181547482217568 0.9995500467122235 0.029940076298533864 0.16360062613782275 0.9965332159175639 0.004298678067006183 -0.08308472145872803 3.654577104960099
-0.08282654720314353 0.02279324088126393 -0.9963032827651099 -23.68092006589979 -0.00030527985782172423 0.9997377782817332 0.02289719372570565 0.1762310852720771 0.9965639316584834 0.002200646821451522 -0.08279786996628213 3.586395724057122
-0.08274027897033642 0.018327506547670194 -0.996402603739902 -24.501780028720013 0.002906453165319574 0.9998310649098282 0.018149219577618406 0.18719112944769192 0.9965669063168358 -0.0013943260106264656 -0.08277956927326557 3.514268879605101
-0.08339655780013056 0.019130657352154454 -0.996332791840339 -25.324957390411477 0.004781804021669577 0.9998118820079723 0.01879720580232224 0.19784068939097704 0.9965049666195287 -0.003196645890769097 -0.08347234846139884 3.452534703235775
-0.08371692769327832 0.02678615060262151 -0.9961294986865373 -26.177506587290413 0.004185254748987841 0.9996392883735534 0.026528791580127893 0.19868764093939698 0.9964807874014855 -0.00194814678848109 -0.08379883688814571 3.383312355657125
-0.08361703561858458 0.033883263113065186 -0.9959217418227052 -27.039862740415185 0.002285671116062229 0.999425645614103 0.03381056929988982 0.2077513670324232 0.9964953422178698 0.0005507900182909634 -0.0836464558032568 3.2922603344304835
-0.08370818984415163 0.0391535849422047 -0.9957208121452463 -27.898350800118546 0.000440128666342398 0.999229146641862 0.039254538439946994 0.22432624444736093 0.9964902133186118 0.002847681082876777 -0.08366089572002977 3.2039081043813518
-0.0837269897410069 0.03937772410737889 -0.9957103926509117 -28.763472391085966 -0.0006676342778849396 0.9992164779943916 0.039572520376574515 0.24231363793833455 0.996488507436679 0.003978058396575261 -0.08363509788368217 3.109608560486157
-0.08394028767053907 0.035948416823083376 -0.9958221424700806 -29.610438362212854 -0.0006714388204856758 0.9993467914567503 0.03613225117548944 0.2564753490607888 0.9964705601650748 0.003701585202608372 -0.08386131999491986 3.0255680278996113
-0.08434945769712687 0.0333720836564776 -0.9958772379257524 -30.4608801346844 -0.0008024472456602637 0.9994364052939111 0.03355931840194479 0.27103968120276595 0.9964359111677071 0.0036298492544785204 -0.08427513945269505 2.945318982397566
-0.08466031899685 0.03472884761507183 -0.9958044675189408 -31.304655665562212 -0.002420964170200246 0.9993822962357711 0.03505944812748866 0.2858274481918577 0.9964069295824064 0.005378950998715389 -0.08452394670337648 2.8714754518012517
-0.08468231136739979 0.0380910972986701 -0.9956796545315458 -32.276610245899654 0.0009715621411127605 0.9992717085522494 0.038145885152584706 0.2748336309279443 0.9964075281773422 0.002262917066857159 -0.08465764583230406 2.7377696239418325
-0.08441381325329766 0.03660159173089387 -0.9957583198822907 -33.12781199035872 0.0003457053112539206 0.9993261423380524 0.03670342937089595 0.28476658344017347 0.9964307244459472 0.0027540374927618218 -0.08436958372312442 2.6475253152298386
-0.08408732067351332 0.031472710624551814 -0.9959612397015726 -33.97288496806571 -0.0004953632651657756 0.9994996391857186 0.03162634792153369 0.30065583115183436 0.9964582666209286 0.0031527374710872244 -0.08402965624857184 2.566218887758501
-0.08425006417390635 0.027374431392604662 -0.996068555468259 -34.81038705611568 -0.0014346293011841082 0.9996182021278796 0.027593329146625014 0.3128246416287818 0.9964436103089129 0.0037537288870377722 -0.0841786255172996 2.500076881196906
-0.08353131079794673 0.0281197398107886 -0.9961083276177097 -35.660371812854535 -0.0008447226213243429 0.9995994255942682 0.028289128570922983 0.32576918834288005 0.996504795051218 0.003204463228489077 -0.0834740969124399 2.4183207553739057
-0.08270099975999767 0.030835286798009058 -0.996097249131219 -36.51567161190038 -0.00013789033530128933 0.9995208403766288 0.030952716182158092 0.32470602908120366 0.9965743954291384 0.002697172757227326 -0.08265712089206456 2.3362755274963805
-0.08223444877912267 0.03574248242988057 -0.9959718722854294 -37.375682956364734 -6.037707938965383e-05 0.9993565009942658 0.03586893189246505 0.33742260394741863 0.9966130100438195 0.003009795715275592 -0.0821793729663971 2.254083457844718
-0.08158154514374538 0.04125709232730829 -0.9958123838478086 -38.24488731204399 0.0010549384760474266 0.9991458713283753 0.04130877524538094 0.35368415068214204 0.9966661118934319 0.0023195129138683076 -0.08155538770106863 2.1726290866074027
-0.08189127405561947 0.04450437439764166 -0.9956471161475947 -39.09965239524513 0.0011091183539631152 0.9990059476102129 0.044563286412667005 0.36830512821196 0.9966406519353023 0.0025450538098490305 -0.08185923045741794 2.096217644108808
-0.08106389788004975 0.04440833728981082 -0.9957191090059725 -39.94352403861549 0.0009338990108524652 0.9990098798125749 0.04447907226440357 0.38394899225734724 0.9967084690585963 0.0026757458808533813 -0.08102510778055594 2.0096570500945616
-0.08093448660325486 0.039867283913753514 -0.9959217883707574 -40.79269357012125 0.0011096248347200325 0.9992027244760483 0.03990844687993311 0.40715672816478615 0.9967188056874384 0.002124870109545673 -0.08091419724636606 1.9287124497008787
-0.08071190965437536 0.03569959033300755 -0.9960979504496532 -41.62844627038935 0.0002509214158155933 0.9993590814635274 0.03579613575259255 0.42087138396009216 0.9967374401909399 0.0026392321668211615 -0.08066913768711426 1.8516241722550584
-0.08048314334153495 0.03299478408937763 -0.9962097208222581 -42.460847289430006 -0.00382735292221595 0.9994343751060145 0.033410795052782716 0.43561428356938664 0.9967486217735517 0.006501851993516756 -0.08031133738881246 1.767999399445467
-0.08120742219624133 0.031338210347041894 -0.9962044324095763 -43.296315921729395 -0.006655623172018767 0.9994662410941941 0.031983364320132567 0.4455493117493279 0.9966750008204449 0.009227647874014179 -0.08095550169247101 1.695562772944541
-0.08197701725368467 0.029423643477967658 -0.9961997881181619 -44.14721576642118 -0.0046708487654744555 0.9995417807993464 0.02990671510349256 0.4561325833199772 0.9966232747703615 0.007104761850537667 -0.08180202042155194 1.6193236635993813
-0.08353623507835417 0.02582320547998181 -0.9961700956602104 -44.97525968088108 -0.0010807097575578504 0.9996612460592003 0.02600433028914794 0.4629117570313586 0.9965041542790246 0.0032488745906567498 -0.08348002945938804 1.5540714847499535
-0.08412230790246644 0.0240676543172553 -0.9961647380472912 -45.7899636398187 0.0027394803394585263 0.9997100752202801 0.023921972128809702 0.47687729742070206 0.9964516709608313 -0.000716602209688464 -0.08416385162669737 1.486778893787644
-0.0858821486433834 0.02780173646794602 -0.9959173258829085 -46.607990011640204 0.003528444472700463 0.9996128028099752 0.027600625681107233 0.47840297332165455 0.9962990548143662 -0.0011436379463829443 -0.08594699220012725 1.411175141801543
-0.08726291921185836 0.034000924282660945 -0.995604901594277 -47.43070374622072 0.005454367364374723 0.9994186902767981 0.03365310389940426 0.4834708637127205 0.9961703834220729 -0.0024937267962653505 -0.08739764596021149 1.3317527558371516
-0.08942417916834633 0.03749835238794573 -0.995287491003608 -48.25847371124495 0.0074652730547416285 0.9992881824974296 0.03697834527398594 0.4995019048806211 0.9959656549692293 -0.004123334715180742 -0.0896404609121404 1.2562605591482665
-0.09062025137508067 0.03671543561511539 -0.9952084941499995 -49.0805981805525 0.007294890064783991 0.9993178385838248 0.03620279087439741 0.5074894402889086 0.995858802551677 -0.003979230546846096 -0.09082626880256162 1.169702230255273
-0.0915028573912755 0.03306643377446791 -0.9952556646644471 -49.87603312320243 0.0037646306925080393 0.9994528820040767 0.03285976581618121 0.5116923134493692 0.9957976976499698 -0.0007400075566995211 -0.09157727744279764 1.0843308824429356
-0.09222694505424944 0.029574122432716312 -0.99529872997422 -50.75314036707412 -0.001108185548907396 0.9995551691324874 0.029803284807442657 0.48676200535718417 0.9957373963705238 0.003851641579775476 -0.0921531460471714 1.0036929045806176
-0.09352364796126578 0.02801238812254816 -0.9952229063801182 -51.54972838314329 -0.005140621089219693 0.9995772019462298 0.028618025161833146 0.49733912486516024 0.9956037873003672 0.007792525971594068 -0.09334010527178394 0.9135120785016481
-0.09522748779475698 0.029171255781607862 -0.9950280214166953 -52.324906099323016 -0.007027952029832979 0.9995259197008813 0.02997571911353597 0.5019139188635043 0.9954307276041693 0.009847521628879467 -0.09497732813257587 0.8540827735135408
-0.09595696615112637 0.030785626102560516 -0.9949092952990966 -53.110366122160116 -0.0075351900641705 0.9994704976766053 0.03165351773145762 0.5053269671453193 0.9953569618773802 0.010534206166210182 -0.09567418117067605 0.7665193428223666
-0.09706200168603707 0.030171220656345695 -0.9948209212078353 -53.90699996599176 -0.009103710241084726 0.9994716862297826 0.03120049494545509 0.518964786526896 0.9952367006338474 0.01208494390144606 -0.09673605244350614 0.6846282726986581
-0.09747705023233921 0.03000008916529363 -0.9947855142331321 -54.6958556757212 -0.009875628802761244 0.9994672100422898 0.031108969864519102 0.5281639551363123 0.9951887743708491 0.012856543095090413 -0.09712884569422209 0.5919693211341225
-0.09771879266312244 0.031732173121543326 -0.9947080510126811 -55.4749919689041 -0.008559913526123827 0.9994277815330449 0.03272365169661741 0.5396691768986744 0.9951772532774689 0.011712330635729701 -0.09739125150747574 0.5045835874903286
-0.09799697525612383 0.03455902720571422 -0.994586480140991 -56.265275045514514 -0.008059801062131668 0.9993365279808296 0.035518212934485836 0.5496185965129868 0.9951540747278735 0.011496846603104691 -0.09765341812089923 0.41674813806741007
-0.0979041205539748 0.038712008874499944 -0.9944426396466786 -57.037268003290215 -0.008499816709280836 0.9991741792293741 0.03973301746929253 0.5599595552009168 0.9951595531845442 0.012342606297176978 -0.0974942243178103 0.32594816198438603
-0.098604036758551 0.040893482032076225 -0.9942861595447313 -57.82482924388162 -0.00846956067279643 0.9990846196775658 0.041930767531056866 0.5737625951004474 0.9950907046480378 0.012555709897332429 -0.098167426736397 0.24042425408437895
-0.09899943593094518 0.04093726494689158 -0.9942450663815349 -58.62302909432681 -0.00818217836260446 0.9990861521062435 0.041951312575205735 0.5855498225591342 0.9950538496195054 0.012288246750781367 -0.098574009501464 0.13674931251180703
-0.09942463664020629 0.03893395100649346 -0.9942831030888472 -59.39177011550249 -0.007528157835770247 0.9991761830309601 0.0398783412804623 0.6001857912936363 0.9950166171821266 0.011450009725116358 -0.09904962800905448 0.05606190490834638
-0.09948005443517705 0.03530877509597463 -0.9944128967238893 -60.147248344207895 -0.007121207574401719 0.9993193595092947 0.036195388001998854 0.6169637657684885 0.9950140738563736 0.010682139820974105 -0.09916090316545456 -0.03598375630303295
-0.09886502878389658 0.032433798819626145 -0.9945721465925373 -60.90390711855752 -0.007301880331113995 0.9994181383939207 0.03331767087987993 0.6284146483875274 0.9950740618804158 0.01055619928562959 -0.09857067530179897 -0.13422122735299874
-0.09738653852345802 0.030436483605871974 -0.9947811229512394 -61.644468675904875 -0.007968392156346728 0.9994763833933568 0.031360225850246 0.6244933784052437 0.9952147340352544 0.010980869940275764 -0.09709301547739191 -0.22599534320479073
-0.09473245156123844 0.030159261335419303 -0.9950458188329317 -62.370032099596855 -0.009675531244177844 0.9994658806094768 0.031214381183455292 0.6153800603183442 0.9954557482461692 0.012584611762982265 -0.09439004624659564 -0.32298916348944356
-0.09104018432679628 0.031508364026551286 -0.9953486363250384 -63.101021817531375 -0.010138010227577699 0.9994182188333605 0.03256446855974788 0.6142416581734694 0.995795614363896 0.013055529875252362 -0.09066778674539222 -0.3838508066071611
-0.08525310238619932 0.03296882129683481 -0.9958137202086673 -63.78403994958316 -0.009343368940981473 0.9993820002065829 0.03388685762832291 0.6239267553429041 0.996315517288756 0.012193214727334837 -0.08489237612561085 -0.4459669126885307
-0.07826545700413146 0.03455270947884879 -0.9963335929835975 -64.45575743847702 -0.00878614380757842 0.9993364754033421 0.035347031069354225 0.6294381480190705 0.9968938368336556 0.011520381768657433 -0.0779099408739179 -0.4947589575341351
-0.06967803537588235 0.035984912642644966 -0.9969202864062195 -65.0997406772481 -0.009339236565461357 0.9992818455592419 0.03672290560521782 0.634468307933966 0.9975258142256429 0.011869254307520725 -0.06929192417339669 -0.5393326126337051
-0.057834885451120144 0.03758143090595782 -0.9976185453748928 -65.71205491088234 -0.01173380715512709 0.9991965819983177 0.03832112071071714 0.6456294210693049 0.9982572032269553 0.013922161252470254 -0.057347446600159335 -0.5748414040245678
-0.0429937924077024 0.03926948312225497 -0.9983032813277308 -66.33882718486237 -0.014803515104826614 0.9990924915204855 0.0399380686554787 0.6537897551518489 0.9989656599478005 0.01649548673727125 -0.04237344878996696 -0.602687543940902
-0.025073589225389048 0.040440051836013076 -0.9988673171802436 -66.94334049899686 -0.016153022276344752 0.9990346188001936 0.04085229871245618 0.6641138483227929 0.9995550985286887 0.017159039782354203 -0.024396154595575537 -0.609764539632326
-0.0018681023074611502 0.040994087922856366 -0.9991576426916537 -67.56049037995012 -0.01548146511291216 0.9990384558000274 0.041018143188771145 0.6824369445501033 0.9998784098237781 0.015545050275569093 -0.001231657502509087 -0.5870364916319603
0.023656050085896885 0.04139743911287395 -0.9988626749104353 -68.1157850532701 -0.015077626099885964 0.9990434122145304 0.04104784649576577 0.6911978170828555 0.9996064508022776 0.014089448024809433 0.02425759610576894 -0.5635733046517962
0.05299056686378634 0.04078761914586425 -0.9977616799355781 -68.65270850796736 -0.01391237783777252 0.9990986755046758 0.04010339571285092 0.7045220658754547 0.998498094923748 0.011756135811327692 0.05351025793651132 -0.5158573005340199
0.08703085657947252 0.04086242058711675 -0.9953672149447181 -69.16304455046952 -0.012805481225595623 0.9991217430575134 0.03989689461971976 0.7123221562200565 0.9961233104659403 0.009273895269932834 0.08747768408513179 -0.4460548044783702
0.1244816316666224 0.04104164440243341 -0.9913727385813873 -69.65754593060737 -0.012662287427589585 0.9991285162716005 0.03977278529360612 0.7229984303152593 0.9921411138818493 0.007602065354519821 0.12489282904806476 -0.36056317819452915
0.16531645805494133 0.040710388362558116 -0.9853999862875678 -70.12795308490851 -0.012966453853139251 0.9991510463937344 0.0391031656618743 0.7309548381897188 0.9861553324758953 0.006312746603125128 0.16570398142374698 -0.2560871379012483
0.21074801086111283 0.042159511633386236 -0.9766308675732704 -70.57485860288573 -0.01211189891759956 0.9991054750791457 0.040516065597297465 0.7289472091863101 0.9774653844626389 0.003290174115306203 0.21107012325669605 -0.14010299819800714
0.2594886505803069 0.04100735898226481 -0.9648751404867425 -71.0128940897351 -0.008768229560946588 0.9991569477305834 0.04010625826564691 0.728270963904396 0.9657063520399862 -0.0019468721077396524 0.25962945002179205 0.0018726732126787128
0.30998118346289805 0.03607760804162164 -0.9500579309162871 -71.44619022410528 -0.0018993531629921318 0.9993012673030899 0.037327866587856716 0.737187890154137 0.9507407945157837 -0.009766440724937387 0.3098331135935326 0.1786401680908018
0.36151978535126716 0.030773103545799138 -0.9318564593850993 -71.85750594090024 0.0030939918440859864 0.9994100728602064 0.03420429037453534 0.7429094568031321 0.9323593041387224 -0.015248683999490767 0.3612113032869282 0.37798477641537864
0.414294298599752 0.025967797325572792 -0.9097724482802267 -72.26586275583206 0.007793970913241818 0.9994550160470764 0.03207685950559495 0.7515391689508042 0.9101096022815842 -0.020380000009718135 0.4138661225981909 0.5945626849053698
0.46535877405688164 0.025456485784931194 -0.8847559995500218 -72.64816489882618 0.007142089882564737 0.9994457963224322 0.03251293228130212 0.7638044147041965 0.8850933295197665 -0.02144918518034583 0.46491905800334066 0.8353606660840985
0.5138398582711288 0.024373747584689385 -0.8575398069364385 -73.0232320204708 0.007844150954374813 0.9994210417844327 0.03310665392823994 0.7745143798002525 0.8578502604462572 -0.02373819005731298 0.5133511751083186 1.093233409796514
0.55768923980551 0.01976470251323242 -0.8298144782659048 -73.35350437595612 0.015304105321541753 0.9993016886573187 0.034086938949374306 0.7850403073724187 0.8299087276113316 -0.03170948724269501 0.556997317994751 1.389705353492504
0.6004608873175193 0.012641094160522483 -0.7995542042540218 -73.69132390376151 0.02586897321769975 0.9990446283520471 0.03522253235617814 0.7938435891023039 0.7992355841843625 -0.04183339932810729 0.5995602118837906 1.7269496747956665
0.6428982936557142 0.007669807835159393 -0.765913153080911 -74.01340981764028 0.026681644806961183 0.9991187323309406 0.0324013662645482 0.8042043943324152 0.7654866908346392 -0.04126660578707641 0.6421270850866265 2.052036147743886
0.6840609610459438 0.0037554303433009945 -0.729415175545338 -74.30894804484878 0.022722030925333377 0.9993917462416362 0.026454618778602883 0.7989135780765012 0.7290708545014866 -0.03467036612194381 0.6835595473910393 2.367584349090254
0.724280027959994 -0.003100252527987866 -0.6894989699285511 -74.58192242049623 0.01869686942211299 0.9997104871645527 0.015144930736889363 0.8107050858036347 0.6892523980169258 -0.02386064306500193 0.7241283046121328 2.708643330940725
0.763250456060725 -0.0059663743963575015 -0.646075184246894 -74.843548799659 0.013852435281417051 0.9998786213518397 0.007131100919105664 0.8131996527338639 0.6459542176964786 -0.014392530705432147 0.7632404625673508 3.0670809501065706
0.8003222967385869 -0.006663258160023436 -0.5995330035400604 -75.10682109926194 0.011650751924419528 0.9999222724664304 0.0044394825335149065 0.8165031250181727 0.5994568219001839 -0.010538027152300868 0.8003377216282315 3.467451769330273
0.8344586743649227 -0.007169967417399972 -0.5510238763832013 -75.36618506357024 0.010684532640505194 0.9999378966883035 0.0031691526984062896 0.8073001627903578 0.5509669332540656 -0.008531959552486142 0.8344834594686732 3.9114518761078805
0.8649544065888269 -0.005902475643839981 -0.5018157383979145 -75.58243590093733 0.007327346445302097 0.9999727780363341 0.0008678596470388602 0.8121200763593427 0.501796955467688 -0.0044276367929534915 0.8649741103153256 4.350381105549965
0.890881241110711 -0.004353476014792433 -0.45421543510060053 -75.79547668683708 0.0060364974294000295 0.9999792368225052 0.002255354221596204 0.8115260840652203 0.45419618551439206 -0.004751123074458498 0.8908890233321474 4.841600369715082
0.9121810854372243 0.0028507572623327915 -0.40977742806747963 -76.01413524802922 -0.001604192213146754 0.999992981446121 0.003385797666904992 0.8063327190494162 0.40978420410981004 -0.0024310988316390623 0.9121792564077307 5.369498260280317
0.930007104536267 0.008914776128110079 -0.3674334120336019 -76.22136638121248 -0.00870316918096583 0.9999596338996519 0.0022328048463049963 0.7763864970494317 0.3674384851349631 0.0011213107775613082 0.9300471505810142 5.951600101237747
0.9435547400439432 0.014284913990045436 -0.33090843714372664 -76.41446162057635 -0.013866665926226403 0.9998972828000455 0.0036248345032708993 0.7698756546934434 0.33092622760472934 0.0011683669726056571 0.943655904873127 6.515581478073244
0.9535759854961925 0.01502752598736668 -0.3007773484617224 -76.59047225711817 -0.014012111263417566 0.9998865167612774 0.005533022405654101 0.7638937756993419 0.3008263629120742 -0.0010616316210827522 0.9536783379711391 7.099694847203577
0.9609329320137792 0.014519092985229099 -0.2764002462196588 -76.74172207204133 -0.013088198276223144 0.9998896961121259 0.007021016641690683 0.7556339432837561 0.2764716969913629 -0.0031291448810975746 0.9610169661431733 7.686797344420648
0.966735674834016 0.015827710688737923 -0.25528732553257166 -76.89629671032456 -0.013916969046590514 0.9998600027720397 0.00928939337379746 0.7431883846708132 0.25539861584545803 -0.005427562164593049 0.9668206082791024 8.291799183651554
0.9713608454412748 0.018826777908058517 -0.23686211258285406 -77.06438079913218 -0.016509945452645267 0.9997945262199891 0.01176125170626864 0.7431123387657301 0.23703487010303498 -0.007513838842307499 0.9714720853329184 8.953192543005066
0.9749392748099706 0.024864884857954062 -0.2210772442699821 -77.22789080570818 -0.022478536845813232 0.9996588024211045 0.013303913832953504 0.7383268438654227 0.2213326135351048 -0.00800101512334038 0.9751655541202817 9.618514232794539
0.9777344580989903 0.029496742802584363 -0.20776253658903937 -77.36503406424872 -0.027050722337184165 0.9995273640565039 0.014605030752916167 0.7352854225058875 0.20809514138227808 -0.008659715139382407 0.9780702538503021 10.262378630230279
0.9804841691997236 0.028276792746396807 -0.19455389212427776 -77.50663597978873 -0.025909458204030334 0.9995561697080919 0.014702502306132794 0.7296451967410021 0.19488328282410833 -0.009374784822360233 0.9807816370045032 10.942220617290129
0.9830833482732845 0.029028021814556385 -0.18084386718194712 -77.63340388701394 -0.02688504864955098 0.9995363827061055 0.014290339600760689 0.7291586600222816 0.18117484512729512 -0.009186598735518544 0.9834079936103698 11.638596595273588
0.9856596621367192 0.029889788280979233 -0.16607718384247372 -77.74927133019726 -0.02780587160085178 0.9995028926203582 0.014859379127460454 0.727962376617004 0.1664387693449021 -0.01002836976057921 0.9860007950599734 12.318857745686342
0.9878381854243509 0.03129283574340127 -0.15230389965021368 -77.8358990242451 -0.029256712435490988 0.9994503146053662 0.015592094557873335 0.7170967177193688 0.1527081012749253 -0.010946555000144315 0.9882107106981972 12.987836942164437
0.9896741455656499 0.03183397216716859 -0.1397558006487057 -77.932935723129 -0.030330163387024885 0.9994569779925342 0.012877512607152157 0.71027612273423 0.1400898525512009 -0.008505725018534475 0.9901022603014761 13.680628610017624
0.9911597162846588 0.03173386539302364 -0.12882305151537138 -78.03177374087652 -0.03101180057109427 0.9994900662177485 0.007607611805245563 0.7056846917770037 0.128998779218461 -0.0035453235759365133 0.9916384147666369 14.433224970708654
0.9923555078264459 0.030445056412268665 -0.11959784540939919 -78.08191789622225 -0.03045366529701898 0.9995346369079336 0.0017561011651981806 0.6934884305329148 0.1195956535852951 0.0018995160907576063 0.9928208657568227 15.06329021300237
0.9933178108137841 0.030364846042332673 -0.11134497224812953 -78.17276240105612 -0.03039499515625209 0.9995369466818858 0.001427055466507728 0.6948637795598422 0.11133674590880907 0.0019668102802536205 0.9937807910539219 15.831158572013539
0.9939882366643267 0.032093731919527836 -0.1046774939727729 -78.25223503478955 -0.03144477425045101 0.9994747074039272 0.00784445231818524 0.6857670644704538 0.1048742654099689 -0.004505733160273548 0.9944752821580876 16.595487605890092
0.9943956855998625 0.03620704900470659 -0.09932909977821335 -78.32763137495796 -0.03478172186861287 0.9992661339690464 0.01604447962416242 0.6765689800550532 0.09983712878600799 -0.012499724194016503 0.9949252758930389 17.329832714669767
0.9948055310056982 0.03771058034682905 -0.09455087313386415 -78.43037819461301 -0.03599063598893122 0.9991553448425415 0.019831061335543347 0.6695398769311919 0.09521885108308634 -0.01632510344491525 0.9953224911534602 18.150619078261027
0.9951464036785499 0.03663443298679449 -0.09133210588497692 -78.48388769963061 -0.035062997642582416 0.9992091646078246 0.018751841510889766 0.6684967164598774 0.09194684030441086 -0.015458450228575062 0.9956439197195782 18.87050296222787
0.9954231670385913 0.03686834641308601 -0.0881671342146575 -78.56087529500185 -0.03542529767839712 0.9992124237017928 0.017876817512800937 0.6668893838506037 0.08875678457029465 -0.014671651330157829 0.9959452674921392 19.655100442077096
