1.0 0.0 0.0 0.0 0.0 1.0 0.0 0.0 0.0 0.0 1.0 0.0
0.9999968272460485 0.002141281436487987 0.0013268050520929638 -0.0509168899534569 -0.002143831403258375 0.9999958521498908 0.001923452606128192 -0.015095321398683947 -0.0013226808953450168 -0.0019262909498230145 0.9999972699554863 0.7693217473721863
0.9999879665318212 0.004247441469252671 0.0024547978569447793 -0.09146362921873932 -0.004253374234465013 0.9999880342148062 0.002416657780721426 -0.030045287166732174 -0.0024445038708861004 -0.0024270698739024717 0.999994066848725 1.5324606030922767
0.9999826951318509 0.005060549227893766 0.00300004639161171 -0.09656416154822611 -0.005067347952834624 0.9999846003944168 0.002262953544250356 -0.04502916878105045 -0.0029885484042694323 -0.002278116663078588 0.999992939356526 2.2579112111393598
0.9999729317033541 0.006581287060444201 0.0032897600561620677 -0.10704176805385147 -0.006587980682156875 0.9999762425703516 0.002028005279324276 -0.0617559572913791 -0.003276335015015644 -0.0020496232603747027 0.9999925323087967 2.9887844318268906
0.9999676576344884 0.00723234468216025 0.0035180783665507355 -0.1030080325720424 -0.0072388986648846175 0.9999720805122675 0.0018537912738058233 -0.08315068479735487 -0.0035045728861439938 -0.0018791983306014472 0.9999920932600017 3.7267628517755123
0.9999646296640413 0.007298076465349302 0.004180610094535856 -0.11832120289629204 -0.007309873604316767 0.9999693243014197 0.002813574959192127 -0.09716978318840337 -0.004159948166207538 -0.002844035173480563 0.9999873030669871 4.448757456911821
0.9999549229138149 0.00832000068623521 0.004574902076266679 -0.11236672193816183 -0.00834488905162869 0.9999503382546433 0.00544828882682542 -0.10628545071398061 -0.00452934511186674 -0.0054862202840889225 0.9999746928897011 5.1586339736853555
0.9999503688859692 0.008289568831105602 0.005526555293172183 -0.09711910220481756 -0.008340772518889237 0.999921900072373 0.009307269709390569 -0.11440782806157519 -0.005448970416718103 -0.00935290351973972 0.9999414142424286 5.843167863268201
0.9999479832849022 0.007723165101117146 0.0066620901583367646 -0.08876736805858992 -0.00780689636848515 0.9998896955130204 0.012635235493294457 -0.12061737291464275 -0.006563771290093429 -0.012686588497313248 0.9998979784851808 6.513799685104025
0.9999493898636312 0.007105631300515285 0.007122339164394971 -0.06513383884083819 -0.007209384902742706 0.9998667053986896 0.014649102514971729 -0.12469409013276016 -0.007017298673680815 -0.01469970880633977 0.9998673292394012 7.158636246773856
0.9999345043565109 0.007821388433491967 0.008355410239561278 -0.06342059469808017 -0.00794107390482508 0.9998649463407797 0.01438848234484314 -0.1295285589118786 -0.008241743901446679 -0.01445389089215062 0.9998615697663056 7.762792512114031
0.999919574965877 0.0085696440408811 0.009349053485371092 -0.058014989317737714 -0.008680387653365875 0.9998918726116416 0.011869875962791081 -0.14020577462908562 -0.009246321984823565 -0.011950074736056812 0.9998858441059938 8.331283625590784
0.9999122917317619 0.00857295405823465 0.010095211857673586 -0.05506130259704076 -0.00866463274793646 0.9999212996977639 0.009072957074633927 -0.14483138101787502 -0.010016635317276078 -0.009159632604540467 0.9999078798306724 8.861624071325284
0.9999101430125268 0.007205219268121545 0.011304455580277192 -0.03457895574751145 -0.007289363483162559 0.9999459029691885 0.007419994281981544 -0.144193943663251 -0.011250381357025474 -0.007501729829352203 0.9999085723049327 9.386400781242488
0.99990690348785 0.0038157885060642934 0.013100538745270188 -0.022093527381681216 -0.0038794316858973416 0.999980780948156 0.004836087686391092 -0.14859994844846933 -0.01308183347752881 -0.004886460108605765 0.9999024893160698 9.874841758454592
0.9998876265540211 0.0018756460546436782 0.014873339102034583 -0.012783937566159354 -0.0019326341710077268 0.9999908434208715 0.003818114662374901 -0.16016987188812998 -0.01486604148142553 -0.0038464303310587248 0.9998820959415069 10.335107333689033
0.9998362320388952 0.006153115754640248 0.017019056048283725 -0.012723603682694453 -0.006186912362266017 0.999978990908266 0.0019338711196808093 -0.1696781584164508 -0.017006799160520027 -0.0020388498218097246 0.9998532951757062 10.759561233347368
0.9997362410900007 0.010745202781761314 0.020297508921412164 -0.013498943793796483 -0.010767604858440786 0.9999415329032098 0.0009947164377633975 -0.17421731149402575 -0.02028563375515934 -0.0012130096281164574 0.999793489512106 11.161922763657467
0.9996552702104253 0.011122689132543708 0.023782904090590525 -0.015612727069239296 -0.011176140606242098 0.9999353066836776 0.002115733577097441 -0.18080646086088475 -0.023757832848787786 -0.0023808053008478225 0.9997149079334811 11.524622844959676
0.9996159469605039 0.007327692382512023 0.026725708720299026 0.00920074862497189 -0.00739446978836536 0.9999697788989917 0.002400646840043289 -0.1824471147207938 -0.026707309838393384 -0.0025973473100325177 0.9996399218659422 11.842965924390962
0.9995788449793109 0.002335884384430797 0.028925357629062756 0.03405777603503325 -0.0023985728029584565 0.9999948491201369 0.002132740421057418 -0.18709223142022247 -0.02892022680297502 -0.00220122178284618 0.9995792990575221 12.146477134686416
0.999499293772962 -0.001306723186472827 0.03161414591387973 0.03929826022757053 0.0011959068967405595 0.9999930758377641 0.003523930081886904 -0.19522161275954178 -0.03161853181354999 -0.003484358053018286 0.9994939357969681 12.407632904748034
0.9994097992071781 -0.0016062836252653753 0.034314327934306325 0.050002725628375766 0.0014451167606049785 0.9999878115139708 0.004721065668628122 -0.19945847106883366 -0.034321493065077015 -0.004668691081500771 0.9993999391821922 12.633473646627257
0.9993374444652334 -0.001110574153992027 0.03637909722278559 0.05684636103130445 0.0009691462573154238 0.9999919057631659 0.003905017757125195 -0.20745408817293648 -0.0363831395735488 -0.003867173800078874 0.9993304319000657 12.843168177486785
0.9992509827870967 0.00019199408067094748 0.038696725149480526 0.06031045403963739 -0.0002821295312493353 0.9999972601020168 0.002323831187265606 -0.21100884109103857 -0.0386961729625689 -0.0023330080866337697 0.9992482991085442 13.039129548819142
0.9991424026038835 0.0023395351868612238 0.04133988260806417 0.050660635794023606 -0.0024064378873762194 0.9999958741583965 0.0015686691424668506 -0.21780204692336663 -0.04133604208960128 -0.0016668057156626337 0.9991439102467036 13.223851460053455
0.9990635542325124 0.005139486945321979 0.04296045016336169 0.05422012382126909 -0.0051894702326512835 0.9999859812176056 0.0010520299268671175 -0.2245651817612284 -0.04295444101608406 -0.001273986735198897 0.9990762197924612 13.394020829810753
0.9989938023341111 0.006139320133296855 0.044426249519128096 0.05939239850931692 -0.006138140311771495 0.9999811481590076 -0.0001629727148111182 -0.23274885129452208 -0.04442641254420549 -0.00010988582102830743 0.9990126534701942 13.550175144903752
0.998909202971614 0.005391151811698732 0.04638253659253848 0.06630244435113644 -0.005305822801641337 0.9999839980968703 -0.0019625989391913673 -0.2365509490319427 -0.04639237505250768 0.0017143606218499297 0.9989218230195223 13.711627322318318
0.9988505717832687 0.00418978602305668 0.047749145974752064 0.07803309626960823 -0.004019494070656804 0.9999852171574694 -0.003661848432788959 -0.23692445859026173 -0.0477637824680284 0.0034657119917504762 0.9988526467526314 13.855802674967338
0.9987921669598611 0.0035064300593399865 0.049009306951475935 0.08729152604410492 -0.003283654017228475 0.9999839116966912 -0.004625360967459113 -0.24045955478487419 -0.04902473697961234 0.004458844696007249 0.998787611991687 13.998745844011008
0.9987163618436741 0.004191054250692057 0.050478348328796795 0.09113146974306087 -0.0038927532527402737 0.9999743847994418 -0.006006348066107725 -0.24436835732888143 -0.0505022282463741 0.0058021383339000145 0.9987070942638314 14.140584950275795
0.9986566970820582 0.004810353716679793 0.05159129645855634 0.1041265243247388 -0.004405148076406473 0.9999585759962547 -0.007964983488213825 -0.24883867932673398 -0.05162747372842444 0.007727016802299023 0.9986365190437199 14.267467529566789
0.9986094269981138 0.005436266262333601 0.05243719404796432 0.11240535937000959 -0.004911294507275972 0.9999365774015868 -0.010135105360245108 -0.2570413304376828 -0.0524889654761994 0.009863477253255148 0.9985727916980879 14.388304917446241
0.9985722570043228 0.004610221402649041 0.0532183558550173 0.11460843418641989 -0.00395852029289462 0.9999159655320249 -0.012344715114138404 -0.26113293391234355 -0.05327079554862532 0.01211642409199399 0.9985065921709478 14.520292190944932
0.9986001936042889 0.004038380718538513 0.05273845669574438 0.12496106416257897 -0.0032899204247638695 0.9998927512209977 -0.014271036378016187 -0.26965215380687974 -0.05279043243879984 0.01407755436416696 0.9985063809040223 14.648230187113024
0.9987165027689456 0.003484803485191744 0.05052923155596429 0.12280991509740206 -0.002709229028056634 0.9998775977264734 -0.015409401117829308 -0.27113041178867564 -0.050576745397862416 0.015252727933265554 0.9986036987291573 14.79495609983182
0.9988760349563748 0.002083255551435282 0.047353213577733845 0.12952468655122173 -0.0013438666731761994 0.9998767719480808 -0.0156408101149028 -0.30250411413441264 -0.04737996213797336 0.015559593985484758 0.9987557450261856 14.906348300641469
0.9990310406321358 0.0030984785697249404 0.043901928021726766 0.10914759991953606 -0.0023524794213830324 0.9998521453366965 -0.017033886995559598 -0.2989324941308368 -0.0439482160507556 0.01691410346895396 0.9988906183410662 15.027670669435707
0.9992562185821403 0.0033861494160674173 0.03841280537859618 0.09870915566882671 -0.002690836390054342 0.9998318656081617 -0.018138354777232295 -0.302823242674955 -0.0384677660443624 0.01802150123144164 0.9990973208196093 15.15189983411938
0.9994936021910414 0.002981942894973761 0.03168039134460464 0.10017036609243608 -0.0023875036340068774 0.999820697228769 -0.018784919999186026 -0.3080603529297971 -0.031730726521367096 0.01869977030739497 0.999321509617839 15.280504805690834
0.9996940318989189 0.0030705592608013497 0.02454412865654803 0.09153846650013009 -0.002590717978337163 0.999805365670003 -0.019558091875954454 -0.3101266500201704 -0.02459940580664492 0.01948852080834926 0.9995074120738988 15.40251213337765
0.9998561452634868 0.0032117645173411614 0.01665452933968755 0.07933750346811111 -0.0028669323363261887 0.9997818759295312 -0.020687707988232516 -0.3111973874234003 -0.016717340632417955 0.020636984554740563 0.99964726048275 15.536990277110743
0.9999768389438833 0.0021630351893695853 0.006453127502879292 0.07592493527811908 -0.0020211540339920213 0.9997578492184307 -0.02191250470640871 -0.3132820926708117 -0.006498962391778093 0.021898954424973235 0.9997390655980806 15.66824877593427
0.9999787743935993 0.00035417730526682024 -0.006505791320929409 0.06277492880837596 -0.0005067933142214499 0.9997243700268087 -0.02347183706140705 -0.31554317751400346 0.006495684937841962 0.02347463594897725 0.9997033297655116 15.81555002448622
0.9997431615590666 -0.00014630624339855702 -0.02266251332851404 0.039418930268123355 -0.000428811790129497 0.9996780234152153 -0.02537056603816417 -0.3196022378428063 0.022658928402079826 0.025373767854446564 0.9994212049324039 15.97209567971042
0.9991212403355995 0.00044311459306396376 -0.041911224746011125 0.01870062329816801 -0.0015449244986624818 0.9996539423562448 -0.026260402508549646 -0.32735310602629747 0.04188508467875736 0.026302075603933273 0.9987761713719338 16.130862137150416
0.9979679125138551 0.0009541332962266008 -0.06371134296490369 -0.011709587052244352 -0.002600512314332725 0.9996646886217282 -0.025763300613980352 -0.3323136617061986 0.06366539820374609 0.025876629465143797 0.9976357637530253 16.31220738692505
0.9961730841293771 0.0018125860867791495 -0.08738364256451478 -0.05359019441444236 -0.003965972347650898 0.9996925610558638 -0.024475588509894303 -0.3355500403030901 0.08731241331851121 0.02472848360183083 0.9958740103945134 16.512913864612827
0.9934562606981715 0.0023499738742981686 -0.11418903494818096 -0.0967939076726061 -0.005011687948692609 0.9997222531849536 -0.023028232036012997 -0.3380573320233244 0.11410320356375497 0.023449821099309952 0.9931921087216202 16.719163870862573
0.9895786706378736 0.0032424681766286033 -0.14395673314820118 -0.1778889487721657 -0.006323195481804471 0.9997605703077374 -0.020948013195687447 -0.3451942923697763 0.14385434236573375 0.021639973615311055 0.9893622388814174 16.962696791106392
0.9841169922072553 0.002627568153085928 -0.17750166628667377 -0.2207853925870443 -0.005850159106278322 0.9998273877844828 -0.0176343492788603 -0.34802856661138176 0.1774246918762325 0.01839267576125074 0.9839624932846605 17.180394859476003
0.9767931798417921 0.0028911201631003883 -0.21416518213463825 -0.32423235272379375 -0.005988928272908962 0.9998866031531669 -0.01381714778683663 -0.3481606514483664 0.21410094944371968 0.014779115637406966 0.9766997292864752 17.457799845437453
0.9672336128719872 0.005367164013931126 -0.25383130555755024 -0.4270639956863375 -0.007748930566827454 0.9999348262054873 -0.008384355459565666 -0.36440023461962595 0.25376976219729835 0.01007655158521129 0.9672121643685408 17.710196876699904
0.955366363534671 0.009562204310771177 -0.29526881934138943 -0.5491522701524011 -0.01106837230108718 0.9999328606748692 -0.003430054981659144 -0.3708160964372457 0.29521619630559487 0.006545104375924628 0.9554080589191012 17.97497833042735
0.9412132277355123 0.013099880198248445 -0.3375589623673028 -0.6742292126937303 -0.013610752782367104 0.9999070053139366 0.0008533069860745413 -0.37339209690265224 0.3375387493968595 0.0037912877636412387 0.9413039991377373 18.238231606431384
0.9244463576016059 0.015394928283698546 -0.3810012179774019 -0.8210957676437288 -0.013983497679115194 0.9998812759182439 0.006472701195228421 -0.37621014226886135 0.38105563072835197 -0.0006559353964454141 0.9245518785005921 18.517502538389063
0.9052133564067937 0.01843694118333854 -0.42455725006475775 -0.9940381735665587 -0.013794021806143529 0.9998067434090656 0.014007169456047287 -0.38207505449993495 0.42473345093736 -0.006823124911717686 0.9052927375281878 18.802643737776
0.8834626178503373 0.022281929524481707 -0.4679714932319007 -1.187158117759602 -0.014419882217288096 0.9996883867637176 0.020376367845995714 -0.3807315803458929 0.4682796919127162 -0.011253665466052372 0.8835086220041715 19.089746897684137
0.8587677142491879 0.027598815827362032 -0.5116212645386746 -1.3925451178985395 -0.017271754898863675 0.9995400348178658 0.02492800190575319 -0.3854574243305557 0.5120739199040883 -0.012570766135244386 0.8588493909835614 19.356801791723154
0.8308123024546289 0.030508545846334133 -0.5557158866906545 -1.6230215051615537 -0.018238815070651736 0.9994525905964291 0.027601898030845295 -0.374484048853963 0.5562537763600862 -0.01279639716595037 0.8309139477134286 19.643311411959978
0.799656483621823 0.034263733654192594 -0.5994793614109295 -1.8540909537299115 -0.02091940282983053 0.9993542479198771 0.029214136128594727 -0.369813944464298 0.6000932317455551 -0.010820523119116524 0.7998568806309065 19.90388328410989
0.7656576004093499 0.03689309084725051 -0.6421894882222323 -2.1285802009061667 -0.021539395790083238 0.9992644847338973 0.03172607726298642 -0.35883279758016523 0.6428876211006044 -0.010458938628530165 0.7658891024413197 20.177705105918374
0.7287512763762698 0.04103077318280556 -0.6835481349780561 -2.424372210288452 -0.022787229017880474 0.9991035022710535 0.03567819983409714 -0.3520225882298182 0.6843992397523863 -0.010424365771415877 0.729032930137329 20.438979469480735
0.6904216977973368 0.04204693981540086 -0.7221841413814092 -2.762848930704151 -0.0205629532710707 0.999046701427098 0.03850783453281726 -0.3387460694979786 0.7231148208710805 -0.011736405744312374 0.6906281290367415 20.693072084249284
0.6509124681542535 0.04206956230754412 -0.7579862206719787 -3.1021371451703703 -0.018166130374580078 0.999040582802925 0.03984853347371619 -0.3302568236451284 0.7589354060185568 -0.012168230768841609 0.6510522126921962 20.918043587785697
0.6087260045909098 0.04137725346537038 -0.7923008104441458 -3.487814287733796 -0.013078416538012515 0.9990267387047173 0.04212517506046431 -0.32516930287775453 0.7932727187768693 -0.015280649484855646 0.6086747040872285 21.167604533495282
0.5641552910063746 0.041642736620834536 -0.8246179055273059 -3.8717374351707305 -0.008549711019951929 0.9989684226717424 0.044598127160301766 -0.3128158106613647 0.8256244364546075 -0.018110024612322858 0.563929354562744 21.39855978626542
0.5174622418840356 0.04307098055381256 -0.8546213891884997 -4.294599055339987 -0.006389767605847875 0.99889909433817 0.04647332783787848 -0.29741211172957555 0.8556821834619973 -0.01858736034289898 0.5171677783284572 21.617790875038295
0.46789082889573275 0.042684076958391735 -0.8827549160494516 -4.741355040817559 -0.0051798960322556944 0.9989483166002112 0.04555688135396416 -0.2784933961318509 0.8837710907878573 -0.01674306829151208 0.467619854958947 21.815432376519034
0.4155263525927333 0.0415708007738082 -0.9086306834044314 -5.228378727469081 8.936843171483202e-05 0.9989531904766753 0.04574401873201219 -0.2618941055274191 0.9095811356411605 -0.01908904815583053 0.41508766053237656 22.0110134318525
0.3622093962862628 0.040643610218393626 -0.9312102073057168 -5.75984770414001 0.004956542035318362 0.9989507599939647 0.04552814292866122 -0.23572085896612155 0.932083572397343 -0.021106303700453376 0.36162789993460276 22.182445748635686
0.3079070114599748 0.03961606822718184 -0.9505913104126328 -6.302187969299955 0.007445663992024615 0.9990017878770459 0.04404531650679469 -0.21145914275014205 0.951387320906425 -0.020639645265486683 0.30730468701568814 22.332878310773705
0.2550011037692036 0.045400679626404775 -0.9658743269007354 -6.884412534820759 0.008175061938707134 0.9987601761814825 0.04910477406762399 -0.18372370067810243 0.9669062030201204 -0.02041785403500206 0.254313793958997 22.446924421574884
0.20388516741865492 0.05055412599489184 -0.9776886615132446 -7.467227519367499 0.011056111064824594 0.9984832395500526 0.05393498628677488 -0.161618650392937 0.9789323781113737 -0.021805978137312085 0.20301699042859878 22.53738954901793
0.15619383289128763 0.05175725245195432 -0.9863694406181457 -8.064896866221448 0.015733139646131288 0.9983690913000302 0.054878282167241776 -0.1307958111365496 0.9876011112203167 -0.024090337386112787 0.155124790929817 22.592619963309485
0.11118149317291137 0.05310223255124386 -0.992380384970358 -8.735088116025288 0.019526964407177615 0.9982618993002296 0.05560465867658169 -0.10392824257384858 0.9936082594447789 -0.025560385434729837 0.10995132313685618 22.63094605676419
0.07057069795107218 0.05133556456103185 -0.9961849408628395 -9.39847253411678 0.019633920358179492 0.9984098990678021 0.0528411072441705 -0.07322067752578626 0.9973135343321415 -0.023288049609647313 0.06945056503234082 22.655420435797197
0.035255688070849334 0.04691587984201749 -0.9982764830833692 -10.101284204273956 0.016937674899624198 0.9987259491369542 0.04753518370096459 -0.03778223909593391 0.9992347830353213 -0.01858436813935804 0.034416124610641474 22.648899894433075
0.006276890836622417 0.04690738883555499 -0.9988795210204556 -10.837735389961475 0.0148404089456346 0.9987848214949434 0.046996197863661 -0.00433307679376704 0.9998701730243538 -0.015118770583089676 0.005573138460907567 22.654047036550853
-0.015143872125707114 0.05127722166320839 -0.9985696318612651 -11.530435375569168 0.013787360208506306 0.9985999179339903 0.0510696837733389 0.021184374939064714 0.9997902639231496 -0.012994246447183054 -0.015829646987496115 22.642951111051875
-0.027362930372958782 0.057870179944443614 -0.9979490529654319 -12.025870775405973 0.015720561181587368 0.9982243113422353 0.05745509726260943 0.031463642587035504 0.999501942968367 -0.014116179317281893 -0.02822409403225845 22.600457577580002
-0.03508197413380376 0.06020349854801916 -0.9975694431233618 -12.85168707021972 0.015029215196438742 0.9981027899442555 0.05970714694299679 0.07324580875538274 0.9992714234788538 -0.01289804124943513 -0.03592022759495839 22.566932904340923
-0.03900292956681084 0.05746132210105678 -0.9975855692358452 -13.617574887647422 0.015855433899400834 0.9982551140581593 0.056879983057251546 0.11225828959094115 0.9991132952278577 -0.013598666079071717 -0.03984594809766473 22.534419401936137
-0.03795763407560404 0.05392931826864873 -0.9978230537757993 -14.391607986255456 0.023428730247144355 0.9983161968219446 0.0530647318091306 0.13313893401549165 0.9990046609572897 -0.021363515488963973 -0.03915721634084468 22.4862693754338
-0.03364534781778161 0.05187666259493 -0.9980865706181165 -15.275094522044508 0.034594975913324236 0.9981139671066143 0.05071189513568894 0.1888213857706136 0.9988349103889878 -0.032822561519606996 -0.035376563478023204 22.47323624434897
-0.029286793539140543 0.05150802195634415 -0.9982430602805816 -16.273473829995314 0.03529052072913882 0.9981021110963043 0.05046538389596138 0.24262026446001067 0.9989478779550325 -0.03375054813251636 -0.031048955375225118 22.53469750232444
-0.024292040104218815 0.04996682764465209 -0.99845541358776 -17.15008349711495 0.03290979172859919 0.9982487928688323 0.04915580478742371 0.2820917974920656 0.9991630709728795 -0.031664864930214295 -0.025893897601481974 22.511646728715625
-0.02104304813461577 0.04361736778209288 -0.9988266693240454 -18.03967297562666 0.03604253331158856 0.998431571752553 0.042840778706853454 0.321129175403865 0.9991286833625023 -0.03509874293316222 -0.022582124054759012 22.494290967689157
-0.018247391045986383 0.03335958429414245 -0.9992768239360588 -18.82159775761397 0.033712149846584986 0.9988954681424702 0.03273124924528118 0.33700392652944167 0.9992649917177807 -0.033090510122349634 -0.019351859525803317 22.40290901561846
-0.01721062753193059 0.025110131286754413 -0.9995365304013253 -19.710060900490994 0.02637890983608246 0.9993480234973068 0.024651187555291824 0.35636635925996674 0.9995038506258079 -0.02594242160609336 -0.01786178449636866 22.34937129489079
-0.019387452157345608 0.022337292391318122 -0.9995624903263786 -20.70994788025667 0.02046119241739593 0.999549883482601 0.02194014664438191 0.3788659049574474 0.9996026542100142 -0.020026876904386388 -0.019835773182601546 22.356140520056815
-0.02210603909456732 0.028745056507437878 -0.9993423061003339 -21.645924261650602 0.011256971374614375 0.9995303635509791 0.02850145496494122 0.3942220124755094 0.9996922544618521 -0.010619513455505535 -0.0224192395711309 22.274535854675342
-0.027370951013124367 0.036943369880775116 -0.9989424500252704 -22.64326113800943 0.006715700048781664 0.9993010925246784 0.03677262367358458 0.4098887793913276 0.9996027863173914 -0.005702096179171047 -0.027599921841765074 22.24603504545398
-0.03136970428590824 0.047023865638279407 -0.9984010705690614 -23.834694421936096 0.005935043432589866 0.9988838290796241 0.04686012444159304 0.42086023208201323 0.9994902285227546 -0.004455565470437969 -0.03161377901913509 22.178279024083047
-0.03297162856322644 0.05690340797573712 -0.9978350935252958 -24.859624507630425 0.004471130094942495 0.9983763311951097 0.05678653277905605 0.4660389851380345 0.9994462870537681 -0.002589106050266196 -0.03317251609838712 22.131768399885456
-0.033807089524549916 0.06461103231665646 -0.9973377036896055 -25.90062131666348 0.00636976879872065 0.9979017925228706 0.06443165778631267 0.5088096276117682 0.9994080781859481 -0.004174563763752712 -0.034147712574233324 22.085348648303608
-0.03460616386297155 0.06557587827693107 -0.99724732018236 -26.885978672467218 0.0072480760429057284 0.9978352275960841 0.06536301677513955 0.5541901318357115 0.9993747439356098 -0.004966161141167073 -0.0350065483467672 22.040514749225807
-0.03668656086301669 0.06348582653021166 -0.9973082001476875 -27.81819955962982 0.0059743128464970945 0.9979761178635238 0.06330857572290104 0.5725487068296266 0.9993089631530662 -0.0036356572756501165 -0.036991595776847186 22.008307663504006
-0.03945583409110798 0.058602788294598925 -0.9975013535631285 -28.851219535088592 0.00530836367162813 0.9982769039207997 0.05843838099598744 0.6199569358350008 0.9992072149615939 -0.002989364882523768 -0.03969893281052306 21.96181257653883
-0.04404715495421674 0.05350102950338635 -0.9975958540323416 -29.875850762804447 0.00559377684618513 0.9985625627461672 0.053305890316192664 0.6630993570565009 0.9990137925979974 -0.003232355779406575 -0.04428311275284336 21.910211488753784
-0.04975990633077454 0.0490585768737748 -0.9975556163728783 -30.94011710790017 0.005839377299574881 0.9987901316665858 0.04882800997580577 0.70060288131 0.9987441381028008 -0.0033954264185970095 -0.049986174935977346 21.85062554106863
-0.056499600491880964 0.04721817090488237 -0.9972854353095986 -31.990359506786618 0.004626078057369166 0.998882684519489 0.04703171237522623 0.7441868813378368 0.9983919042871218 -0.0019562473095702596 -0.056654907557941 21.77999431549347
-0.0629301722398865 0.049692971900280686 -0.9967800168370033 -33.07818128042752 0.004337510228817311 0.9987638113250015 0.04951802896493066 0.7859530886016287 0.9980085066906362 -0.0012073654271684304 -0.06306792244756565 21.690893656327898
-0.06987992617632921 0.054492191877486135 -0.9960659601361642 -34.13185924397352 0.0034652141809476214 0.9985141358203329 0.05438301993870871 0.823982689738417 0.9975493913627894 0.0003486995283397472 -0.06996492121319076 21.624141859920865
-0.07625104889239753 0.05740623703985285 -0.9954347299003254 -35.19926922584799 0.00018046542037607706 0.9983420281218193 0.057560075728273416 0.8618413619776377 0.9970886344628755 0.0042093746016182544 -0.07613498663835161 21.536210393004147
-0.08088472697370297 0.05984503090648776 -0.9949252400146411 -36.27701459354329 -0.0037131792203046682 0.9981708471350795 0.06034212649315159 0.9084032248917489 0.9967165460864326 0.008575092153390215 -0.08051456111843036 21.430490584977647
-0.08339638828636886 0.061198960592681796 -0.9946354757614292 -37.37272608128076 -0.008093830143465633 0.9980379256066461 0.0620869468116413 0.960678409018546 0.9964835835749618 0.013228237719296904 -0.08273742437642007 21.31500806356805
-0.08514544984596606 0.06251398404898002 -0.9944054777447942 -38.460340839681166 -0.012228945363488071 0.9978890492017778 0.06378007822563983 1.0160668170038092 0.9962934835006326 0.01759111370822734 -0.08420123189525985 21.208602553669383
-0.08726614102375452 0.0622602258073656 -0.9942375394810028 -39.549888061792544 -0.013511585001955944 0.9978792671115584 0.06367421251679553 1.064514681469402 0.996093398081504 0.018990327835900263 -0.08623983851520078 21.111935709868366
-0.08921888903355102 0.06169066210015201 -0.9940997193688688 -40.685001868822646 -0.014070838598381668 0.9979023506850327 0.06318947695957164 1.1107223713968049 0.9959126474449238 0.019625511634880015 -0.08816369974264915 21.023108107528408
-0.09042607111854495 0.06111336763985746 -0.994026298423628 -41.77848926304546 -0.015695355269606373 0.9979039941249772 0.06277956938669138 1.1617285275673 0.9957794843664057 0.021278505707243184 -0.08927734152539557 20.918583205147325
-0.09171657203806771 0.06038713365072047 -0.9939524457955904 -42.872198604671155 -0.017333866979808477 0.997911479171607 0.062227138718259876 1.2121471447140215 0.9956342739525956 0.022936299330652176 -0.0904782775250641 20.814830237484465
-0.09229941758149662 0.05800513848832653 -0.9940403520094478 -44.00785784768622 -0.02276346414937002 0.9979179817845317 0.06034506053528608 1.261604359908291 0.9954710654830894 0.028197615857321272 -0.09078685062235659 20.689631424721792
-0.09298138390638977 0.05289761235334767 -0.994261688316596 -45.09937443154185 -0.027683171038737117 0.9980643264328392 0.05568879908386613 1.3220919262344693 0.9952829267540426 0.03270233798183461 -0.09133702864900561 20.585185970006375
-0.09276870728311826 0.05230117839454327 -0.9943131064647401 -46.26101195970416 -0.02622969337447302 0.9981445331179092 0.05494992440679232 1.3420096394259546 0.9953421372244323 0.03117816135331306 -0.09122473414664745 20.446120654684687
-0.0910947282529524 0.05648774449839376 -0.9942388471619913 -47.392995683082674 -0.027411633879936087 0.9978693835196171 0.05920553827313614 1.3922837553944647 0.9954648928076537 0.03264702368767533 -0.08935221895276713 20.33018589749297
-0.08944312772918206 0.05964830342190308 -0.9942042077968237 -48.48354043241303 -0.027503127797268007 0.9976765169950121 0.062330934519453526 1.4385938735615384 0.9956121257113075 0.0329187991213204 -0.08759479323008734 20.227941413108233
-0.08832398922292928 0.05928263297846904 -0.9943261247472525 -49.648019197480465 -0.02573880281111154 0.9977582563517171 0.06177358587480431 1.493478359280792 0.9957592012919585 0.0310488535878741 -0.08660012548074136 20.130588959056826
-0.08571294843577815 0.058717690213689666 -0.9945881174267139 -50.761590711214524 -0.02682179353631837 0.9977640554349164 0.061216673166419544 1.5438275594036193 0.9959587751819554 0.03192369868981809 -0.08394638527072473 20.024202622124267
-0.08158153289223424 0.0592769529996082 -0.9949023551756402 -51.929970149008476 -0.03024243946964048 0.9976228963639775 0.0619189107242177 1.5962127842055491 0.9962077335304512 0.035139713906501134 -0.07959492547072844 19.91061857537904
-0.07629868968529308 0.06034954412354316 -0.9952569730860408 -53.05669467401319 -0.035317779376149334 0.9973766750863324 0.06318561904159933 1.6475693779278084 0.9964593139773672 0.0399712461378551 -0.07396712154695484 19.812714748897605
-0.07054985901053912 0.05990920863592611 -0.9957075896638582 -54.19995594763407 -0.039435194940573105 0.9972469761634812 0.06279597067322078 1.7022235728463608 0.9967284398438685 0.04369616977962809 -0.06799310224572674 19.72218932320415
-0.06420727137057813 0.059007255653212805 -0.9961905290070877 -55.37814660262379 -0.04095953806048855 0.9972533137773856 0.06171016449414745 1.764190054033743 0.9970956536586729 0.04476574516636277 -0.061614004209140205 19.62052795012772
-0.05910708567762102 0.05822717863852387 -0.9965520297959843 -56.52557731204405 -0.04061171034806218 0.9973306645500487 0.060681418331836635 1.8196417328272043 0.9974252059203758 0.04405838417322735 -0.05658460372522578 19.555908640602855
-0.05379913454802687 0.057680302805164174 -0.9968844646147257 -57.67908654016893 -0.03878277288604672 0.9974563109087806 0.05980639059093404 1.8805497385286154 0.997798351195848 0.041879475839014677 -0.051425284192668785 19.491742906844383
-0.049569947034908024 0.05819177542184087 -0.9970739880391077 -58.85569580909846 -0.037773542123408006 0.9974777984490211 0.060093270145209904 1.9399008417902213 0.9980561005606888 0.0406418365056021 -0.04724681215748183 19.457855510525228
-0.04364285068371565 0.05942612510375086 -0.9972782145616902 -60.03734600091516 -0.03699092191356572 0.9974487199040062 0.06105508052442457 2.0077018159037956 0.9983621453561747 0.039554858323761405 -0.041333278394095174 19.392133859830246
-0.037885779057522884 0.06033591310963285 -0.9974588940575103 -61.19908830801172 -0.03781852103384382 0.997373837726314 0.061767202347983864 2.071905170545098 0.9985661856942771 0.04006251874646557 -0.03550446985482014 19.33556505939781
-0.03262640751925949 0.059515579906442156 -0.9976940479329258 -62.33814151283208 -0.03760268716480276 0.9974456635208847 0.06073043916660006 2.1272060485487585 0.9987600089362676 0.03949739322768062 -0.030305122963696807 19.292947765119305
-0.027613024253455576 0.054678337398068086 -0.9981221369707022 -63.5000592472167 -0.03773093402373308 0.9977343255367659 0.05570091797620152 2.187136651530173 0.9989063507202638 0.03919815129668563 -0.025487397388657795 19.25270398079639
-0.023238459810922762 0.049964130076618346 -0.9984806255963623 -64.66262939477645 -0.03819610239889291 0.9979767451495031 0.05082788508621156 2.222053626134483 0.9990000158894642 0.03931922998343943 -0.02128300745571421 19.21765837205604
-0.019676350994405123 0.050015820797648346 -0.9985545848282321 -65.89023670821918 -0.03526827959970509 0.9980916375076881 0.050687588138504255 2.2324076590648607 0.9991841620370203 0.03621464906856256 -0.017874829431881567 19.24954184999755
-0.016399362634916592 0.052700876232547586 -0.9984756774951958 -67.06551866120485 -0.03448359976892043 0.9979860890188834 0.05324140749238434 2.266582939183257 0.9992707051906133 0.035304160790406984 -0.014549019854948275 19.225342200471566
-0.01425908395203579 0.05242027019888296 -0.9985233065868444 -68.2500080456147 -0.03488044304397571 0.9979909608615513 0.05289042192773331 2.309548423683512 0.9992897643916429 0.03558310429001086 -0.012401994645275805 19.20237199877754
-0.013249846397504816 0.05253245783915468 -0.9985313127007184 -69.43313816069967 -0.03680602654198844 0.9979165968618359 0.05298850930043836 2.354451931471299 0.9992345860610675 0.037454059607332765 -0.01128873058839619 19.171204994880288
-0.012341752109865656 0.053409633359938605 -0.9984964157267744 -70.60643201555132 -0.038261181898879434 0.9978159516670009 0.053846156395589234 2.4003845113858717 0.9991915547654311 0.038868208901804674 -0.010271281429606649 19.144138677594693
-0.011746504029324978 0.05308182466507352 -0.9985210761587938 -71.79981388974471 -0.038935463462909575 0.9978083828234615 0.05350197054461618 2.4463730935709584 0.9991726824368337 0.039506341990305005 -0.00965399474453843 19.129857688166936
-0.010906248420212039 0.05127974375742899 -0.9986247751911472 -73.00125642299302 -0.03919523340971308 0.9978947399074126 0.05167031781473301 2.48700898994573 0.9991720509618727 0.03970486047437803 -0.008873366404890337 19.116765387345637
-0.010197588623337861 0.05043431759196434 -0.9986753170051327 -74.18402101138602 -0.03770069482219877 0.9979977628426162 0.05078506641776203 2.5245170127691727 0.9992370423459054 0.038168638568410344 -0.008275761816380012 19.10881273799764
-0.009837810212530052 0.0502686714867715 -0.9986872774583532 -75.36297131397403 -0.03443102646800272 0.9981263485296851 0.05057960841245505 2.5653764047837204 0.9993586552917737 0.03488342067161194 -0.008088575626488348 19.095383045404358
-0.009451033468843129 0.05088584105366456 -0.9986597564469253 -76.56158810829949 -0.032154908067793676 0.9981724162334322 0.05116531401118757 2.609334307592745 0.9994382121239525 0.0325953777547197 -0.007797531372465416 19.08168447415973
-0.009308931999731707 0.053587810119367786 -0.9985197496252316 -77.77176723603371 -0.031985921430372884 0.9980360694909234 0.0538600485086939 2.657621860244017 0.9994449682775309 0.03243995378725793 -0.007576594420066751 19.064865997061933
-0.009178860078694395 0.05718966731690127 -0.998321135947666 -78.94072696990719 -0.032442845285781084 0.9978205714434949 0.057459281181895944 2.6872409234115078 0.99943144353048 0.032915788861266324 -0.007303459880215302 19.066475404972284
-0.007833731122079746 0.056952107292232886 -0.9983461775014122 -80.12367577367182 -0.03479316693328724 0.9977567681493257 0.05719149540766602 2.7390401995499607 0.9993638317407028 0.03518364800850915 -0.005834614070695965 19.03184449362164
-0.00754521400858299 0.054761732524440755 -0.9984709421893491 -81.2893205836255 -0.035882901726357413 0.9978414688410305 0.054998367474602 2.7880199354131805 0.9993275174382328 0.03624300914792246 -0.00556391756250485 19.016340590188705
-0.0073749350831837646 0.05227428911463897 -0.9986055322448791 -82.48331215877258 -0.03529674616118122 0.9979967758000621 0.05250309708115996 2.8403911418236376 0.9993496635527288 0.035634732919438396 -0.005515049121116444 19.01128626205432
-0.0076749044421813295 0.05150602292354043 -0.9986431922585781 -83.66083653089323 -0.03338738833856794 0.9981025997099681 0.05173473448402777 2.8828466971046796 0.9994130167962259 0.03373914721511084 -0.005940690487143296 19.005850254730735
-0.008032157276354202 0.052934768991395854 -0.998565668687501 -84.85245656415255 -0.031406231582490736 0.9980918900861289 0.05316227574216376 2.9309516433517273 0.9994744284208953 0.03178819240105433 -0.006354349423716155 19.005019228324624
-0.008084514353910333 0.055796061242572546 -0.998409455172314 -86.01931658509204 -0.03105451872798803 0.9979464873993935 0.056021648974171216 2.9717788666897076 0.9994849961326258 0.031458032949110336 -0.006335192873009321 18.996779577113
-0.007893832113347266 0.0581709416337137 -0.9982754274066921 -87.19882677168184 -0.031705528592479805 0.9977900450532837 0.05839336819569033 3.018678900930031 0.9994660809008168 0.032111797551882516 -0.006032046646800682 18.993071142243302
-0.007612426950617923 0.05846109334136025 -0.998260663114226 -88.38066279171524 -0.03298364556889657 0.99773169960587 0.0586816387515493 3.063307848459114 0.9994269008191179 0.03337298558587001 -0.005666899697224004 18.973757281196363
-0.007400186254971297 0.05573104239612201 -0.9984183933386012 -89.55908904819516 -0.03198061926464123 0.9979217985826903 0.05594036025034691 3.124959127884979 0.9994610934072632 0.03234400758919934 -0.005602493929315777 18.9641175263346
-0.007048321614570696 0.054283095048158383 -0.9985007094411154 -90.73642208093978 -0.030294382088936183 0.9980555950550095 0.05447274174521003 3.1736490732173603 0.9995161687417905 0.03063290341093067 -0.005390144000810615 18.951840683372033
-0.006843947416381946 0.05587552415891485 -0.9984142858471772 -91.92746846462796 -0.029217708451967923 0.9980002143518969 0.05605263300134729 3.200396625860195 0.9995496415369164 0.029554998790973536 -0.005197706214086217 18.93165764833012
-0.0063188076411182514 0.05888117192566778 -0.9982450001190364 -93.08229171649286 -0.02468197564174664 0.9979516159042413 0.05902010159711598 3.2435660529301975 0.999675383686332 0.02501159544638484 -0.004852560644815318 18.896370001389915
-0.006129570923292693 0.06147791192355089 -0.9980896225819686 -94.24904740532358 -0.023710765033600503 0.9978188192601641 0.061606846630656235 3.2902381979704574 0.99970006901161 0.024043092059299078 -0.004658512896875688 18.87899541296404
-0.00589247601476961 0.06311349567534079 -0.9979889605552029 -95.38143110309099 -0.02325839700762651 0.9977276535997486 0.0632342961609888 3.3385958410823737 0.9997121214104845 0.023584230027260872 -0.004411167529152715 18.85860751068808
-0.006270835325681512 0.0651433357747513 -0.997856213303528 -96.56066603242087 -0.025874793363529103 0.9975311526041146 0.06528471990214237 3.3929938583716712 0.9996455230193915 0.02622871305353199 -0.004569783238035141 18.85229710225035
-0.005868059566234596 0.06455440694970603 -0.9978969357705731 -97.73449653988077 -0.028105134839775087 0.9975092532977303 0.06469459777325001 3.442674868176704 0.9995877486606994 0.02842565968937732 -0.004039133404398099 18.837096473842813
-0.006067676343156636 0.06051804876113557 -0.9981486608105726 -98.89847731668266 -0.03057022807227958 0.9976892705290606 0.06067603008437261 3.4972518202561815 0.9995142042309372 0.030881794723359238 -0.004203605031493085 18.82792536865214
-0.0058156780999500945 0.05877632402384233 -0.9982542369669574 -100.06978635483162 -0.03218940609133946 0.9977427806612551 0.058933740538281834 3.5532648311746833 0.9994648668281065 0.032475950680326215 -0.003910575876315381 18.812513047285062
-0.005825698907330423 0.056542970733585614 -0.9983831697764454 -101.27137436081622 -0.03215852761628467 0.9978731094565582 0.05670173299866997 3.623889148357538 0.9994658024834039 0.032436859960863706 -0.003994969597572728 18.804778171481104
-0.005740241978335003 0.057378430867055824 -0.9983359981956298 -102.42163931540458 -0.031135994501527882 0.9978581311354557 0.05752999194556297 3.6621158553857516 0.9994986740703716 0.03141442022527568 -0.003941412624783869 18.78963220190824
-0.005641912524111614 0.059437593915589546 -0.9982160794400157 -103.62666561997878 -0.031707430186605316 0.9977193998796424 0.05958722996387416 3.7199171305026653 0.9994812693062496 0.03198705258900147 -0.0037444322181918732 18.774742473814648
