1.0 0.0 0.0 0.0 0.0 1.0 0.0 0.0 0.0 0.0 1.0 0.0
0.9999361966386769 -0.002538533367117765 0.011007202193167694 0.01988424033025632 0.002527592968380453 0.999996297871828 0.0010077283486027112 -0.0036736462256392885 -0.011009719595132278 -0.0009798423252817773 0.9999389111258018 0.2919590913061441
0.9998412782518042 -0.004590704049756837 0.017214637380025478 0.03755486998891966 0.004568080864187958 0.9999886505776616 0.0013532749482996582 -0.013175553975076889 -0.017220654488621045 -0.0012744222985344455 0.9998509013381888 0.5890962046648801
0.9998043530617081 -0.007478485259854627 0.018311959400280405 0.05841585615231419 0.007476898409068387 0.9999720355729753 0.00015512002022826765 -0.018645935371885764 -0.018312607379612864 -1.817301136436074e-05 0.9998323099803795 0.8864449249114815
0.9998487871733502 -0.008822944175688406 0.014985274240174443 0.08146718856475779 0.00884261257727825 0.9999601260970433 -0.0012467633269486293 -0.024488903733664597 -0.014973676595569647 0.0013790837748119285 0.9998869371769757 1.1853380549776162
0.9999083771147951 -0.011533302136628952 0.007086629486720894 0.09556841819337585 0.01155420745257949 0.9999289956894216 -0.0029161395178205897 -0.025015310543317792 -0.007052493587348277 0.002997752719933447 0.9999706374753363 1.4821075274480129
0.9998945148747463 -0.013287098775226444 -0.005866185262423094 0.10416617662783453 0.013258047082798758 0.9998997873216275 -0.004963819266891271 -0.026052440594169564 0.005931552153187673 0.004885521497388541 0.9999704737484765 1.831128059870489
0.9996515187336613 -0.012617047593464112 -0.023187306948168385 0.09808908008332053 0.012502140079718085 0.9999088700404621 -0.005093928526512311 -0.03251747526835784 0.023249464228481117 0.0048022624283113316 0.9997181606276132 2.1707574610214118
0.9990843883711161 -0.00780795978469239 -0.04206448237068105 0.06942664111225133 0.007620859335592454 0.9999603507000201 -0.004606466203064823 -0.03898811623174062 0.042098781646264107 0.004281680965869767 0.9991042787377135 2.5471582691364403
0.9980341621388317 -0.003901871779758124 -0.06255067226221174 0.03942144538798061 0.0035372964053320796 0.9999761126077672 -0.005938160321077291 -0.03976797998023894 0.06257234802994947 0.005705226592548203 0.9980241237823596 2.9081151874687596
0.996505614655174 -0.0037104865115630686 -0.08344334755126692 0.006338015887709098 0.0031599042291338706 0.9999723648696783 -0.006729376063624949 -0.03798233818350012 0.08346601084259818 0.006442188043708059 0.9964898008746667 3.281056079185307
0.9944647830217497 -0.005201151250944667 -0.10494161879430434 -0.04269138757755999 0.004583371846930493 0.9999707247023095 -0.0061271886579915445 -0.04285034315888916 0.10497041503212731 0.0056122868781497606 0.9944595085793992 3.6595390886619437
0.9921984421408304 -0.006501807390438079 -0.12449890728021236 -0.1101347706848407 0.005873519437884031 0.9999681005016416 -0.005412924214464884 -0.046057419365010475 0.12453012961818545 0.004639448221112787 0.9922049800003433 4.048082150480493
0.9898767249742652 -0.005474229269528947 -0.141824194579513 -0.19474038165937524 0.004830752644684411 0.9999764193259273 -0.004881047119528403 -0.05217086892772108 0.14184757024041267 0.004146517334078628 0.9898798276613628 4.44303143883067
0.9875304788863513 -0.004065875588010545 -0.15737541715972225 -0.28323435960259463 0.0034402547786918894 0.9999850614133534 -0.00424754013395048 -0.05821875274490236 0.15739033616315667 0.0036531638116367505 0.9875297142246474 4.858334677767365
0.985317844845171 -0.003102079960087953 -0.17070185039884223 -0.37578313144834247 0.0023464005022545698 0.9999865357576222 -0.004628467149362279 -0.06482820687769253 0.17071390990294408 0.004159976369034686 0.9853118570088653 5.284862680358604
0.9831326213198432 -0.004332050786075462 -0.18284278009470453 -0.4629918505037634 0.0034093371589643154 0.9999798204071211 -0.005360522239329701 -0.07769916694668128 0.18286231245642204 0.0046467315963703085 0.9831275515255186 5.7180795896322625
0.9812365547158951 -0.00921504382151172 -0.1925874000464409 -0.5734273440086052 0.007945366454633647 0.9999413193975702 -0.007364028336988296 -0.08115408374650777 0.192643958745614 0.0056956763263025165 0.9812521920637957 6.1786122176287686
0.9796251561418753 -0.008416266631830977 -0.2006582166520681 -0.6687595612541606 0.006736430040639514 0.9999363300221172 -0.009052978084970171 -0.08807078066431702 0.2007216330252271 0.007516805031481737 0.9796194790212192 6.646941267288612
0.978075345550215 -0.008703985301461553 -0.20806936119164526 -0.7887906485021788 0.006659643445805834 0.9999224465424333 -0.010523784954538385 -0.09110129849464135 0.20814482356283118 0.00890738684837334 0.9780574578640722 7.12438813118577
0.9763115984992393 -0.010977352116623259 -0.2160906300059486 -0.918521831109368 0.007934138812491807 0.9998568300556692 -0.014945528840858043 -0.09395794219121507 0.21622375465513546 0.012877000098488595 0.9762589158575194 7.659910779911999
0.9744509322355187 -0.015106604696757786 -0.22409188106637057 -1.024207365171438 0.011720152304211256 0.9997962536659818 -0.01643439032741966 -0.10483954640538212 0.2242944910052286 0.013388115999041422 0.9744294431382405 8.148260856938597
0.9725103929233274 -0.02166450246363246 -0.23184948779136577 -1.1454908578891925 0.018048430724515317 0.9996803122999524 -0.017706703483483927 -0.1181724891151362 0.23215897528309726 0.01303543374318298 0.9725905035844373 8.66117670775201
0.9703826553209556 -0.02248636887126434 -0.24052414736827762 -1.2776849353175912 0.018191821135169425 0.9996332447727607 -0.020060747465333116 -0.13455222656555546 0.2408870272472918 0.01509102912552024 0.9704358304101798 9.182603824288648
0.9683142941498362 -0.01821500239421325 -0.24906955139655942 -1.4378530941528882 0.012521009694809408 0.9996232172416558 -0.02442637647429162 -0.14814821292681118 0.24942063278992585 0.020533807226623704 0.9681775202407112 9.719245547320286
0.9660971292270479 -0.0155013422593028 -0.257713106549544 -1.5960812951154069 0.0087490924347832 0.9995882636358444 -0.0273268472942854 -0.16375723742388038 0.2580305995048345 0.024145632930977955 0.9658349745839288 10.25895004445554
0.9637495595815604 -0.01798607467145963 -0.2662015918890439 -1.7515714211311275 0.0106131678571233 0.9995198826904326 -0.0291095306478889 -0.18688616298777566 0.2665973500888277 0.025229055162977004 0.9634777359654962 10.803421006696318
0.9613759849041548 -0.021065201236407247 -0.2744311807110045 -1.9215415682231056 0.012993342533517414 0.999428768421548 -0.031197915013575942 -0.21439341420283856 0.2749316073123878 0.026427147940276993 0.9611005239580144 11.371500688829808
0.9591329717115826 -0.020938093022434445 -0.2821799759662125 -2.1143806262830798 0.01190281105786432 0.9993612468872608 -0.03369601324875424 -0.23717451240247311 0.282705262888099 0.028960222383872 0.9587695447055291 11.953237008326358
0.9568039847738351 -0.02067137597464111 -0.28999798091749857 -2.3240684339209854 0.010320878547745308 0.9992554399015648 -0.037175869769687134 -0.26188172780639946 0.29055053637347417 0.03257698639292894 0.9563049334655978 12.552986891171862
0.9543789167071783 -0.02150265439358231 -0.29782296620452714 -2.5007732184928946 0.009311656951565559 0.99906188502527 -0.04229235078085049 -0.2943788801192047 0.29845297182244496 0.03758970262963381 0.9536838248951098 13.13521307198691
0.9527033440696299 -0.023214134221336016 -0.30301393065484356 -2.7215944411359465 0.008518847414570803 0.9987264079023109 -0.04972918054094634 -0.3254240904731114 0.30378243437906643 0.044795827159463994 0.9516877462864738 13.750885501689313
0.9512972670716215 -0.024141991334652828 -0.3073282836259323 -2.908720446245882 0.00669784603742042 0.9983121086212157 -0.0576894499776259 -0.3656052767615264 0.3082022850670042 0.05282137857590937 0.9498532799568665 14.348433528224152
0.9499749646552709 -0.02412063844957584 -0.31139325832297926 -3.122866541042988 0.003549275000454785 0.9977827265643574 -0.06646076449129973 -0.40619422451292964 0.3123058903946386 0.062030842091508824 0.9479542211806593 14.977666073286166
0.948742019953653 -0.02312421548201633 -0.31520445782476425 -3.347451581825099 -0.0007736057509647422 0.9971468815240737 -0.07548177396535567 -0.45258054320472185 0.31605059896858984 0.07185657468287956 0.9460172575415521 15.602263782600733
0.9473861051719441 -0.02231814086176694 -0.3193140590635 -3.5759512312562745 -0.0043635272023089 0.9965731599264935 -0.08260082653629035 -0.5060476821472903 0.3200633177318025 0.07964821091900273 0.9440421786869023 16.256131092550508
0.9457917928391794 -0.021617896238841618 -0.32405331530514786 -3.8174510172462464 -0.007604277407964515 0.9960346593578209 -0.08864046662248806 -0.5709362397913249 0.32468455393374296 0.08629961714953535 0.941877017724018 16.90885599919497
0.9442138201371536 -0.020453576691675704 -0.32869729701127853 -4.06211497913593 -0.01138586925626618 0.9954455219281328 -0.09464974830661893 -0.632796121554433 0.3291361782655959 0.09311210487227126 0.9396805372481507 17.57375485797761
0.9425875045817007 -0.01871495979521768 -0.3334344710528679 -4.313901378400749 -0.015596775277787871 0.9948721571620535 -0.09993063346470206 -0.7038629117165152 0.33359486927615745 0.09939386894364174 0.9374621709749347 18.24440058835974
0.9409719055804253 -0.016066408500793473 -0.3381031550078005 -4.596221811047427 -0.020072985040009282 0.9944662315417104 -0.1031212373607525 -0.7812096795051768 0.3378889583575153 0.10382092679761015 0.9354422841517047 18.945664946455096
0.9393031238962007 -0.014472678029714837 -0.34278299699589365 -4.864343399962134 -0.02285998429465419 0.994249519395247 -0.10461985614771467 -0.8598393578209027 0.34232595951357064 0.10610577162892015 0.9335708343077909 19.623376310304423
0.9369774904440789 -0.014226392235045621 -0.3490999744558725 -5.139691653188444 -0.023491093163792793 0.9943446377835307 -0.10357079633327737 -0.9369119943773802 0.34859912642329755 0.10524424485506963 0.931344349841561 20.347920889952555
0.9350414523442542 -0.014233433097937712 -0.35425258189629955 -5.4517423203154936 -0.02298613142794481 0.994657798745238 -0.10063548657036947 -1.0219073952711202 0.35379248177416817 0.10224124792628608 0.9297191011604261 21.03083906952823
0.9324552719933933 -0.014550186068904142 -0.3609923237647682 -5.740763569172028 -0.022807750470442967 0.9948249553594781 -0.09901067979006245 -1.1004708186459466 0.3605647961881539 0.10055645319606564 0.9272979173223794 21.75124778886026
0.9292811074682659 -0.01322926596478868 -0.3691363025016453 -6.046210447722978 -0.024021797124091446 0.9950783336867214 -0.09613564942406583 -1.1796431373542404 0.3685913408715434 0.09820436013380862 0.9243897052029663 22.48037561554291
0.926178590586491 -0.01179088274705924 -0.37690077397541405 -6.378104248894031 -0.024059116533668826 0.9956267944103007 -0.09026873857481436 -1.2569031405031232 0.3763168575161634 0.09267287270994644 0.921844542975032 23.20544321889671
0.9227304463251783 -0.007925104831363484 -0.3853643939675137 -6.713659935517944 -0.027058632351906375 0.9959901396027907 -0.0852729278801771 -1.3352750753059592 0.3844949334383765 0.08911136026021271 0.9188159835531775 23.952632267733513
0.9191901096362198 -0.00371917967606227 -0.3937965338210727 -7.0603889405978375 -0.030840130064364413 0.9962046807948794 -0.08139484221979612 -1.4092368127896042 0.39260467231627183 0.08696207026577497 0.9155867897750182 24.701746749571964
0.915418928700209 -0.0028816362836931535 -0.4024920883069505 -7.4137565501755445 -0.03180227495752271 0.9963303434245524 -0.0794635896435564 -1.486381591563798 0.40124406573167865 0.08554263816274259 0.9119680130197936 25.45805445611607
0.9114256466792395 -0.00265964395645477 -0.41145621500878427 -7.773675496326175 -0.03267340095233012 0.9963535976088271 -0.07881597174529861 -1.5619817645694185 0.41016550250543776 0.08527857190392162 0.9080153224084324 26.21344370551728
0.9078070063740602 -0.0015989309791376541 -0.4193851244356325 -8.140801491679273 -0.03404314705256698 0.9964118095340464 -0.0774891602731921 -1.6416230670679985 0.41800419054947796 0.0846223920768676 0.9044951892864133 26.945111927723268
0.903820544898634 -0.0015149993547745404 -0.427909017661572 -8.582259586566805 -0.03434328494554579 0.9965110666160291 -0.07606729186012276 -1.7008385835271722 0.42653131350263784 0.08344698250229952 0.9006151451718849 27.78772352220018
0.900022025127776 -0.003054447610946943 -0.43583371213650857 -8.989862689765475 -0.03223324154388952 0.9967705537010967 -0.07354917684095692 -1.7710621211935782 0.43465086267540104 0.08024421240314507 0.8970169975821688 28.580608802359247
0.8961910175713623 -0.0024110652648787964 -0.4436618608678175 -9.419424624216157 -0.0317466944126868 0.9970734363168078 -0.06954645918564203 -1.8403811132747727 0.4425311372302221 0.07641170954560032 0.8934917141339618 29.3889210738538
0.8930106709192833 0.0007639208183343666 -0.45003484092820506 -9.939815117093785 -0.033247137293358625 0.9973779326755957 -0.0642797578834224 -1.9113168456571208 0.4488057146317191 0.07236487985713898 0.8906945349990499 30.236272553073206
0.8893739276758219 0.0006016904359995296 -0.4571801119242844 -10.439274947750103 -0.03160869235911923 0.9976871454401813 -0.06017682602770766 -1.9764782661579685 0.45608651299707226 0.06797056562984939 0.8873359537797 31.087686519506594
0.885880056787911 -0.0003696071000660398 -0.4639142036799899 -10.949614088425616 -0.03031233283884656 0.9978166015879072 -0.058678719084746735 -2.031955610532887 0.46292298221552425 0.06604462874565363 0.8839346240251789 31.938435691334462
0.8828487126497447 -0.0012592702590152338 -0.4696557939716098 -11.437093066024952 -0.029518090423201658 0.9978706058625582 -0.0581630148226423 -2.081106637993092 0.46872895463205183 0.06521248495423232 0.8809316085234074 32.771882079990455
0.8797652298399741 -0.0005334719421665522 -0.4754080939280531 -11.826268901637372 -0.02916315718320061 0.9980555340849053 -0.05508775858212359 -2.1286915732754665 0.4745130668672103 0.06232869555976058 0.8780389986111625 33.533372890474325
0.877211871842586 0.0012236091678827828 -0.48010190030766464 -12.346996217080497 -0.03109819973877497 0.9980415361094972 -0.05427701330399838 -2.2083168158753685 0.47909522422106626 0.06254274522915855 0.8755319361095669 34.37303961530548
0.8749960372291258 0.0009914407207981281 -0.4841290653107118 -12.902270297788782 -0.031142772912543328 0.9980420301785934 -0.05424236068156977 -2.2767280421766327 0.48312737712599574 0.06253897218765984 0.8733136976076048 35.242389581780905
0.8729063701238291 -0.002332168525381033 -0.4878821886349306 -13.42880516577571 -0.028013763056540502 0.9980992085983595 -0.05489261220547286 -2.315911241324451 0.4870828451882213 0.06158352689881966 0.8711818243845826 36.1235318180896
0.8721774830327576 -0.0033363828717704173 -0.489178195180424 -14.082107718574475 -0.027475235893936162 0.9980641970318456 -0.055793996233912874 -2.354958749193701 0.48841739271161977 0.06210255351038538 0.8703974513659108 37.034243574814234
0.8716147765337247 -0.004839468729274073 -0.49016758447543585 -14.570018707986954 -0.02516966728609101 0.9981903787607096 -0.054611863164139136 -2.402031435557155 0.4895448592077877 0.059937861923575114 0.8699156761038727 37.894314515016156
0.8711708490542652 -0.005336578213726372 -0.4909509880742063 -14.99609856076319 -0.02343827584315832 0.9983488726466327 -0.052442117717512525 -2.4652067549269945 0.49042022693152726 0.05719308890212349 0.8696073548437037 38.70736370835848
0.8708316999615964 -0.006586415494118092 -0.49153714963666284 -15.512458706151541 -0.02179048033825981 0.998410185406361 -0.05198342662295174 -2.525666829759924 0.4910980811494015 0.055979646370575946 0.8693037178590698 39.601045563030134
0.8701024079216054 -0.00830750658415637 -0.4928009588701897 -16.0040730412876 -0.020380022485228928 0.9983963713829702 -0.0528142054074449 -2.5869638930651133 0.4924494435092051 0.05599706192000092 0.8685377796295345 40.48249042828087
0.8692259687309334 -0.010508906479767047 -0.49430332607455707 -16.566213823826732 -0.0181991244117191 0.9984164633015056 -0.05322929343096912 -2.6448808651000033 0.4940799602841803 0.05526417187575466 0.8676582646137072 41.38581319046665
0.8676070521909796 -0.010743347719940963 -0.49713437164236335 -17.096027981121285 -0.017124890417018306 0.9985279429969918 -0.051465378483028706 -2.7071660366944506 0.4969554719657327 0.053165096952462326 0.8661459065015266 42.30673737235746
0.8654537298292145 -0.0101191616370581 -0.5008866579301788 -17.628539747114914 -0.015931492228347246 0.9987344545366356 -0.04770405513986418 -2.7717785360855314 0.5007354881372789 0.04926552434687143 0.8641972454426992 43.221714823342055
0.8624775646689042 -0.010354361520090474 -0.5059893651454618 -18.10997828576556 -0.013584933964475122 0.9989567761042397 -0.04359826882577638 -2.8359305490066955 0.5059129371858136 0.044476360832863604 0.8614371441463898 44.091746879518645
0.8566398967164947 -0.014834859142363214 -0.5157014778995497 -18.38498958468637 -0.007056872898502917 0.9991560613096472 -0.040464375604808075 -2.8732891056670424 0.5158665407820591 0.03830263832190747 0.8558122574485209 44.861702364478134
0.8515144428702851 -0.017927003383451934 -0.5240245949695469 -18.920880653027584 -0.005293399120672249 0.999070495913594 -0.04277994998494693 -2.9298849601150527 0.5243044282752696 0.03920161660767318 0.8506280619320572 45.717974386627496
0.8456141065996626 -0.02150970229983932 -0.5333611491537669 -19.48453571689869 -0.00332566772416387 0.9989561070863263 -0.045559148906895656 -3.0075638688863746 0.5337843409597578 0.0402992409594092 0.8446598419033857 46.57372992090369
0.839437368885237 -0.0218064731210484 -0.5430187671241682 -20.068561451308124 -0.0031564265803702327 0.9989821616176874 -0.044996419200814146 -3.0662586212378375 0.5434472749865191 0.039485674613379186 0.8385141267802547 47.457842418792865
0.8337915683584698 -0.018119540356925264 -0.5517819340931498 -20.69485911911963 -0.00488879528548552 0.9991797458671101 -0.04019869562055179 -3.116312937948038 0.5520577145688482 0.0362148823854353 0.8330190646550829 48.37901533734229
0.8286632107852202 -0.014019536624707934 -0.5595719218152017 -21.308263889720692 -0.007258043398147222 0.9993331306476786 -0.03578567864300283 -3.169746511873353 0.5597004590824991 0.033715672657358184 0.8280088462813073 49.265449521600466
0.8245180568686284 -0.014313190868171814 -0.5656545822891852 -21.91112036538008 -0.008016359473405921 0.9992842008710858 -0.03697058114539967 -3.2267799521221616 0.5657788542163575 0.03501740219671826 0.8238131278785371 50.12264348775334
0.8209373042937165 -0.016678111118009042 -0.5707747217847872 -22.535423208834267 -0.008487235241336731 0.9991065589851474 -0.04140109456060599 -3.280652000333791 0.5709552602935927 0.038832002296989146 0.8200622941829984 51.0089141089647
0.8181668274446985 -0.018907952880335428 -0.5746699329066661 -23.156592747343446 -0.011019966240049963 0.9987599219130646 -0.04855078500165853 -3.3366216723937785 0.5748752932707626 0.046055484994559845 0.816943871688117 51.86126023837015
0.8153339119365489 -0.019946461590140886 -0.5786473457264597 -23.785310713739864 -0.01083796133651219 0.9987055216763355 -0.04969727927428947 -3.403612392887988 0.57888958415255 0.046791234683768376 0.8140623008814843 52.66468949885395
0.8121846416253561 -0.018268788109521854 -0.5831143621013818 -24.433556313319983 -0.01046517361669328 0.9988925391011376 -0.04587129243061177 -3.4627861196361396 0.5833065986675142 0.04335835224142664 0.8110939928527667 53.529148452115145
0.8089931274194481 -0.015735821682401993 -0.5876074401367638 -25.067603333916832 -0.010059081180939728 0.9991246430566684 -0.04060495687327331 -3.5228903634504865 0.5877320262448662 0.03875992199250108 0.8081266817605017 54.386206962421
0.805709075008136 -0.01443501314758351 -0.5921355561397769 -25.7014984810891 -0.009824179107855832 0.9992397923347534 -0.037726952164940084 -3.5814542842347747 0.5922299992016535 0.03621419349133706 0.80495475663877 55.252928362102146
0.8027027243480563 -0.014177970502625445 -0.5962108028848815 -26.350872875147253 -0.010896339657742194 0.9992018326945151 -0.03843133255542119 -3.6296924257427503 0.5962798052141892 0.037345450758411586 0.801907545295204 56.098030960481815
0.7991767608137912 -0.015200936683127653 -0.6009038496291499 -27.00701987951957 -0.01091615787126474 0.9991483038431709 -0.03979327109756593 -3.695149826341497 0.6009969571241656 0.03836141878594033 0.7983301692133548 56.96033244765009
0.7952572857494284 -0.018077508111232616 -0.6060025191061008 -27.679777944163305 -0.00942040865797508 0.9990662358291449 -0.04216529766170478 -3.7522710400302253 0.6061988991768037 0.03924105154900589 0.7943444054754585 57.80966263119415
0.7915508546854285 -0.020579711129152037 -0.6107566781760214 -28.23702595797642 -0.005846681511873767 0.9991320148727018 -0.04124358340049989 -3.8221373430256533 0.6110753314952799 0.036217293469500624 0.7907434772994828 58.42725678527387
0.7870290256093485 -0.02089687024837645 -0.6165619463299872 -28.91463328804168 -0.005302157298973403 0.9991601028535564 -0.04063220389848008 -3.875993285299712 0.616893183603431 0.03524783226658394 0.7862572036834578 59.269293487049914
0.7822167516664896 -0.020345041102539946 -0.6226740983169778 -29.587673010793377 -0.005668219657753938 0.9991928698457812 -0.03976782789219566 -3.933979287763147 0.6229805973690006 0.03463651471911981 0.7814700807771693 60.09401021622106
0.7771215572755424 -0.021724935350714503 -0.6289754465809004 -30.280120927116407 -0.005296531982941144 0.9991428641190585 -0.04105464442567215 -3.9885550540289243 0.629328238653399 0.03523583777877244 0.776340391690036 60.92410817642994
0.771716916826509 -0.022298816702520877 -0.6355751435176287 -30.93953913840488 -0.0053957706744998625 0.9991195614947308 -0.04160513787268417 -4.063040283273204 0.6359433040315898 0.03553680644408311 0.7709171482365278 61.741525640435974
0.7660662359346175 -0.0232546757606304 -0.6423408302577649 -31.644140091056773 -0.005168490256415004 0.999090141274741 -0.04233410346384312 -4.12920920628944 0.6427408566984334 0.035750659614697734 0.7652490323206412 62.5804287754122
0.7605573257163545 -0.024657765990804638 -0.6488023958614287 -32.37023109847224 -0.004785732538613042 0.9990385401732271 -0.04357857286116825 -4.1951178966564715 0.6492531486741179 0.03624899757082956 0.7597080749286886 63.396458395748354
0.7543897665910777 -0.02672480314927722 -0.655882508502317 -33.100272151401626 -0.003678070878231146 0.9989831249222106 -0.04493537487625503 -4.250734612608899 0.6564164469734699 0.03631116931864417 0.753524350718302 64.2314645988922
0.748286248363679 -0.028172087457195554 -0.6627775071606722 -33.836165548787605 -0.0022626468027170015 0.9989836377316564 -0.045017462987964246 -4.306485302663427 0.6633721210144853 0.035185579897604374 0.7474619749713108 65.05910153535308
0.7424775483203541 -0.02800792235698341 -0.6692851757849128 -34.61948763018209 -0.0014796765563002674 0.9990545312571911 -0.04344944339992107 -4.369740352166584 0.6698693162083819 0.03325056179554563 0.7417341163400775 65.88011656622886
0.7363204803232617 -0.02904234006875705 -0.6760093880560032 -35.41267926664609 -0.00014606457371902167 0.9990715869462732 -0.04308065484409041 -4.4209365808418255 0.6766329351440569 0.031819909490537764 0.7356326287205812 66.69726869064225
0.7295608006657461 -0.03119204818090305 -0.6832042844290686 -36.152628928958364 0.001714799450582135 0.9990397013456911 -0.0437805276116756 -4.500998258025458 0.683913808600762 0.030768998446368528 0.7289136925177134 67.52288561303588
0.7233162294848486 -0.03397852908628186 -0.6896804272450788 -36.94384086227028 0.0033942527402327097 0.9989514722613648 -0.045655614278936045 -4.546005150348006 0.6905085888040475 0.030682497094993162 0.722673144069889 68.31724408367546
0.7172993926151492 -0.03338998628962616 -0.6959645753696927 -37.75537860128069 0.0021901122797924047 0.9989542198417088 -0.04566913693781215 -4.608912453866395 0.6967616412821102 0.031234203623933064 0.716622382961793 69.12850326829228
0.711877025040387 -0.0333776559880054 -0.7015105368420311 -38.575200382916854 0.002503319147855984 0.9989842534255804 -0.044991052454680755 -4.661620779710067 0.7022996757886852 0.03027199181557475 0.7112374933161394 69.9319805898586
0.7071717223856537 -0.03274351286704751 -0.7062832416412225 -39.41706928250146 0.0012238317565131768 0.998982280149194 -0.04508776090857666 -4.724772333210614 0.7070407748453689 0.031020417680017114 0.7064920922367197 70.73376944670918
0.7020425993486468 -0.033591751423551953 -0.7113422403710424 -40.19260966607274 0.0010657491915297733 0.9989352939609969 -0.04612095681702031 -4.7950223017704445 0.7121341537087351 0.031620763990691206 0.7013309307354045 71.529384204039
0.6967638913380143 -0.03526696936191114 -0.7164330538155913 -41.02516122222896 0.0005349625165856261 0.9988158805029599 -0.048647206191135585 -4.861990526137897 0.7173003509985296 0.033512351859024056 0.6959577061361296 72.32478660306877
0.691616157551272 -0.038223819692992926 -0.7212530972010393 -41.87446600838352 0.0014342378466940713 0.9986693550377449 -0.05155057972800837 -4.927808082443958 0.7222638254653304 0.0346187653819746 0.6907506840442612 73.13063721082835
0.686797330499527 -0.03867142735057059 -0.7258195006510869 -42.74664181721551 0.0010413016772426033 0.9986349769291113 -0.05222162908805446 -5.00076814394007 0.7268482252228043 0.03510987838860888 0.6859001049205318 73.92593872738198
0.6817958544505076 -0.038529640875953376 -0.7305271244985174 -43.6110196506266 0.0016629871216872526 0.998691074324876 -0.05112115548046618 -5.063163173290043 0.731540598550713 0.033639334681217437 0.6809675086480043 74.72053656985811
0.6773366245537726 -0.03635351417439296 -0.7347744681501078 -44.41850632178648 -0.00031193125744390896 0.9987640360827201 -0.04970214207300991 -5.156825856460987 0.7356731609464846 0.03389428026861232 0.676488121128583 75.46143861659185
0.6720583134388535 -0.03750953924582481 -0.7395476034734274 -45.271799681781125 0.0004261728921837407 0.9987356656668825 -0.05026816588652268 -5.225909093972555 0.7404981037885173 0.03346796364428112 0.6712245925881406 76.24227690653154
0.6671901919469696 -0.03886922490996272 -0.7438725906529051 -46.15879233016265 0.0017421861326266897 0.9987163213784017 -0.050622862422745316 -5.293228506056005 0.7448853687361869 0.032479112784859904 0.6664014515856513 77.02254090936995
0.6628897894697046 -0.03979300053705826 -0.7476587751943184 -47.062091783758866 0.003379113620608624 0.9987354692863187 -0.05016018321912039 -5.364703947580188 0.7487093619075093 0.030724249343057848 0.6621860100412542 77.80503019813284
0.6590275472920597 -0.04094690559637367 -0.751003357404142 -47.97631753397663 0.004615581204245954 0.9987183085928086 -0.050402742898242876 -5.430073370364663 0.7521046392094379 0.02975047904826112 0.6583718711154358 78.5805539564484
0.6553768126724506 -0.04331771943087652 -0.7540588893412817 -48.85353935065122 0.00680374557278227 0.9986521229374172 -0.05145528543085332 -5.503867624226789 0.7552714362780313 0.028592176130850973 0.6547881680411016 79.33423892455055
0.651396114926247 -0.04832925242371389 -0.7571970581157567 -49.773385349159966 0.010002946952796403 0.9984295739885475 -0.055121019922594716 -5.568770878789887 0.758671893845588 0.02833141622320506 0.6508565804718706 80.09566843028776
0.6466090123921766 -0.0524813027508343 -0.7610141246749558 -50.66495756876086 0.014408904944017663 0.9982928517544379 -0.05660181617497898 -5.650019806169182 0.7626854977980951 0.025633864273010443 0.6462613530537817 80.85773834445324
0.6406546236908415 -0.05577253839850485 -0.7658009383019412 -51.56769080968236 0.019284562366057485 0.9982126132059428 -0.05656575369349005 -5.734181491896364 0.7675869714878542 0.02147097569162256 0.6405850750719639 81.59094271163274
0.6323315686637323 -0.05972296592141684 -0.7723923579456318 -52.514150971563666 0.02432045980788183 0.9980629167183743 -0.05726193767542872 -5.814420065783197 0.7743160223745837 0.017423593577696916 0.6325591797459289 82.36150295220354
0.623038798249714 -0.06092540840427448 -0.779814561601875 -53.47157715399976 0.02742623361707346 0.9980504503758096 -0.056063358927425554 -5.897565486972856 0.7817099574555347 0.013542271427496847 0.6234951076788415 83.13246238002743
0.6149188028474593 -0.05947598446914151 -0.7863443731445366 -54.47043281107243 0.02766400102523605 0.9981649973036121 -0.053864099409122304 -5.97954667778288 0.7881050494394282 0.011368615980254971 0.6154357688815058 83.87416905536213
0.6057649069000888 -0.05908979767550336 -0.7934464527483849 -55.45319303222788 0.027010194937084907 0.9981908636748292 -0.05371637595332598 -6.068614024268052 0.7951850897355832 0.011108352117504283 0.6062650225565105 84.62073333084358
0.5968858336770528 -0.06075135278965745 -0.8000228588545931 -56.32302883470184 0.02791758954953777 0.9980979929659695 -0.05496366646291931 -6.144359921090092 0.8018403268415684 0.01047232407491674 0.5974465839546468 85.28786128913306
0.5869188070002914 -0.0628205127946265 -0.8072049907932773 -57.337467449995344 0.02838561533503067 0.997968998755468 -0.057027487802465755 -6.232313614154388 0.8091480524795239 0.010557494742071937 0.5875099730841722 86.01755087724521
0.5767069209181895 -0.06496799404956592 -0.8143637314580241 -58.35507239638739 0.029879980393170708 0.9978433300710953 -0.05844549088108539 -6.311541635243958 0.8164045039909842 0.009372746758707792 0.5774043968324387 86.74348016992127
0.5663567050188123 -0.06592320992755683 -0.8215194538616121 -59.39273947375539 0.03285142401874948 0.9978093577598658 -0.057421855654310495 -6.396363107200794 0.8235052316896199 0.005533169045981838 0.5672816914198221 87.46023072102226
0.556024815351906 -0.06601163046530782 -0.8285402038260973 -60.4187800640349 0.03472053135563457 0.9978157719368271 -0.05619759760431113 -6.485106938156106 0.8304401781075272 0.0024799027048099495 0.5571022892318012 88.15134454467585
0.5456807786539364 -0.06672162089852961 -0.8353326960632552 -61.48221404682698 0.0350914277563986 0.9977702376568417 -0.05677274473043549 -6.57085229360547 0.8372580722248375 0.0016667785943638297 0.5468053971418592 88.8419374330843
0.5353864585458671 -0.06779366181350986 -0.8418820341494585 -62.541915738442626 0.03452531648523211 0.9976969548168904 -0.05838483425255648 -6.654682451448956 0.8439012634943196 0.0021922059710226026 0.536494036971215 89.51033085050643
0.5256352174938906 -0.06834000935211966 -0.847960648409997 -63.62954004313617 0.03322556419196288 0.9976567508087675 -0.059808606820579126 -6.7424100473651905 0.8500609860558689 0.003263539098136882 0.5266741585632229 90.16618276703059
0.5156851050199054 -0.06931901263691244 -0.8539694063300235 -64.71411914497342 0.03222717874865443 0.9975856955099202 -0.06151576272705311 -6.836284802690433 0.856171876091776 0.004201737858600004 0.5166740403663186 90.81353947215742
0.5061552538020782 -0.06911627080922575 -0.8596684245440097 -65.8095660717774 0.03139765060064592 0.9975995664942142 -0.06171946587030331 -6.92944034501798 0.8618706669711609 0.004248063085871514 0.5071103502934098 91.44875271872185
0.4976311340071268 -0.06690839700228819 -0.8648043251958013 -66.89999493772766 0.03077703386050942 0.9977546564563917 -0.05948461739253874 -7.0231254680180495 0.8668425627837677 0.0029852856097629444 0.49857302315337726 92.06037051638388
0.4901020256682418 -0.06521594208042218 -0.8692220000290196 -67.96706257391419 0.030891463165501423 0.9978703211968054 -0.05745032269777782 -7.109825170508426 0.8711175132778473 0.0013049801329351443 0.49107288164535423 92.63977130151842
0.4826796288225089 -0.0666424573192334 -0.8732577848506243 -68.99390013757298 0.03503533781080746 0.9977718255283634 -0.056779479447065316 -7.194290566210701 0.8750959381829216 -0.0031885834239142666 0.4839389754003093 93.198561506359
0.474895094343996 -0.06938019288342165 -0.8773032760701778 -70.10620214791805 0.0366113308568783 0.9975820079623409 -0.059074087743377045 -7.29291414311296 0.8792805353360754 -0.0040652460298519705 0.4762869029837179 93.80293144627402
0.46835173225519333 -0.07292293221095915 -0.8805276263986925 -71.24705386422701 0.03938854957790897 0.997320647854222 -0.06164468773368479 -7.386387704485582 0.8826636941982536 -0.005811309782721672 0.4699691815671544 94.38780347428593
0.46174475981483853 -0.07586889315582285 -0.8837622348996632 -72.3760819327623 0.04064363892230269 0.9970985266347292 -0.06436320997282372 -7.480428939598818 0.8860811878144635 -0.00619993823861565 0.4634886075915424 95.00155540285513
0.4559207699035416 -0.07960749487111174 -0.8864529870957105 -73.5080886909301 0.042774109069673064 0.9968007549212003 -0.06751763163663886 -7.5761211857903765 0.8889919162533806 -0.007134546157329285 0.4578673072924855 95.59422069288588
0.45108034485023485 -0.08044834617974789 -0.8888501482740141 -74.65603013528882 0.04561813965301078 0.9967055760821892 -0.06705952535821987 -7.6842777493931935 0.8913167269968583 -0.010298456370484406 0.45326419886418734 96.18013135886196
0.4466342448547037 -0.07772850364012612 -0.8913339054725427 -75.79682206662302 0.047344613357543565 0.9968766998789758 -0.06320864517158328 -7.78920039582513 0.8934631155840141 -0.013968713622567797 0.44891929801539765 96.75743406987206
0.4424394716946327 -0.07570692017865412 -0.8935970994377932 -76.91627883808549 0.05048414449325125 0.9969528368645072 -0.05946757286619162 -7.892940947447478 0.8953762700906022 -0.01880168356488785 0.44491328554423604 97.33232224668012
0.4389303087082992 -0.07522833303420623 -0.8953663395538899 -78.05991654133301 0.05211703297869523 0.9969428159497795 -0.05821371487563381 -7.985990820575816 0.8970083605913239 -0.02111207320512485 0.44150909548303385 97.89468318281085
0.4358960388283869 -0.07487994426389541 -0.8968766009216415 -79.18699712009067 0.05320803689421767 0.9969338778222862 -0.05737375759075409 -8.083627982137765 0.898422811455489 -0.02271204960488944 0.4385437431535879 98.4572015006879
0.4335307112399287 -0.07367241489482697 -0.8981222064370562 -80.31144384023143 0.054545606941714925 0.9969703772457988 -0.055451272823349024 -8.180492448885408 0.8994864641422692 -0.024948791111675583 0.4362357833178113 99.00608196726353
0.43177954772776717 -0.07373777317220277 -0.8989600452587478 -81.5092138201342 0.05670032089334241 0.9969005546925317 -0.054537671973733694 -8.257266079465985 0.9001952542502083 -0.02742307169752054 0.4346222260355259 99.53768959484148
0.42545676194066895 -0.07704068279967059 -0.9016935604254483 -82.57934491567136 0.06426404701352166 0.996426492748028 -0.05481219582636644 -8.320825203800577 0.902694120940424 -0.034626258007827024 0.42888733517786526 100.15339462490327
0.4219765944001407 -0.07693567988718716 -0.9033364018674082 -83.6342261558277 0.06615665816076392 0.996349488913882 -0.0539536145410659 -8.409629044523784 0.9041897203349853 -0.03699455502289968 0.4255259716388633 100.70152441854184
0.41875225620764633 -0.07563366232430867 -0.9049453558333886 -84.72377016771573 0.06920190611034309 0.9962856049008543 -0.0512453867000153 -8.504945232643474 0.9054599075120341 -0.04116482224850844 0.4224308384783806 101.24450584238747
0.4153767603324442 -0.07447491921754924 -0.9065956283720228 -85.79331078415741 0.07128471737292118 0.9962429197806792 -0.04917859143905779 -8.600072550428553 0.9068520474944004 -0.044198769150356816 0.4191250800904278 101.7803171516377
0.4131290762108153 -0.0754977307157335 -0.9075375799634817 -86.88001439300118 0.07360911841496096 0.9960651996518709 -0.04935398391873455 -8.686880063294602 0.9076927145655465 -0.04641347540588878 0.41706081717823407 102.2971596584002
0.41063313481681496 -0.07657780697227999 -0.9085792580011012 -87.91980624849309 0.07526904919359405 0.9959128976571172 -0.04992064216030034 -8.77011494605984 0.9086886148863139 -0.04788882708441148 0.414718773889574 102.80531894274917
0.4109682158725382 -0.07929089779249951 -0.9081949565318024 -89.00388458937194 0.07619490534327832 0.9957123354277568 -0.052452659386642515 -8.826274659570696 0.9084599396463621 -0.04764345290028502 0.41524768446490656 103.26260184878427
0.4104487558485267 -0.07972560768377406 -0.9083917911902603 -90.03435299245639 0.07526157455761404 0.9957337703125079 -0.05338496093794989 -8.911877371960145 0.9087725316147629 -0.04645520572218661 0.4146979619479749 103.754367163035
0.4117512403014221 -0.08078018939868387 -0.9077089165095569 -91.08888048958528 0.07416719681879896 0.9957296429303284 -0.0549700382561465 -8.969093353418485 0.9082731654223207 -0.04468824443355809 0.4159841556876469 104.24839505094955
0.4181115727805196 -0.08075626772187601 -0.9047989489000489 -92.19869281737233 0.07194226674366823 0.9958557437471675 -0.05563854690373269 -9.06584476107681 0.9055423915879275 -0.04183016697801555 0.4221886002343126 104.70308437600914
0.4224354521927678 -0.08076975314937415 -0.9027870932323309 -93.21069095518017 0.07044724594483519 0.9959345097763102 -0.05613944936859108 -9.156008890695968 0.9036511905981643 -0.039883570712887076 0.42640805165675566 105.19586123703833
0.42732766514495035 -0.08082452410534698 -0.9004767975383425 -94.20229120315251 0.07042536217068386 0.9959454433128008 -0.05597269251694846 -9.241248912643368 0.9013497295527929 -0.039497724587791536 0.4312871372850039 105.69246606181807
0.43639064340939027 -0.08206534711210618 -0.8960069671314548 -95.35153602187572 0.06951119174488224 0.9959305788706504 -0.057362673338830744 -9.294533556092627 0.8970682251461951 -0.03724997817100992 0.44031924618316964 106.21502538163767
0.4450832757868639 -0.08144204540727591 -0.8917780390067439 -96.38186235221906 0.06833986625908588 0.9960407082628414 -0.05685569595869365 -9.361111412633793 0.8928776737574553 -0.03563847251407341 0.4488867997416931 106.70131329745557
0.4543731240391239 -0.08093783230182833 -0.8871268970407833 -97.39472827189994 0.06784619444484662 0.9961155183134921 -0.0561317029351058 -9.441793177032332 0.8882240472145975 -0.0346834467336223 0.45809944386824675 107.19846443119876
0.4631501914941448 -0.0812238163838997 -0.8825500505755872 -98.38667493260873 0.06677391789740184 0.9961593381486463 -0.05663759270910114 -9.49951039874142 0.8837607956950614 -0.032699612708494516 0.4667950206687582 107.7345504626433
0.4731612040382942 -0.08291027485713424 -0.8770657679536615 -99.37996310649419 0.0664401379569335 0.9960846920958556 -0.0583180438678125 -9.565633888535764 0.8784669504661489 -0.030678534766492887 0.4768172023357439 108.25290823342675
0.4835996843342505 -0.08489954264951974 -0.8711621048746987 -100.35620312336486 0.06552855787866078 0.9960033924918015 -0.06068978700873304 -9.649431967191587 0.8728329470260368 -0.02773643457124146 0.4872302707992586 108.78013757109628
0.49469932415128537 -0.08607964373491 -0.8647906530593013 -101.31118049113397 0.06430717473569623 0.9959803655576275 -0.06235141298484982 -9.73049860768597 0.8666816981809264 -0.024767041772598433 0.4982463524001558 109.3244533227364
0.50634821983975 -0.08530152577702264 -0.8580997202920114 -102.24239680252936 0.06293638136333635 0.9960972019861564 -0.0618819529122921 -9.79850283970414 0.8600293554094564 -0.02267187454672393 0.5097406143702232 109.87614025226428
0.5197037428765501 -0.08289356460071415 -0.8503156335078711 -103.19271743885064 0.06189890278302521 0.9963195469915173 -0.05929490801810475 -9.885349303342087 0.8521012530646592 -0.0218178191028604 0.5229220183691183 110.42989581549054
0.5322882756433427 -0.08083742765146483 -0.842694785734035 -104.1060220548483 0.061896689162188635 0.9964824945078944 -0.05649281379152245 -9.96467462928306 0.8442973359447467 -0.02208955477184678 0.5354195178423973 110.99611359551433
0.5474256404410968 -0.08205645893854227 -0.8328216530170925 -105.07064596420055 0.06455350674751466 0.9963564608586024 -0.055737309514532575 -10.046258968507326 0.8343608409760453 -0.023249525840058564 0.5507281058689113 111.57526880459525
