1.0 0.0 0.0 0.0 0.0 1.0 0.0 0.0 0.0 0.0 1.0 0.0
0.9998733740745042 0.001705977919738293 0.0158216767823169 0.010363604215716247 -0.0016907439290197526 0.9999980942253001 -0.0009761817117281136 0.0009861905787209653 -0.01582331197421144 0.0009493076978487989 0.9998743529129356 0.14023231475998255
0.9992975591612443 0.00463830383791525 0.03718701913150086 0.028402233176384743 -0.0046212137169486835 0.9999891733406189 -0.0005455138202520052 0.000638757638545978 -0.03718914677915743 0.00037328146616362966 0.99930817470027 0.2952950916816664
0.9979039611635085 0.006335207605710104 0.06440147078111907 0.05756176719965439 -0.006403093534553073 0.9999791406311381 0.0008477592808195469 -0.002629761320052812 -0.06439475667604114 -0.0012583509856172452 0.9979237104435541 0.47181443361872866
0.9951420897671585 0.006094726196777062 0.09826024367178733 0.10970939469279431 -0.006426301044116002 0.9999746743605149 0.0030583152997218973 -0.004259782682840447 -0.09823911557390516 -0.003674908185035222 0.9951560537026786 0.6632698528864088
0.990675663567289 0.00291885897917301 0.1362101680410508 0.1725939321108741 -0.0036451229659329046 0.9999804387824122 0.005082827077299256 -0.0030274813745441087 -0.13619266754886192 -0.005531935899321239 0.9906669243449743 0.8660128573375598
0.9844885296127345 0.00020876065293532 0.17544882866507236 0.2609104487158516 -0.0011576499077345728 0.9999852528757499 0.005306022777347966 -0.003694274573999244 -0.175445133610617 -0.005426826882479236 0.984474252909816 1.0713571202120096
0.9757760773386807 0.0009737296587083666 0.21876951054497737 0.35483197028381436 -0.00243744358700595 0.9999764153158542 0.006420878507986936 -0.006886260906485652 -0.21875809873533225 -0.006798577984102019 0.9757554373792117 1.2192029484336346
0.9637382712840545 0.0017998680069112286 0.2668432216444328 0.4604286420932753 -0.004413460362418791 0.9999479845310932 0.009195085634945508 -0.00921637778780707 -0.2668127917286792 -0.010039357915839061 0.9636960856320763 1.443577145425746
0.9492771306548103 -0.0018639790812602858 0.31443513607380913 0.5800192021335013 -0.0034418365073984472 0.9998609274033318 0.016318076283851016 -0.01642556923071356 -0.3144218233157911 -0.016572610963088038 0.9491386967080415 1.6704444684590056
0.9322752832441352 -0.011347499595253205 0.36157161186271697 0.6842464328025999 0.0027115089372337525 0.999699012492444 0.024383029773094613 -0.036331434793408494 -0.36173946974494064 -0.021751291331046193 0.9320254488768432 1.8449745875808392
0.910964395393921 -0.016694000543598844 0.41214703768247357 0.8096488336114974 0.005345163551091981 0.9995745430484648 0.028673369457822135 -0.04239960004144988 -0.41245036010555264 -0.02391742534854057 0.9106660514225272 2.029493723699051
0.8856091489362828 -0.018374307905671614 0.46406768916758295 0.9325197467224459 0.003555002957986505 0.9994559982191542 0.032788253654664534 -0.05296099097966392 -0.46441769698658286 -0.027387815406517704 0.8851926967010838 2.18756709259768
0.8571498677565534 -0.02043228338297483 0.5146616616775345 1.1486640917621067 0.0015166776394656058 0.9993086609955738 0.03714700187325019 -0.06349157591117584 -0.5150648540658361 -0.031059971909052318 0.8565882758076647 2.465789729676312
0.8247872842580855 -0.027595408501798955 0.5647693592572025 1.2568635267672805 0.004369107248638396 0.9990896227659058 0.042436264954986515 -0.08154144541922267 -0.5654262521567442 -0.03253335382494039 0.8241569839908409 2.5650730899477887
0.78839475982705 -0.032822278170303414 0.6142934158307083 1.4729019369864185 0.006024106215597123 0.9989396580817416 0.04564284890140402 -0.07718201155132437 -0.6151401570549199 -0.032284014112938596 0.7877565167050058 2.7833891868089786
0.750045042948585 -0.03735880513886619 0.6603307907608517 1.6954494534291764 0.007036394348056192 0.9987976452151053 0.04851549306499164 -0.083774817869573 -0.661349319726598 -0.031742457235646296 0.7494060939876384 2.9828807142360327
0.7096521076371581 -0.04041302571656557 0.7033922614576958 1.9793804322143747 0.007941075768989725 0.9987489472448912 0.04937083848642716 -0.06530140063047918 -0.7045075055964773 -0.02945042834415016 0.7090852183119992 3.2102201099737218
0.6674192198961435 -0.042234057262497605 0.7434836039351314 2.2667046353002416 0.00688119372312484 0.9986975998485357 0.05055445805978951 -0.05353721727147573 -0.7446504106533267 -0.028624962251892365 0.6668405937327974 3.4261823355354872
0.6239942382475399 -0.042260687414298996 0.780285348403482 2.5772959035965823 0.0018489901600546093 0.9986135903441387 0.05260682860025726 -0.04027878885096887 -0.7814267540014613 -0.03138361800780361 0.6232072662056178 3.6563291517632024
0.5821845419497582 -0.043006042442617146 0.8119184930940877 2.9340493008951563 -0.0007579571121261288 0.998570976793847 0.05343622185370628 -0.022012456845254755 -0.8130563231509651 -0.031725141739733044 0.5813199899933146 3.8645099672074767
0.5430708365642289 -0.04394997067662438 0.8385359065364776 3.31248695599037 -0.0021261642522004487 0.9985540998377932 0.05371395649835558 0.00710537664784757 -0.8396841941462284 -0.03095334835940092 0.5421921654970131 4.040911551307451
0.5051769323432158 -0.04582374661918679 0.8617983820326415 3.7057445741772614 -0.0030401662307488393 0.9984886593968147 0.0548739869632328 0.03271851015570466 -0.8630104428207039 -0.03034108273829719 0.5042741261265349 4.223556714666185
0.4678254811068706 -0.04529387031622782 0.8826594952408895 4.136543317220758 -0.006774920391027141 0.9984728464050974 0.054827688674592395 0.054339010929539786 -0.8837948968402229 -0.031629737644810134 0.4668041773760173 4.42734031753626
0.43187781065737896 -0.04444484420045625 0.9008363960707773 4.592282484974196 -0.007554512751394844 0.9985718416397881 0.05288862279555965 0.0804274117111599 -0.9019004856406709 -0.02964680266266751 0.4309252616092525 4.608300806761375
0.3987854906701429 -0.043309456852292615 0.9160209732195727 5.090810473490963 -0.005754494280623741 0.9987463243532823 0.049725902569812616 0.09759768808945642 -0.9170261818653532 -0.025101205906641878 0.398036318990472 4.781936825150948
0.36991311046919906 -0.04174472905048399 0.9281280452068582 5.627944665424248 -0.0031466046247797938 0.9989280295496787 0.04618322919991162 0.11999206477057098 -0.9290610257579087 -0.020004233964286976 0.3693852203880992 4.947467818767603
0.3450005703760195 -0.03971407438004717 0.9377619094079037 6.183135370771265 -0.0024348885484931954 0.9990632191417775 0.043205965743458495 0.1455322758897316 -0.9385993169387978 -0.017189428559570365 0.3445806811006934 5.123803823969961
0.3251099606178357 -0.03953485442269606 0.9448494635617071 6.765466560329882 -0.0008152885868508725 0.999113661958682 0.042085933422376876 0.16001497650389945 -0.9456758687899303 -0.01445288114144783 0.32478957097653505 5.304653355809429
0.3108281526187475 -0.0402107538411514 0.9496151614286406 7.3860111640685995 0.0010457822722761926 0.9991185494923228 0.04196463272561762 0.18830773999731354 -0.9504655521790654 -0.012050698564121195 0.31059622467934334 5.4822275330256005
0.3001157944975058 -0.04187992279365909 0.9529829914326531 8.047322176934912 0.002429650853393704 0.9990660848692711 0.04313994507086215 0.21488291354862304 -0.9538996837665172 -0.01063156295111653 0.2999372654062096 5.6604194562808585
0.2897059015938802 -0.04346345894150678 0.956128348245421 8.69783868860403 0.0019683436677234694 0.998993337147774 0.04481559948901128 0.24882295759472448 -0.9571136903236119 -0.011101354475634474 0.2894998164488599 5.850676690615232
0.27948874651822564 -0.0451591960281188 0.9590863817111394 9.401131680668058 0.0010507464244372512 0.9989070986714722 0.04672798043670672 0.28105060368291096 -0.9601483929589336 -0.0120521880932739 0.2792307437596043 6.039804110414532
0.2678494288500779 -0.0485154349235719 0.9622385026794885 10.116457900129916 -0.0003149659947578643 0.9987269004474563 0.05044283020448814 0.28039247228990194 -0.9634607331184336 -0.013814155667044376 0.267493149149838 6.2937258394051865
0.257973111546699 -0.050509111751853346 0.9648309195651606 10.853503418795846 -0.0008016635257565403 0.9986210030786614 0.05249237607271818 0.31330872744631066 -0.9661517639866452 -0.014315091344696135 0.25757687610747815 6.484898958738981
0.24801258009386618 -0.05186039285140564 0.9673676962605696 11.599454114014685 -0.0007698306020285478 0.9985552186814866 0.053729718078664425 0.34731869825222456 -0.9687565057722337 -0.014070355264400853 0.24761433243393993 6.665842479988654
0.23800075117603015 -0.053293305936642714 0.9698017663326814 12.36286079371829 -0.0004474109263732962 0.9984873853755173 0.05497946043229465 0.38035262453742774 -0.9712648672031273 -0.013519052788812321 0.2376169037517848 6.846968253997769
0.22740166511612903 -0.05617384715793431 0.972179500708531 13.14827845263551 -0.0018642085959347655 0.9983078846939152 0.058119635961277206 0.4178558593663317 -0.9737992644424838 -0.015028847375550086 0.22691215550921828 7.033959382241802
0.21618975050268174 -0.05967388480200192 0.9745260485231915 13.93925009542839 -0.0034924379102681375 0.9980768195073186 0.061890752456228305 0.4546399848906396 -0.976345120669444 -0.016783618048341435 0.2155655712542619 7.213572788321158
0.20415513952913478 -0.06349024362574057 0.9768775091935445 14.738451073822363 -0.0040914415298306875 0.9978305649101493 0.06570710644443382 0.4936509712428268 -0.9789299970427138 -0.017411280694891132 0.20345247158615754 7.380729696425121
0.19087231403861205 -0.06554226028495672 0.9794243063403546 15.557993460477505 -0.006277341765081107 0.9976665026690085 0.06798635475265347 0.5287424473800159 -0.981594801694625 -0.01912489395861487 0.19001548283537817 7.543026891981377
0.1770315750572451 -0.0659810443740475 0.9819909995595992 16.373893821889393 -0.00620195367171323 0.9976556963418902 0.06815164948284151 0.570966940784748 -0.9841856314757927 -0.018155256536004718 0.17620734790781845 7.684775251304292
0.1629193736987149 -0.06509471784432096 0.9844896928776792 17.19020684748831 -0.007447174656297494 0.9977116400746396 0.06720136047143202 0.6080456886328245 -0.9866112797162099 -0.018280070249892047 0.1620617837998889 7.811518427799525
0.14662816342061846 -0.0641591094964291 0.987108803709359 18.027415048793355 -0.007846697200605287 0.9977875283600532 0.06601876696953686 0.6472407970421672 -0.989160558774428 -0.01742575443879605 0.14580031566255391 7.92650586520795
0.1266551870173921 -0.06268180599926615 0.9899643704690892 18.869321603498314 -0.010681984534646478 0.9978574161951367 0.06454821570552707 0.6837306256204413 -0.991889287575983 -0.018750150427024354 0.12571425158259886 8.020878443300465
0.10103331407784 -0.061504877628275334 0.9929800700287893 19.717832509227367 -0.015768445868209583 0.997862871410874 0.06341171795927578 0.7214788062807013 -0.9947580738859825 -0.02206444849925484 0.09984755656035782 8.108815114824022
0.07099258895060379 -0.061031803169125355 0.9956079405649677 20.56861087926135 -0.01979129004513414 0.9978436937395448 0.06258009030491017 0.7584573835479858 -0.997280480683564 -0.024147088150468104 0.06963160906810595 8.166598131482681
0.03778173547787045 -0.06092847807601073 0.9974268198838557 21.425242673557317 -0.022870945644039953 0.9978252914530867 0.061819152225744474 0.7954135519805344 -0.9990242541147977 -0.02514772943833058 0.03630607930455898 8.198864868501493
0.003452763343146703 -0.06036569649100915 0.9981703567590312 22.28298375561277 -0.024693384947118917 0.9978667841733427 0.060432754226534685 0.8300932795518268 -0.9996891092560475 -0.02485686486077256 0.0019547644726839453 8.196602089516809
-0.030346518332134975 -0.05934323967371795 0.9977762618594138 23.138867224224338 -0.025640353555414275 0.997953737820268 0.05857396554877526 0.8572537746462306 -0.9992105189071375 -0.023805820203963237 -0.031806003045743214 8.160687876028819
-0.06251331060860821 -0.05759381721628415 0.9963809704200544 23.993703474197694 -0.028204118197499916 0.9980368139918543 0.05591999314816079 0.886992766156336 -0.997645535104254 -0.024606302758564666 -0.06401496818011188 8.09208574240494
-0.09500315123380099 -0.0548077616232784 0.9939670570604909 24.84961944544999 -0.030997693385509794 0.9981619109267847 0.05207631495955961 0.9184702059883028 -0.9949942433302945 -0.025863272044256518 -0.0965274411695416 8.004908894277321
-0.12731366773249042 -0.050212983054005844 0.9905906754766669 25.719270335671915 -0.02776444176962198 0.9985067955568504 0.04704588186027984 0.9424392346676257 -0.9914738351473136 -0.021513613355460755 -0.12851769784224065 7.880969352989698
-0.16021047290913626 -0.04523671446303628 0.9860457616332118 26.65366890013386 -0.02433540854099391 0.9988266947672593 0.04186910210949442 0.959608798859302 -0.9867828495983166 -0.01728795780021669 -0.1611233510504424 7.782083911093459
-0.1904506823298544 -0.03921323516453093 0.9809132784237474 27.479561764211567 -0.01857020450020499 0.99916702257591 0.036337425632693376 0.9730655615374834 -0.9815211078244388 -0.011295272671438712 -0.19102023900719112 7.6026789859344035
-0.21915930063513978 -0.033953898852350194 0.975098114908362 28.333387891335153 -0.01324810005220041 0.9994057245130645 0.03182272231477745 0.9790459957476754 -0.9755991434959973 -0.005943951820205108 -0.2194788842841966 7.385395964898718
-0.24733761153995615 -0.02805925602596809 0.9685229909862643 29.180134171068097 -0.005261922211261369 0.9996047572882816 0.027615962436212813 0.9819305387387296 -0.9689150726933464 0.0017341735509621026 -0.24738749877417576 7.162273545422384
-0.27350777726197495 -0.017960564386504684 0.961702092076404 29.999523082892406 0.0006267775560492253 0.9998221125170816 0.01885074194230475 0.971403373947193 -0.9618695872763153 0.00575859781529793 -0.2734478663732678 6.91440040551206
-0.29880566909632056 -0.00262413759983729 0.9543103719533583 30.826850056582312 0.004946060842952978 0.999978529958779 0.004298383837816039 0.9626960030661492 -0.9543011624209822 0.00600445862143383 -0.29878627458205886 6.629662349207154
-0.3232276154657765 0.014571772763413733 0.9462090530315381 31.60596139565814 0.006128671387902678 0.9998927032406899 -0.01330493867121571 0.9345725321620791 -0.946301404409466 0.0014984807496734285 -0.3232822397969235 6.34810652775255
-0.3482221360042459 0.02949938084395291 0.9369477736386721 32.36497818090735 0.006384974912672693 0.9995561834109866 -0.02909756519412799 0.9115856394495432 -0.9373903008309854 -0.00415002827525459 -0.34825594205025356 6.056677119270656
-0.3727789326803146 0.03994033632322552 0.9270602121136002 33.12238600871361 0.009797833010253392 0.9991869542938223 -0.0391079638608088 0.8749015846583797 -0.9278684550182904 -0.005495443878593475 -0.3728671751154138 5.738066184286921
-0.39652423131909487 0.04399743391230077 0.9169693341578736 33.89305151964556 0.012772044253279607 0.999018598155062 -0.042411265318155054 0.8294309822067849 -0.9179354056045521 -0.005105521464786916 -0.3966970188798744 5.400464796700413
-0.4188190466040944 0.043569813917325326 0.9070238571927683 34.65796658536822 0.015802192869612208 0.9990467085003242 -0.04069354906099902 0.7826512849493749 -0.9079322094199266 -0.0027102674919648197 -0.41910828856987914 5.035552844070778
-0.43926025414046777 0.03942818360567784 0.8974942046999577 35.38827298517498 0.01965134800739523 0.9992190773295989 -0.034279148502804474 0.734577272551191 -0.8981448956899687 0.0025795034681185543 -0.43969204280713803 4.678339295477003
-0.45707018867592897 0.037874177357347986 0.8886238739271272 36.10550454495191 0.026794118494206706 0.9992258333118992 -0.02880640998561068 0.6897909638854984 -0.8890269500065052 0.010643342127585205 -0.45773114535771553 4.292784069355766
-0.4709635756203092 0.038093770240720734 0.8813297765920433 36.88326647283777 0.028310313467478535 0.9992052573327816 -0.028060289911238444 0.6437778192504866 -0.8816982684514623 0.011735347774004227 -0.47166772734873086 3.872695349605961
-0.4821692013778798 0.04243605044593919 0.8750497373664926 37.62441709819434 0.03310882986974707 0.9989952794589124 -0.030203261470670238 0.5948297355805353 -0.8754522640482884 0.014408790419713713 -0.48308976405153414 3.4655215543570606
-0.49227664950273575 0.04450428558176537 0.8693003329800455 38.26378253413635 0.03361884020745041 0.9989190285977777 -0.03210214772220063 0.5486382288276928 -0.8697893273301687 0.013421731264212783 -0.4932406949881616 3.100058022167601
-0.5031808107488018 0.04390970434548328 0.8630648930170147 38.90306345349477 0.027909098500945657 0.9990130365802689 -0.03455481100418383 0.5090623607667961 -0.8637303710736605 0.006700045295563148 -0.5039096699588075 2.7446520270115498
-0.5143136029001707 0.04235173842034597 0.8565558056102476 39.61256809863842 0.026779069395090224 0.9990859216123937 -0.03331970405400798 0.47582193754493995 -0.8571839938508993 0.005800990319619963 -0.5149776200934688 2.3117090190062823
-0.5232018320532172 0.04361294991377484 0.8510920946266484 40.29892457552864 0.028669574466418813 0.9990251078411392 -0.03356917340231642 0.43903111730229366 -0.8517264222953704 0.00683699516007498 -0.5239421314049002 1.881898512213579
-0.5304227944706335 0.04671414661074241 0.8464451828750602 40.994405608375104 0.03176997837127424 0.9988745494444626 -0.03521793501059496 0.3986532589778728 -0.8471377264531741 0.008211149648604988 -0.5313099372693828 1.4406827374882294
-0.5340269262537201 0.04914578204036738 0.8440378748276909 41.70517927244682 0.032601122324589095 0.9987636397408632 -0.037528106197358815 0.35074467245088303 -0.8448386880696108 0.007475562803145061 -0.5349688842368268 1.000010363888614
-0.5339649097550816 0.05148523647032884 0.8439376431797803 42.41984649480945 0.032198997417650636 0.9986584957423147 -0.0405516146040492 0.3135081243720596 -0.8448933067053769 0.005520806760929933 -0.5349063665513458 0.5605973637106576
-0.5302597505061457 0.05171178460069713 0.846256750830722 43.16045338740478 0.03506029034415402 0.9986218426408506 -0.03905369946081731 0.26016543686086113 -0.847110012356213 0.008961402457390523 -0.5313419993110398 0.08555356625391546
-0.5242696676133218 0.0505150577143802 0.8500526716414285 43.91886326230389 0.033745810002585176 0.9986872726528617 -0.038535071668001554 0.20209094777769218 -0.8508833856221937 0.008482946734562858 -0.5252861160232698 -0.37486463334825265
-0.5185821470251437 0.047800717716789086 0.8536906044771446 44.976193430436865 0.030251817905010598 0.9988366929378417 -0.03755114318416643 0.10428742317291263 -0.8544924717633473 0.006352340258167395 -0.5194249353592972 -0.9649857887129704
-0.5117771378662386 0.04694791072668377 0.8578345148312936 45.75652555276532 0.028148195844421194 0.998885982196268 -0.037874445771536334 0.056597072467418644 -0.8586569980080205 0.004763218470348371 -0.5125285080087336 -1.410325314178507
-0.5054309334175471 0.045508925071231915 0.8616661240199295 46.555343910021996 0.024989636904016385 0.9989613420115333 -0.0381019056468538 0.018114309078143532 -0.8625051243859788 0.002274841835672572 -0.5060432150543568 -1.870010803273493
-0.5015322422669377 0.042730936692443135 0.8640830266913497 47.34131707775648 0.020533374970336606 0.9990860546341988 -0.03748914439939233 -0.029272949559071882 -0.864895248269422 -0.0010594738587393876 -0.5019512795442576 -2.300766550424122
-0.5004181389853144 0.039872767492811316 0.8648652198966841 48.17258894051401 0.016752629282437415 0.9991978671236008 -0.03637267858945928 -0.08697645673406035 -0.865621762426639 -0.0037127817214453298 -0.5006847108363597 -2.7611792059276365
-0.5012682111022781 0.037067286920132864 0.8644976557392754 49.021143827775994 0.013360008806557624 0.9992944882130267 -0.035100370250948726 -0.13007928197634167 -0.8651888179484354 -0.006045003510795545 -0.5014097797505987 -3.230772054702763
-0.502806331529805 0.03558883883966939 0.8636661551337902 49.876694562020525 0.011665217708745259 0.9993404658439677 -0.03438831229602781 -0.17719925907143097 -0.864320377909342 -0.007215807425756406 -0.5028898651333582 -3.7110533015167246
-0.5038123500786855 0.034577257386606046 0.8631208079868153 50.7478642904906 0.011404141533966157 0.9993776971147444 -0.03337909623556752 -0.2294823982269905 -0.8637378430195506 -0.006973649062751001 -0.5038931501366974 -4.194421007677049
-0.5040208891870652 0.033882520188390594 0.8630266033493775 51.63632354765843 0.011307596891351511 0.9994034388092384 -0.032632878340891576 -0.27005700901030105 -0.863617439330415 -0.006688895420922414 -0.5041033397651966 -4.701004913828682
-0.5041538402562968 0.032926433682598254 0.8629859531416335 52.55058563826214 0.011566383171883951 0.9994407359359128 -0.03137569333420665 -0.32417761765999803 -0.8635364057960437 -0.005836550079154555 -0.5042527248791266 -5.228577245352823
-0.504750652153747 0.0325526742264444 0.8626512056161949 53.44549802700594 0.010770727554521171 0.9994484653037996 -0.03141268262702211 -0.3639218972255169 -0.8631979903697146 -0.0065641909316168255 -0.5048228806414186 -5.726830010349585
-0.5051007267041947 0.03056757747972395 0.8625189152070323 54.324810651653365 0.007730759072095337 0.9994927478982767 -0.030894696355866207 -0.40184121897127967 -0.8630257766990879 -0.008937007652062862 -0.5050808238759052 -6.239509887758947
-0.504665574019219 0.029986303774790984 0.8627939962620154 55.17847138450795 0.0067579711825464135 0.9995031913212277 -0.03078474239257475 -0.43167881427584265 -0.8632884733536922 -0.009705262727369757 -0.5046174983589498 -6.746489408725057
-0.5033311711130086 0.02968936289310844 0.8635833914087329 56.19886204269757 0.0070738602967160575 0.9995176426142023 -0.03023975204016103 -0.4976726512575059 -0.8640646345537526 -0.0091117415431516 -0.5032984040105244 -7.346128751083377
-0.5028109764407522 0.027013728360402445 0.8639741781157396 57.17984862344559 0.00463785328581852 0.9995814742650071 -0.028554625248706503 -0.562032761723334 -0.8643839495777306 -0.010350593522365436 -0.5027258228161133 -7.874252799828104
-0.5013980758713188 0.024329449626097826 0.8648745847771402 58.072434594249934 0.0037566695028972328 0.9996563632221577 -0.025943070436930657 -0.6090095383680811 -0.8652085626869312 -0.009758757622807932 -0.5013171747535428 -8.369930559691438
-0.4990578761561255 0.02303247889063841 0.8662625128462447 58.99532633185792 0.004126854825254362 0.9996985508314711 -0.024202820800642084 -0.65298198965741 -0.866558829691204 -0.008503668714679235 -0.49900248727095775 -8.885038851653082
-0.4975454389648797 0.022258006796384143 0.8671523034039049 59.911296359575225 0.0038213499951514 0.9997172827689339 -0.023468102124245525 -0.7051726794812739 -0.8674294976823537 -0.00836275472267232 -0.4974898299302095 -9.372460434855283
-0.4949232414711062 0.02318047118002757 0.8686274522530392 60.76414475957341 0.004895758762666148 0.9997026318176594 -0.02388889873943663 -0.7395658475759638 -0.8689229060151836 -0.007570580738436807 -0.49488955304129423 -9.874211728591602
-0.4938441691502393 0.0233753358210366 0.8692361763476966 61.62952017402351 0.005122787040627723 0.9996994740109691 -0.02397329170406297 -0.788882533395683 -0.8695353320304164 -0.007386158503950526 -0.49381550301029264 -10.368623933925925
-0.49479763094773754 0.02474157544360203 0.8686559496446654 62.50443460252748 0.004096767187702516 0.9996499219455095 -0.026139052258001786 -0.8301753819643266 -0.8689985735932578 -0.009374859940571554 -0.4947257736301782 -10.860103183373253
-0.4976076533924747 0.026330723341398615 0.8670024892083956 63.39235928565556 0.002482453039552529 0.9995782922806881 -0.028932248929694114 -0.8790747616683969 -0.867398674608246 -0.012244615532637025 -0.4974631731880428 -11.35787082532373
-0.5021684611541177 0.02675982910837698 0.864355683829404 64.25913845665812 0.0011052013757404705 0.999540149171023 -0.03030294911536299 -0.920698643044348 -0.864769110891471 -0.014261898234796002 -0.5019671135709152 -11.85540931810308
-0.5074380352771601 0.02538085497539466 0.8613143749844037 65.09850635680066 0.002607814737521491 0.9996067697450606 -0.02791962002141532 -0.9784001738181256 -0.8616843039398772 -0.01192132880862841 -0.507304683856838 -12.35527587490483
-0.5128796678185876 0.02282338944477793 0.8581570597696829 65.9417973720532 0.003897480004049389 0.999698123027474 -0.02425845141313672 -1.033145751347245 -0.8584516619984571 -0.009097016521776751 -0.512813794961182 -12.85504810098424
-0.5205226722517022 0.019805956779758632 0.8536181065019569 67.03060236140401 0.002057437170207764 0.9997571253381837 -0.021942134987777865 -1.178571093320732 -0.8538453692702436 -0.009665113117266198 -0.5204369999953815 -13.266145059326375
-0.5256381831576784 0.022588107328656792 0.850408300649755 67.87112047824 0.003316025475745753 0.999694238972532 -0.02450372502650131 -1.2264404751871287 -0.8507017717048315 -0.010060117913785239 -0.5255523662260704 -13.780874116859158
-0.5312640893539717 0.02358727925573753 0.8468778587377324 68.7184397913072 0.002543667223957932 0.9996522607510623 -0.02624666326114537 -1.2697102227106511 -0.8472024534430649 -0.0117897342040459 -0.5311393461676974 -14.284501275766173
-0.5355473839793932 0.024073461640372797 0.844161991538045 69.52370388918057 0.0010554700018389747 0.9996119207893256 -0.02783691432163771 -1.3262537327059882 -0.8445045207077959 -0.01401699898425052 -0.5353649579899415 -14.795006615521936
-0.5396055894538896 0.023498643135955156 0.8415899367274359 70.37858887509553 -0.0016610363331687563 0.9995787571127263 -0.028974976915907377 -1.367515200519301 -0.8419162955950077 -0.01703297096065451 -0.5393392523373699 -15.328534957110072
-0.543297858514844 0.02259323841785301 0.839235951631589 71.18644944940597 -0.0006830467110437262 0.9996255949783701 -0.02735330530905021 -1.4177923828249568 -0.8395397372253296 -0.015434229554261297 -0.543079012831182 -15.83055714968954
-0.5456453739934968 0.016120617660361835 0.837861117086684 72.02712417558868 0.00037729204072333464 0.9998195830315504 -0.01899102517855898 -1.4559176719498912 -0.8380160997798393 -0.010046246705366356 -0.5455530124900072 -16.37898282094359
-0.5477502196105093 0.00834918868621581 0.8366002557762705 72.82916538021844 0.00275025965394649 0.999962770602821 -0.008178843449157187 -1.516181615703838 -0.8366373963602602 -0.002179095365493032 -0.5477527896368155 -16.88476742386358
-0.5501974974696764 0.00639133725337074 0.8350100984935567 73.63861221705369 0.0038422734588560875 0.9999794991266805 -0.005122329647791192 -1.557555951606677 -0.835025718593609 0.0003900441858891575 -0.5502107752059753 -17.37911510805423
-0.5522395532005568 0.0109674267945724 0.8336133344844929 74.39509712796662 0.0038392578491567345 0.9999363177758249 -0.0106122802494172 -1.582346147625002 -0.8336766375400099 -0.002660064365795941 -0.5522464921369377 -17.821431526014518
-0.5547426354220459 0.01712001953021287 0.8318458471233044 75.14627701223033 0.0061392756211941955 0.9998452913403919 -0.016483406179970773 -1.6214392833704332 -0.831999349603021 -0.004037117255173291 -0.5547619164510287 -18.257592374662153
-0.555552480585777 0.020623997042551894 0.8312256565223303 75.9851466759402 0.009376252805123188 0.9997841622923892 -0.018539544563984392 -1.6285137469374362 -0.8314286061943771 -0.002505908077794221 -0.5556259472220328 -18.822004076253204
-0.5554475782396471 0.02214311173754382 0.8312566814349766 76.77408558740213 0.012143537674935702 0.999754793004816 -0.01851724484460549 -1.6516746558148925 -0.8314628809035608 -0.00019096197605904198 -0.5555802743196299 -19.34667735540476
-0.5552852272404765 0.018591572713360593 0.8314521452450145 77.58485902721539 0.010228139921772433 0.9998271549358929 -0.015525637073520693 -1.6812146589334307 -0.8315970788562412 -0.00011694803059923616 -0.5553794061368544 -19.88164925555564
-0.5550836167497297 0.013625886135647974 0.8316829405747471 78.37679936241197 0.008986285303043679 0.999905701844981 -0.010384319638200232 -1.711809800082536 -0.8317460099648764 0.001709574483421571 -0.5551537194891107 -20.38186697071224
-0.5552239850073324 0.006939810270168018 0.8316719097733148 79.18260300975868 0.004686405281097566 0.9999754174656145 -0.005215560373675863 -1.725301592902882 -0.8316876601694412 0.0010017474153835183 -0.5552428589581291 -20.887013485314082
-0.5558845132311065 0.0015206995811671655 0.8312581400639633 79.92391531083719 -0.003291909711418803 0.9999864580674527 -0.004030758261484195 -1.767695264017834 -0.8312530127947012 -0.004977062838109896 -0.5558719794748048 -21.2957548063297
-0.5542274786452728 -0.0032263152129935013 0.8323589927457083 80.74593087413226 -0.010501115935650498 0.9999400058007387 -0.0031163060383658137 -1.77707339681317 -0.8322990018488606 -0.01046784072123448 -0.5542281081215794 -21.825755430880296
-0.552308484830935 -0.0024598929851977545 0.8336361835418726 81.54321435003533 -0.006578190456739416 0.9999773729039012 -0.0014075121765265116 -1.8054000124155125 -0.8336138584465065 -0.006261198504566262 -0.5523121693383322 -22.352569586216397
-0.5539771032607059 0.00043813715679968577 0.8325317874404011 82.01800291965772 -0.0015595666971910272 0.9999975607861581 -0.0015640247603571945 -1.8232331546013005 -0.832530441974703 -0.0021648227562156667 -0.553975068687969 -22.51119534330847
-0.5482036915403561 0.0036667829525700068 0.8363368144977865 82.88615409991857 -0.0004761976170450161 0.9999888583392311 -0.004696427709503191 -1.8328014320252763 -0.8363447170977741 -0.0029728606055129335 -0.5481958375274885 -23.10296611083354
-0.5378055863936795 0.006608675339910182 0.8430429862432893 83.90124718444645 0.004218775141451972 0.9999778518296661 -0.00514760006529378 -1.8495256445173474 -0.8430583332012425 0.0007882007219031624 -0.5378215554991874 -23.829661131627418
-0.530651920001507 0.009986116889038122 0.8475310125701554 84.66405123962977 0.01171071250310879 0.9999215278595681 -0.00444941969884406 -1.8710457766987094 -0.8475089374227176 0.007564098919593643 -0.5307272231534301 -24.287204510646383
-0.5205018125839396 0.008949823365438179 0.8538136586858759 85.5021417297827 0.008767431989436764 0.9999483712155114 -0.005136831684654258 -1.8881759284088437 -0.8538155510607337 0.004812022981379439 -0.5205534066757056 -24.799099033435315
-0.50983856052582 0.006509085054457497 0.8602454731137583 86.30873619710331 0.006652958563526202 0.9999713043562453 -0.003623341885802978 -1.9062888180435895 -0.8602443724566363 0.0038758580757361264 -0.5098672350532685 -25.259881923156343
-0.4983371813872104 0.003850802936558463 0.8669747545135295 87.11242263803447 0.00867799995136274 0.999962196042768 0.0005466279985712316 -1.9250712884373515 -0.8669398744802866 0.007796011933576451 -0.4983517595374143 -25.717317656083807
-0.48722839160019626 0.003219605930497328 0.8732686462689123 87.90302060189623 0.00841313917892212 0.9999641015892593 0.0010072844392752136 -1.9390098767428472 -0.8732340542534072 0.007837708238881233 -0.4872379878680648 -26.156829729913653
-0.47574214702440454 0.0023878918742291535 0.8795815525106285 88.66170614401578 0.009244494660501649 0.9999546570619032 0.0022854187107598377 -1.9555959853276368 -0.8795362123659732 0.009218556969966886 -0.4757426503313631 -26.551241367602394
-0.46360018683041515 0.003450297395103473 0.886037788256624 89.51985996770759 0.012003339317704908 0.9999251089364642 0.0023867056006445803 -1.982196175044883 -0.8859631971002119 0.011741889383121054 -0.46360688240974857 -26.996929318005353
-0.45009588169844283 0.011196999296474618 0.8929100315736497 90.24516025788101 0.01810643230735862 0.9998302476340425 -0.003410722086066596 -1.9956600032052898 -0.892796647836001 0.01463226307869324 -0.45022221456742395 -27.390605755357093
-0.4389430112419088 0.020119004095110412 0.8982896295494603 91.06096377621 0.020437315018676423 0.9997141868977045 -0.012404058621634207 -2.0162606895480284 -0.8982824439098835 0.012913953294111186 -0.4392287340026886 -27.780665885086776
-0.42623733490946614 0.025195700426160452 0.9042604221181588 91.88190937770891 0.021750349207601025 0.999608503700707 -0.017600046550536562 -2.0338914247030977 -0.9043498530096763 0.012166183019699418 -0.4266184798530275 -28.161805294339317
-0.4151989693238709 0.02109550219849034 0.9094860063021251 92.6397583699433 0.018756405645115593 0.999717102662942 -0.014625727007176473 -2.059746048540481 -0.9095372521890851 0.01098610168376684 -0.4154771864376223 -28.482389212787027
-0.40361038152468787 0.017414492796479417 0.9147652132466214 93.42719185982888 0.01661896044336691 0.9997934316102635 -0.01170060950357513 -2.0765805439776726 -0.9147800118494486 0.010479959428104351 -0.4038164191450213 -28.828258633902202
-0.3940489738874635 0.017696680755051784 0.9189190571908341 94.21185434050498 0.011961135930277552 0.999828683227124 -0.014125700817046189 -2.1024345058697635 -0.9190116089612226 0.005425097839583707 -0.39419313909292786 -29.15552485713186
-0.38693454430723384 0.022384960332684823 0.921835436492142 94.94450527992029 0.008623272417544691 0.9997494244213991 -0.0206573846818483 -2.1229182975542082 -0.9220668617809483 -4.38176354322465e-05 -0.3870306195709181 -29.468388833599334
-0.38236513876183875 0.02688273759836336 0.9236201703508092 95.82790069951403 0.001226932115340368 0.999590584146819 -0.02858598822159978 -2.1541063026214995 -0.9240104952311011 -0.009797066103616732 -0.3822415757064337 -29.804527991540876
-0.3786104746183143 0.028885136873439188 0.9251052682679402 96.67320404484958 -0.001868905752908141 0.9994870023955604 -0.03197247618849139 -2.1902706153208253 -0.9255542208323516 -0.013834048942359059 -0.3783622647533431 -30.142011854206952
-0.3752151447194476 0.02879986092408737 0.926490239119613 97.48720545623216 -0.002217543454969833 0.9994864643779006 -0.03196701466181971 -2.228772439173505 -0.9269350989547164 -0.014049040398436513 -0.37495859343358684 -30.458312892438226
-0.3701048811542502 0.029509068876397242 0.9285211854340466 98.19002839830438 -0.001534737565163848 0.9994745893684941 -0.032375759254204946 -2.2530258342030436 -0.9289887090413991 -0.013407462874392225 -0.36986513543840194 -30.734715647742313
-0.36354959317006963 0.02531269899471937 0.9312308846765551 99.16811990455027 -0.0036966516505091284 0.9995837052394263 -0.028613825091981293 -2.306317661891681 -0.9315675112800207 -0.013844980658073996 -0.3633046771487065 -31.133437111373638
-0.3575224533135948 0.01853432293400441 0.9337206082388924 100.01040969584805 -0.011775914314158078 0.9996340940505142 -0.024351711518360533 -2.3471013234241935 -0.9338302967984572 -0.01970169752041393 -0.35717337512211067 -31.44080543050105
-0.35172483273843014 0.015034109368079031 0.9359827015445487 100.867609767839 -0.01623615606713064 0.9996226436259933 -0.02215756273474351 -2.3830788821723083 -0.935962621727645 -0.02299012626518079 -0.35134801098486945 -31.759114345002267
-0.3461002738216352 0.012888274241262938 0.9381089983832751 101.70189248399952 -0.02560568301805881 0.9994034057502706 -0.023177177825149248 -2.418005115912735 -0.9378480417731693 -0.03204254924068766 -0.34556377932357196 -32.045144218311435
-0.34028776974995334 0.012153082367587725 0.9402428071235481 102.50394695010596 -0.03426241862617843 0.9990922367085326 -0.025313814778218553 -2.461408641476359 -0.9396969300942126 -0.040828974242663546 -0.33956247500836234 -32.30689187738912
-0.33391720737650155 0.016173107265470624 0.9424636487521727 103.15714116782709 -0.031047908758778046 0.9991215366724215 -0.02814573358513882 -2.5086763073533205 -0.9420909329675059 -0.03865987013323505 -0.33312173219664976 -32.529853218376964
-0.3270685099371087 0.019758964348957526 0.9447940374152328 103.94692743467034 -0.026815681259079484 0.9991847258973515 -0.03017950914189853 -2.5492086743368887 -0.9446200871493954 -0.0352060628484798 -0.32627200936117395 -32.78204736680863
-0.32007666502628584 0.01863573642617203 0.9472083391912813 104.7049004630059 -0.025976699269064717 0.9992579783487688 -0.028437717936149375 -2.5766456442257244 -0.9470354479113946 -0.03370759609028304 -0.3193550662899822 -33.04538268543578
-0.314397965556221 0.011905970718158855 0.9492166070583511 105.62903650564854 -0.029756500292136098 0.9993063755352569 -0.022390143031079966 -2.6595757534632885 -0.9488247835846584 -0.03528477966271659 -0.3138256114144926 -33.293609796105756
-0.3072493656839863 0.00925401335193859 0.9515840428063463 106.48156525956682 -0.031102857588968746 0.9993208308890477 -0.019760799604869338 -2.691791231537758 -0.9511206230213856 -0.035668476111345396 -0.3067528651460423 -33.56929021761555
-0.3006169435624697 0.012554195792783754 0.9536623330147604 107.33320841275356 -0.033078528317379945 0.9991745456870128 -0.023580462580446503 -2.720631467979453 -0.9531711620729594 -0.03863443307657038 -0.29995352368881556 -33.83731236058614
-0.2943505724172797 0.015173389783285082 0.9555770553754964 108.17387150465673 -0.03177642425524733 0.9991657238498224 -0.02565375499241663 -2.7565930945174206 -0.9551690946524445 -0.037916019386862225 -0.2936228466837769 -34.08700011128715
-0.2877690347133375 0.015465066970475606 0.9575749654015359 109.01852114587132 -0.03521403758067248 0.9990226110192233 -0.026716927772493713 -2.790769173144228 -0.9570522212593318 -0.041408385333557306 -0.2869431849803141 -34.327161851506496
-0.28089471908782104 0.015697812874703603 0.9596101997475459 109.89970290149215 -0.034898365704573164 0.9990379214242032 -0.026558155575216708 -2.806538376061436 -0.9591038842897698 -0.0409488733344195 -0.2800766482820689 -34.569654197056984
-0.27341651354830065 0.015010481219922614 0.9617786104778161 110.7106032538975 -0.03186180649634353 0.9991882207078824 -0.02465207669559759 -2.8505728303389186 -0.9613678980525 -0.03738428884120192 -0.2727162986364331 -34.776243277754
-0.2657627490067871 0.015946880511814532 0.9639065609499178 111.49097970071868 -0.03136757679034368 0.9991907163271805 -0.025179109036615598 -2.868023163757672 -0.9635280153512183 -0.03692708230442523 -0.2650474565541514 -35.004399605760554
-0.2602471266001529 0.01608954452368344 0.9654079757560451 112.27314647596567 -0.027750835799736025 0.9993234522611747 -0.024135634924813566 -2.9268389092484033 -0.9651431625457335 -0.03307210785281457 -0.25962455868694634 -35.157705459955636
-0.253962930093371 0.015059869019719627 0.9670967017229968 113.12042894463508 -0.033890784450396616 0.9991262170564079 -0.02445847746464357 -2.951232358196237 -0.9666200105872663 -0.03898721246332714 -0.2532306308419521 -35.35077309948031
-0.24806209657276734 0.013440563655477276 0.9686508904102376 113.99033426476196 -0.03806678933813694 0.998996236235488 -0.0236101574923775 -2.9826496442486428 -0.9679959275706737 -0.04273021455541768 -0.24730146172361978 -35.55886662752908
-0.24317710181162044 0.012747290318395494 0.9698981409117348 114.85556903426622 -0.035066275141490154 0.9991444891757908 -0.0219236424288809 -3.0382323664205058 -0.969347849588682 -0.03934204289544021 -0.24252206117920738 -35.7770167967339
-0.23902338975829984 0.01296651328525493 0.9709272314039172 115.71091965979434 -0.0345038582015486 0.999165949017153 -0.02183781339464611 -3.069835819289526 -0.9704005888897944 -0.03872048369888043 -0.23837663732938563 -35.976190712546625
-0.2345721887929335 0.01387566484883606 0.9719996677828111 116.56292673624664 -0.03419648916995168 0.9991614626600578 -0.022516031254717905 -3.1059117790393738 -0.9714970346703802 -0.03852061084688081 -0.2339009922309896 -36.16492976258508
-0.22833557049839182 0.013335961740207233 0.9734911501239435 117.44633867220436 -0.027604439992038245 0.9994154965781473 -0.02016581493967114 -3.1365163328654306 -0.9731910717520483 -0.03147725089519148 -0.22783397582051124 -36.38536309965261
-0.22160059301044965 0.009132454306643594 0.9750947520399003 118.37233949409507 -0.022550421713978214 0.9996407357061611 -0.014487166643853857 -3.2406517340711427 -0.9748767386997903 -0.02519916258890598 -0.2213150391339891 -36.641232149984816
-0.2163091329330149 0.008317077013752885 0.9762894986835182 119.24708619647367 -0.02041489281275051 0.9997065555718768 -0.013039743021161256 -3.275758147687139 -0.9761114645168408 -0.02275146097641467 -0.21607586598745243 -36.84136667066605
