1.0 0.0 0.0 0.0 0.0 1.0 0.0 0.0 0.0 0.0 1.0 0.0
0.9990487720895174 -0.0011144442150890588 0.04359253377034937 0.012836507362494573 0.0012383073236338091 0.9999952726277922 -0.0028144834410340157 -0.005361105797051752 -0.043589191107427434 0.0028657871796548906 0.9990454292385512 1.0053297062092466
0.995948870693185 -0.005415597754987748 0.08975810975018096 -0.056710337208659825 0.006080183472909087 0.9999560790577505 -0.007132413643752992 -0.04249674285936401 -0.08971554120610944 0.007649265089275067 0.9959380555083177 1.7766791099819164
0.9908464221167228 -0.00516397704136999 0.1348951486140453 0.09508402128205805 0.006803732047832648 0.999908433511112 -0.011697599051741977 -0.05223597673286033 -0.13482239060597637 0.012508314613497034 0.990790828104913 2.834932084550261
0.9836120336111885 -0.0035522170302648664 0.18026299977930055 0.29494098145077685 0.0062604174577548825 0.9998758947781473 -0.014456908896920844 -0.07463221425608732 -0.18018927412173247 0.015348511190637593 0.9835122005830502 3.812472580873284
0.9740328464428198 -0.006333165821980458 0.22631815009223083 0.4626583742949868 0.009838546202511723 0.9998484260314858 -0.01436412096097159 -0.09047560688456813 -0.22619287579214176 0.016217767202413524 0.9739475175633691 4.788242745418042
0.9623856315635015 -0.006795817628618772 0.2716021226405989 0.7030746493011536 0.011439033416627354 0.9998141822644614 -0.015516103162188948 -0.12554037643585161 -0.27144620954180526 0.018039340498060386 0.9622845408296765 5.744485198467794
0.9488907155140053 -0.010491446101122513 0.31543040368681385 1.0019257547303069 0.017005537599227377 0.9996950439048884 -0.017906168852231855 -0.16497477934149454 -0.3151463496572352 0.02235506096414446 0.9487797581878573 6.6911386337165375
0.9335808237493145 -0.013317497042482048 0.3581193792579156 1.3004733631758598 0.021744998236609085 0.9995730577417911 -0.019515565285581734 -0.20994156531533842 -0.35770658447845377 0.026006662785705837 0.9334718275939073 7.592616965973016
0.916580240238887 -0.01389445990642883 0.3996093181940742 1.7059888588086445 0.023921941031316812 0.9995114159211109 -0.020116415701365076 -0.2483052469985163 -0.3991345687120052 0.02799773968170588 0.9164647961770256 8.453312571149763
0.897062470687094 -0.013925594894064853 0.4416842780670521 2.127980812325623 0.02455984109387141 0.9995296126415245 -0.018367570828164478 -0.3100251080970463 -0.44122073601567097 0.02732455415062153 0.8969825142388559 9.382056227629292
0.8753401079341829 -0.012905326498743206 0.48333544044455684 2.5921180791586145 0.02431235361243373 0.9995539826206891 -0.01734200936867607 -0.32226030057025745 -0.4828960601450346 0.026931178494081994 0.8752634498945577 10.16515471929011
0.8511781132418275 -0.012726925101269342 0.524722636176056 2.983996309937003 0.024516364491714026 0.9995788751586357 -0.015524825561209113 -0.37118488858535964 -0.5243040791470083 0.0260786831351437 0.8511316789285571 10.796743416208614
0.8252694365634328 -0.013236230901828397 0.5645840586359022 3.4401020278498415 0.02620333962953656 0.9995460513421632 -0.014868632706092485 -0.4176269433529274 -0.5641309618045561 0.0270646159736843 0.8252416400640866 11.515487479977883
0.7990606698258592 -0.01571371053361035 0.601045027629973 4.1784390526643715 0.030563290142835084 0.999427604268618 -0.01450341758122954 -0.43476527798141706 -0.6004730895161698 0.029959024135584614 0.799083553603595 12.364389059103374
0.7703484743128792 -0.014668570284866574 0.6374543600679324 4.791609052632118 0.030936169251562475 0.9994178020618799 -0.01438785438624532 -0.49919199961545896 -0.6368721862005421 0.030804057648287954 0.7703537683925114 13.133808228071326
0.7396098197340362 -0.017848388249683593 0.6727991896471599 5.432891376731706 0.036272819946385995 0.9992525358916504 -0.013366078229720706 -0.5180019116692481 -0.6720577334471523 0.034290006576180594 0.7397043993129161 13.8643683360729
0.7082578540766746 -0.016932453818030872 0.7057507379708534 6.110933887276007 0.0360798302566809 0.9992740325739973 -0.012233301759986782 -0.5540485157061527 -0.7050312461071162 0.034127698882316315 0.708354602004988 14.48729500182516
0.6742070065854591 -0.015573708520898281 0.7383782038183285 6.838807492839678 0.037414748565419736 0.9992141129899715 -0.013087894844121374 -0.5690068947250341 -0.737594094920005 0.03645018524740934 0.6742598424454539 15.143812326733663
0.6390518761670012 -0.01717109136500217 0.7689719456448139 7.590777499178917 0.0425292267302434 0.9990101744392638 -0.013035959518165137 -0.6058794375020007 -0.7679869559056087 0.0410344366132452 0.6391495995232026 15.747549969226991
0.6025630611608014 -0.015346948637690767 0.7979236984148524 8.421178664813675 0.042824700557263555 0.9989963813365824 -0.01312536089387189 -0.624882743882367 -0.7969214530596507 0.04207970109121205 0.6026155461066112 16.361432725139046
0.5645474974612703 -0.013767180594072028 0.8252857613267707 9.191814564120255 0.044376523340990355 0.9989210360092994 -0.013692625543500514 -0.6666208905144565 -0.8242067988595968 0.04435345033476191 0.5645493106514419 16.90186471030564
0.5246568353068773 -0.012438452405762515 0.8512229379354869 9.894732869791484 0.04921974625942733 0.9986638791105301 -0.01574398736236106 -0.7218938336630092 -0.8498897703490317 0.050157167600036745 0.5245680478206922 17.39338474784055
0.4862407557270899 -0.011957102992775505 0.8737430715936858 10.725685972605211 0.0517709835504494 0.9985441264423618 -0.015145719186608694 -0.7474544787997995 -0.8722899132353691 0.05259900413012274 0.4861518816505309 17.857672755138065
0.44788381079845463 -0.01400904131753157 0.8939820125629027 11.549925833765265 0.055945644711843774 0.9983570102809378 -0.01238405671351812 -0.8129916096722613 -0.892339720545057 0.05556101856761789 0.44793168715028253 18.276635148342525
0.4112224321131649 -0.014579931273938139 0.9114184203377619 12.43996012916575 0.056371699449135615 0.9983650001595257 -0.009463506627393353 -0.8669486276191791 -0.9097902740896664 0.05526981147532199 0.41137197900602385 18.66800001236179
0.37506056371859986 -0.012848770136287546 0.9269112593172396 13.502728149780623 0.05833651684892829 0.9982491923238807 -0.009767334675061724 -0.9487169373385902 -0.9251629177312615 0.05773611634587836 0.37515345730017513 19.13392230912375
0.3438141708609873 -0.013638624430428088 0.9389386581874333 14.502659521803478 0.05968757542848918 0.998189998053822 -0.0073567061093398325 -0.963550761893777 -0.937138842037102 0.05857231179453747 0.34400592296703747 19.379188954825295
0.3101693723472492 -0.01535495506521694 0.9505573027506856 15.419749517061994 0.06086411588034226 0.9981390672639026 -0.0037365491634467007 -1.0052985451372645 -0.9487310050039567 0.059013792934294214 0.31052673377294027 19.710996451892562
0.2781533927252311 -0.015544936817666088 0.9604108730406888 16.37038565270391 0.0609688132541021 0.9981385411625882 -0.00150215052734891 -1.0496428929633796 -0.9585997568984825 0.05897293943119301 0.27858337798406974 19.98326616765381
0.24598074536624703 -0.012599828376097395 0.9691928173660588 17.295379470592337 0.058043794851528274 0.9983124984329361 -0.0017530977789476654 -1.0646185123883378 -0.9675352142368252 0.05668685736113568 0.24629699432640062 20.223411245595987
0.21608400839347064 -0.010977994165189122 0.9763130568422814 18.328793587490424 0.056244099679715706 0.9984163001968599 -0.00122178248147382 -1.1037494380794342 -0.9747534573254044 0.05517585654362699 0.21635924359002634 20.34288232225075
0.18542610823555583 -0.010566423670150836 0.9826013988772044 19.204789348399757 0.05998625463403805 0.9981990312930055 -0.000585816256010289 -1.101221213721274 -0.9808255745236237 0.05905120334530308 0.18572600179801269 20.601138228197758
0.1539582386792997 -0.011308104039481669 0.9880126454280836 20.183855600848094 0.061101727879780215 0.9981297304359401 0.0019026481500366676 -1.1241694183565185 -0.9861863107916643 0.06007635144472247 0.15436123996721818 20.78938831530557
0.12402948837222716 -0.010851897742958467 0.9922191906678182 21.271997635077295 0.05983597420537409 0.9982023033060268 0.003437712238785176 -1.0773425527030929 -0.9904727872107428 0.058944024208729254 0.12445585484445221 20.890423007770565
0.09466009497525929 -0.011899489201043483 0.9954385307873256 22.029981403848318 0.0587989355464592 0.9982497023906225 0.006341676090513735 -1.112746705434843 -0.9937716798127619 0.05793042235119563 0.09519408893588854 20.980971673266755
0.0676445131352319 -0.01199265938775733 0.9976374070590514 23.108091717429733 0.06190292531874444 0.9980516933969247 0.007800329769501124 -1.114879035962535 -0.995787250209441 0.06122902439481012 0.06825510158208214 21.036878859893434
0.04121225872064238 -0.011391583953913436 0.9990854725928927 24.36195501566613 0.06516437308120152 0.9978367102204957 0.008689316271862266 -1.1204866084267344 -0.9970231462769943 0.0647466721257503 0.04186543008932031 21.20050322812712
0.020660817630607564 -0.012317169369662302 0.9997106671200192 25.47801945771161 0.06990969689002272 0.997494370458629 0.01084505343871276 -1.1860013691614535 -0.9973393428996873 0.0696654020447915 0.021470138852779597 21.094396044141163
-0.0005494904675320544 -0.011684684688707382 0.9999315807613798 26.47181034625894 0.0750357799216922 0.9971122835910536 0.01169297410317458 -1.1452592410213236 -0.9971806906432603 0.07503707120856748 0.00032886573386381457 21.127707294243628
-0.01903235991465113 -0.012433980807547089 0.9997415493002966 27.655711641195182 0.07854271497207803 0.9968139404003717 0.013892809229922356 -1.136790971081599 -0.9967290560633288 0.07878682849792634 -0.017995123071106178 21.144530289938054
-0.03443648159933632 -0.011974389828331114 0.99933515034912 28.770459032226576 0.0826437297733598 0.9964694334553374 0.014787904460969387 -1.1407254805071423 -0.9959840072331518 0.08309802751833545 -0.03332529307231247 21.083178147719142
-0.049447068364919744 -0.012653141263485183 0.9986965932886132 29.93234237073039 0.08473286177643777 0.9962617688434926 0.016817552616550643 -1.1290453493122488 -0.9951760294366472 0.08545399906968454 -0.04819008692364335 21.030052307972394
-0.06308183132124934 -0.01271632299065745 0.997927340885475 31.046576206659402 0.08451587415274774 0.9962588588119783 0.01803755124321644 -1.104147001187402 -0.9944233251354045 0.08547854332083595 -0.06177110213031334 21.046618838701345
-0.07367710644481651 -0.014428331795680725 0.9971777711258475 32.48261135642184 0.08371109993057597 0.9962771087622309 0.020600347200547618 -1.1510784703510133 -0.9937626153837406 0.08499262202075976 -0.072195003066029 20.74910769934833
-0.08571150675486394 -0.011770923028604368 0.9962504619727239 33.68612967462448 0.0843155657203678 0.9962574637231795 0.01902501913565843 -1.137755486549333 -0.9927459005138553 0.08563008435656537 -0.08439825629728515 20.687164816293432
-0.09599094804911212 -0.007140892436395673 0.9953565921557183 34.89099540331802 0.08401925700535347 0.9963474194276661 0.015250713166889272 -1.099544352564229 -0.9918298757069689 0.08509305174361885 -0.095040360900287 20.562790085119502
-0.10415283545340182 -0.006050022151940675 0.9945429020906928 36.024510553742516 0.08616843512176535 0.9961663911595806 0.015083829512545893 -1.1477336882492624 -0.9908214711317487 0.08726922914784147 -0.10323223328136821 20.37116275313398
-0.11269967842393847 -0.00540867723256805 0.993614376251539 36.748273687218834 0.08800680362914083 0.9960007666023886 0.015403747675034529 -1.2212497818418009 -0.9897239943530332 0.08918082270336032 -0.11177296571098538 20.50040236249326
-0.11829657939013982 -0.00500492799732768 0.9929656942716268 37.993765430569965 0.08768551946967847 0.9960281268664679 0.015466743878655211 -1.226532585275148 -0.9890991704474962 0.08889837561292582 -0.11738786067331741 20.36906043017162
-0.12269115397059083 -0.003308314259945335 0.9924393864584993 39.295374883717336 0.08757996143447387 0.9960570254907128 0.0141475201264921 -1.1766005055641477 -0.9885730276982582 0.08865357876222973 -0.12191764384267056 20.122202586082675
-0.1280010543324992 -0.001588226719790253 0.9917727600744314 40.629742384860684 0.08647585776678456 0.9961722782942326 0.012756095859506593 -1.1562120302319092 -0.9879967895257898 0.08739719385635111 -0.12737375865054767 20.033620595921768
-0.13142799768247038 -0.0004030708790524936 0.9913256371944809 42.02383861322425 0.08628205527327518 0.9962003427362816 0.011844157628751429 -1.1208626963455965 -0.9875637135714316 0.08709026734361126 -0.13089383855255488 19.794289844454564
-0.13529701896235613 -0.0012896940194517762 0.990804245726287 43.385739543325386 0.08502178676034697 0.9962954934815367 0.012906798381454143 -1.0935896476553042 -0.9871504507601556 0.08598619864674567 -0.1346861581837735 19.637600555141873
-0.13642817199155743 -0.003023102925115495 0.9906453526543928 44.5826564218496 0.08596219836681156 0.9961872981168514 0.014878424734912975 -1.0976812847198003 -0.9869132962621322 0.08718788860473504 -0.13564813946995868 19.380951590935833
-0.13991768668595905 -0.004684947531335172 0.9901520551001644 45.97076537057863 0.0845595221974041 0.9962790935097156 0.016662984162690974 -1.085954681780964 -0.9865458570984913 0.08605823087937611 -0.13900090913269403 19.234490315526703
-0.1420802149732625 -0.0042590114084563755 0.9898459846536606 47.25946209837533 0.0871644606740989 0.9960523149796175 0.016797101510028875 -1.092735119246034 -0.9860099235345178 0.08866592719623129 -0.141148092604497 19.06075262920139
-0.1423455540673333 -0.0044322856877886075 0.9898071014499975 48.65286500968523 0.08699014691174334 0.9960646149126096 0.016970481998698033 -1.0698546029565699 -0.9859870473680358 0.08851913783231649 -0.141399804313465 18.816236918852933
-0.14246545638555497 -0.004037720440160164 0.9897915389366102 50.008452738659265 0.09092660865757524 0.9957099231319283 0.017149367762153988 -1.101856432612639 -0.9856145015039542 0.09244158041842726 -0.14148713240028488 18.569941099868768
-0.14283923816007293 -0.003178394135849621 0.98974079932706 51.487408799424415 0.09030781729725787 0.9957816290043333 0.01623100343420823 -1.0563025451299703 -0.9856172939720851 0.0916997554423859 -0.1419496554238564 18.402934818283562
-0.14087300098015643 -0.005004675236427823 0.9900150255529574 52.97687876052257 0.08257851515636581 0.9964431574112368 0.01678758121037984 -1.1013302792617732 -0.9865777143385182 0.08411888773695907 -0.1399586592407993 17.999948702035464
-0.14049705994774797 -0.005284607184162478 0.9900669922146424 54.36930614336486 0.08235431916408133 0.9964580193967241 0.017005343130277847 -1.098663305312127 -0.9866500606907499 0.08392549378387332 -0.13956421185989432 17.829137443970065
-0.14046331116759836 -0.007396054767989011 0.9900582591896818 55.849694786449994 0.08001140190267117 0.9966167089539336 0.018796568819857255 -1.111662036700591 -0.9868476243987233 0.08185617757811142 -0.13939631419408838 17.71930320594139
-0.13762390318700035 -0.0062956494636954375 0.9904645506374299 56.98232070647673 0.08443569644892134 0.9962651642708635 0.018064761983897944 -1.160606654992733 -0.9868790576543618 0.08611670719540745 -0.13657832296912908 17.522234184681093
-0.13715105900133828 -0.005899175604892479 0.9905325773249432 58.557120121942305 0.08359866781064117 0.9963456712576994 0.017509029280078598 -1.1503706845508235 -0.9870161344958338 0.08520858579525437 -0.13615670072264252 17.339318513075373
-0.13508374549317415 -0.005010801098271864 0.9908215144898144 60.00328730139116 0.08488981862927737 0.9962518603666466 0.01661172504841566 -1.1231117389816603 -0.9871910151518927 0.08635463269766902 -0.13415206675644975 17.073142650494557
-0.1337460375209074 -0.005358958434389056 0.9910011498540023 61.65624840105758 0.08536049408440233 0.9962066681667263 0.016907405176927175 -1.1059529410665487 -0.9873325597270268 0.08685364623692296 -0.13278125107946792 16.829722106059315
-0.1335089571156569 -0.006091337783975472 0.9910288865486674 63.180467475521745 0.08751613861416509 0.9960020535405537 0.017911862691142102 -1.0668933221827417 -0.9871759133264729 0.08912241551372807 -0.13244210509140375 16.653249609715584
-0.13319674726128294 -0.008685161200659826 0.9910515599573684 64.83480932130692 0.08787774807041093 0.9959195096925431 0.02053853957412935 -1.0492693043574963 -0.9871859641997996 0.08982704597549249 -0.131890006817156 16.4485341126307
-0.13123859494589585 -0.007824255571688154 0.9913199343407637 66.46481078947951 0.09140970236549062 0.9956133175487317 0.019959665154020364 -1.062574882111118 -0.9871274981024891 0.0932357385574711 -0.12994768003147805 16.208297677407035
-0.1301987313526729 -0.006344919412914727 0.9914676153822669 68.13791105955016 0.09410911116857065 0.9953857166888538 0.018728326323470955 -1.0463031844474984 -0.9870115326323279 0.09574454036372217 -0.12900084279307422 15.985288945945621
-0.12876052084858491 -0.007199694550429863 0.9916495815907864 69.8076330518705 0.09255178682244412 0.9955218681669974 0.019245174908646474 -1.0324746659395603 -0.9873474034131928 0.09425695942301582 -0.12751756966612082 15.688228393590558
-0.13001134557897243 -0.00968606259407896 0.9914651936463372 71.49061326206939 0.09375010380514354 0.9953522723650301 0.02201753697159866 -1.0605413514159614 -0.9870703967079907 0.09581249443154315 -0.1284990188816073 15.581306910530726
-0.130354341293071 -0.011359980609178956 0.9914023888142539 72.95085287584341 0.09213229315292486 0.9954689463772927 0.02352057305565393 -1.0642707956759805 -0.9871774846826853 0.09440618432625014 -0.12871707771902297 15.417726941650164
-0.13075965900503128 -0.011178910470099375 0.9913510697717483 74.6100959895789 0.09376014006306659 0.9953152861664054 0.023590618025832913 -1.0554898816692713 -0.9869705911080848 0.09603391632224585 -0.12909895121018522 15.199747055609762
-0.13068326715815903 -0.011587179352530808 0.9913564550450669 76.36277936190935 0.09484080661540151 0.9951998584935066 0.0241342713800211 -1.0308223249730788 -0.9868774519084977 0.09717499127428196 -0.1289570315470776 14.979553113967519
-0.13159741919953083 -0.0116036008029659 0.9912353281176111 78.02923802397368 0.09605459989558132 0.9950769372053526 0.024400878691443393 -1.0930341382052033 -0.9866385524085923 0.09842380550669719 -0.1298349776087211 14.796416161035298
-0.13266062540656431 -0.010774553108139675 0.9911029550314436 79.8461315440122 0.09567317558400776 0.9951324199380583 0.02362435738587603 -1.0782783659707451 -0.9865332239415008 0.09795598906419073 -0.13098405347997644 14.572288587118381
-0.13272035099725965 -0.010664281387738015 0.991096151507838 81.60067584737948 0.09581995125302817 0.9951203184663 0.023539089136941128 -1.0616869127644217 -0.9865109453893715 0.09809090109695547 -0.13105086702863056 14.336530625357243
-0.13480380534734082 -0.009492916628920793 0.990826835828417 83.48046579018812 0.09532361951829656 0.995191936996495 0.02250369078829793 -1.0243622397569132 -0.9862765036366868 0.09748278345964816 -0.13325076098526445 14.107130072760164
-0.13672439667248382 -0.010752656468372474 0.9905507658537339 84.94543586428982 0.09647565066983206 0.9950431042213839 0.024117826794816895 -1.0678695718210294 -0.9859000396502569 0.09886152497481224 -0.1350092985585687 14.027448828274293
-0.13789691186416864 -0.011833606771636727 0.9903758919971246 86.70080960450308 0.09586851623885345 0.9950739981415657 0.025238181723730827 -1.0748253716387879 -0.9857959572307479 0.09842613460526449 -0.1360831610971025 13.807600134217445
-0.1391564482734413 -0.016178591453139133 0.9901382408949337 87.89219091850282 0.09534914359240622 0.9950019620109484 0.029658665016450675 -1.228136058511088 -0.9856693277768748 0.09853602779164455 -0.13691832421896089 13.715629805418862
-0.14443813410894712 -0.017286138594934254 0.9893628327502518 89.63897235697986 0.09068493320258883 0.995408452508123 0.030630957631547603 -1.2681464987372753 -0.9853496172958957 0.09414458076735159 -0.14220734723273565 13.70169238709193
-0.14507728005177034 -0.016021720353431704 0.9892905979992416 91.63319519931532 0.0887148926241066 0.9956308872149788 0.02913424531727919 -1.183970670110645 -0.9854350565306035 0.09199152624253279 -0.143022055851872 13.282567620960908
-0.15092388640822274 -0.014309773994378647 0.9884418095566719 93.35615363832832 0.08949215650264128 0.9955916810405245 0.02807772368638733 -1.1263265385249412 -0.9844862286674939 0.09269538829484539 -0.14897795324450924 13.105818674597007
-0.15566174164338764 -0.016318421063550272 0.9876756204961933 95.09675788554256 0.08840378979608612 0.9956212500924477 0.03038250012821615 -1.1318471314661909 -0.9838466303943095 0.09204366082650295 -0.15353752754105132 12.887297903318782
-0.15891965704996958 -0.019379642033509167 0.9871012977793988 96.71322544228475 0.08527105245499336 0.995801872960208 0.03327878336357496 -1.1587290737915126 -0.983602252039074 0.0894598193805187 -0.15659996966815526 12.542333119075716
-0.1648335964920642 -0.018618146767441817 0.9861456535818823 98.65003926154941 0.08269690130632854 0.996040489284258 0.03262769101096955 -1.1121596918598364 -0.9828484664391675 0.08692932944249565 -0.16264127305470577 12.281505876387545
-0.16928317793254144 -0.018728956272865256 0.985389482319549 100.58667902355 0.08375238409853225 0.9959294607578966 0.03331737313020434 -1.116054749016174 -0.9820024153874937 0.08816878921372598 -0.16702550937420946 11.920592323808842
-0.17507282447520467 -0.01746524703869401 0.9844005644432311 102.41908961067526 0.08308028833239033 0.996014490266085 0.032446893080813555 -1.0929155390930931 -0.9810439194148657 0.08746485194561442 -0.17292405226934382 11.651885294422215
-0.1806492330109568 -0.016816680517149275 0.9834038101761335 104.36760370557874 0.08172881787304163 0.9961392141589429 0.03204787580915263 -1.0265886999970222 -0.9801460375584998 0.08616185508209426 -0.1785773775907351 11.328689620469495
-0.1854069250207584 -0.018808103551144973 0.9824818203891391 106.45926649640043 0.07710597449274192 0.9964556825607183 0.03362649833059685 -1.0256039932679974 -0.9796320436020209 0.08198980383719923 -0.1832995668703723 10.972600956164374
-0.19276266803649822 -0.019397376591522242 0.9810536660105899 108.30474200401639 0.07697242949482141 0.996424832639945 0.03482524940502668 -0.9752300184479844 -0.9782217534430095 0.0822270921279856 -0.19058044603542146 10.669867648696384
-0.19897364438786092 -0.020501776275052907 0.9797903683995781 110.19386039095826 0.07543847706240428 0.996494195774298 0.03617117590900511 -0.9255076382662701 -0.9770969885418327 0.08111100392488535 -0.1967294589652986 10.330465692201736
-0.20519074519522595 -0.020746198935253944 0.9785020967356007 112.1493940285402 0.07588090584319139 0.996428744970205 0.03703841688732062 -0.8693446620283269 -0.97577602256596 0.08184956583172022 -0.20288371634637015 9.947835463800983
-0.21173433148673593 -0.01922102879852972 0.9771382322485346 113.99569323356793 0.07654942800437521 0.996408878513167 0.036187454902713155 -0.8090314954358835 -0.9743247702599314 0.08246149933186403 -0.20950260901925066 9.628128291537914
-0.21736595411301107 -0.01776562704549982 0.9759284935322983 115.9045782729442 0.07480442408221956 0.9965907218220554 0.034802748683429 -0.7325225220010465 -0.9732195744693324 0.08056870157744056 -0.21529594560942744 9.245856762152163
-0.22322264815549397 -0.018257666924799486 0.9745964841660941 117.86145218644062 0.0747312986667697 0.9965613968175554 0.03578568670042476 -0.695599354581056 -0.9718985967424928 0.08082103668913171 -0.22109065488723711 8.834863081687727
-0.22737926324726088 -0.018020199216109964 0.9736395344609546 119.78492573876409 0.07468161242883148 0.9965615416908865 0.035885239134124114 -0.6442707650707943 -0.9709383746717207 0.08087252959376985 -0.22525165159648042 8.358126836906658
-0.2303209067999914 -0.016478811933999752 0.9729751942614331 121.80462367786762 0.07415467268839791 0.9966521025176752 0.03443357468480384 -0.6110783724204495 -0.970285197459647 0.08008142921015621 -0.22832783511072963 7.735647965622
-0.2353638705379404 -0.015473634909461083 0.9717841401608119 123.79948832794513 0.07376169122809732 0.9967051411211209 0.0337353608235832 -0.543622429680725 -0.9691042572151722 0.07962052678433638 -0.2334470183189632 7.293779137564467
-0.2393486655143633 -0.015607267122794937 0.9708082351986163 125.7786702420758 0.07456748794254436 0.9966222343092205 0.034406566559824624 -0.4798318975274899 -0.9680660649245136 0.08062589716372069 -0.23737640710085994 6.874953341020873
-0.2420001653998045 -0.01634819758074221 0.9701384727874307 127.8153497993994 0.07670027727439002 0.9964068232011583 0.03592367108477897 -0.4252150590503005 -0.9672398810080667 0.0831034242016339 -0.23987670473279454 6.360181169496723
-0.24569246545095136 -0.014590510347903147 0.9692380148489954 129.75283481730074 0.07901646727435198 0.9962577455814066 0.03502716472303593 -0.37275460436272895 -0.9661219438146071 0.08519167433993277 -0.24362013115308123 5.914000420493017
-0.24895892672487552 -0.013860351514848953 0.9684148612345246 131.58949525453443 0.07898653519244692 0.996276265106537 0.03456487875953744 -0.3140932155206454 -0.9652878223940727 0.08509696963613923 -0.24693708853968377 5.472841151709673
-0.25231942522022144 -0.013298131229735345 0.9675526173611099 133.8564849113207 0.07628039372542626 0.9965204951414786 0.03358875252337282 -0.21527104305067424 -0.9646326809670257 0.08228038933293383 -0.25042709186825185 4.857541107553737
-0.25760331158286065 -0.012719991079805563 0.9661670330167934 135.90824597373 0.07363326937995573 0.996747336232745 0.032754989747305785 -0.15000922189294963 -0.9634410596927883 0.07957983123792674 -0.2558288000952602 4.46429420712449
-0.2613881299224097 -0.012380736944791556 0.9651543725686423 137.97396540846822 0.0707194740011011 0.9969846970344399 0.031941663640981784 -0.07048568831034024 -0.9626396010619308 0.07660438128364398 -0.2597244063146107 3.8973172988630895
-0.2674811339003198 -0.013464371799329179 0.9634690206225881 139.63118973766893 0.0717624082853336 0.99684707073663 0.033853719454281964 -0.10485412897493672 -0.9608870900186394 0.0781960884945633 -0.265671549059477 3.496926774753485
-0.2719501346316575 -0.0126598282707966 0.9622280670516618 141.73905426695202 0.07314878290480989 0.9967485369674924 0.033787713931374655 -0.07034320098472321 -0.959527164718836 0.07957438533421013 -0.2701398477924244 2.921474602038699
-0.27715310917001457 -0.01351071194035129 0.9607307712050547 143.87468079166737 0.07138573074530524 0.9968480728525444 0.034612094650960774 -0.052236814552666454 -0.9581702518463788 0.07817531779937409 -0.27531507071646866 2.3570855749458492
-0.28066825678464125 -0.014022648268829624 0.9597023991680962 145.8408204645726 0.07100578575548042 0.9968499770012895 0.03533131389823202 -0.005259108137453343 -0.9571747531264696 0.07806080122607811 -0.2787884561620606 1.8059380843285473
-0.28575863223811004 -0.014103534302766948 0.9581978367861073 147.8484614539381 0.07107959436727304 0.99682548538532 0.03586980555990137 0.06490656297404379 -0.9556619147826226 0.07835842013779937 -0.2838490137864136 1.259920024651502
-0.28971215536435824 -0.013238880904131983 0.9570222563067928 149.64120021415718 0.07473525117422863 0.996538501874131 0.036409566248275405 0.09484274177397459 -0.9541915474715039 0.08207159261808442 -0.2877199061918869 0.6328002238630726
-0.2948476131890818 -0.013063716374966547 0.9554549828805 151.4052847190198 0.07419692716439731 0.996574589040884 0.036522657041268565 0.13636938250702452 -0.9526592785440466 0.08166044202958637 -0.2928683513312249 0.14579302537148997
-0.29806769494265084 -0.010936800277744432 0.9544820771660723 153.57569469465835 0.07433689757653124 0.996631587973872 0.034633849213948485 0.24812914494938385 -0.9516457717503249 0.08127646801112204 -0.29625067233234414 -0.5325890541287811
-0.3014051805469533 -0.009708968275155563 0.9534467227247104 155.4975416181004 0.07552460312886188 0.9965633298831356 0.034022990087068064 0.23291121808069074 -0.9505003689960813 0.0822633908082377 -0.2996360843941277 -1.1655296493435252
-0.30434965900407884 -0.008567055720332294 0.9525218583425714 157.58057112277916 0.07536800575857724 0.9966080884850197 0.033045146000738955 0.30701632093528547 -0.9495740880900637 0.08184695182179852 -0.3026716499862585 -1.830388505789162
-0.30829171658433063 -0.008271247559606867 0.9512559087592019 159.6114985300398 0.0744011787065919 0.9966895241710373 0.032778911128667966 0.3460557166403783 -0.9483779215547761 0.08088002764291709 -0.30665573374050004 -2.440152566372314
-0.3109013245620602 -0.006664024412256972 0.9504188324965942 161.59399192387022 0.07706113256644889 0.9965064152197953 0.03219543870440564 0.4049747627244947 -0.9473130149180536 0.08324995618272597 -0.30930162715776555 -3.0576118641443872
-0.3157786780594687 -0.006897818779937829 0.9488078027604396 163.67953451856715 0.07617212538953631 0.9965617330344503 0.03259631213824353 0.44401050487611504 -0.9457703916895766 0.08256592727906702 -0.31416752514525226 -3.6789911660260524
-0.31947933749632806 -0.0054250213935026406 0.9475777129374602 165.75863341753447 0.07859874977526309 0.9963860288912567 0.0322043159231384 0.5200305624255883 -0.9443279035624613 0.0847670370674342 -0.3178983485017426 -4.343355255330921
-0.32024637028945646 -0.004720796904831839 0.9473225302889251 167.96591983531928 0.08323377252072595 0.9959801585137763 0.03310079997282753 0.6209815729419463 -0.9436707060348944 0.08944963903480228 -0.3185661009086611 -5.209439192149308
-0.32230734313939324 -0.005439802826811616 0.9466194510486414 169.8286687352207 0.0849197175333676 0.9957856134769579 0.03463601545171821 0.6200794966531636 -0.9428184438864562 0.09155009851182039 -0.320487068896699 -5.831494630136491
-0.3243402216034199 -0.005273160077219487 0.9459257975301472 172.03320940476948 0.08575545510916846 0.9957028567266921 0.03495458518311592 0.7123813370520807 -0.9420453399753455 0.09245547517104832 -0.32249428295960825 -6.537221507860904
-0.3275676525044058 -0.003611716993615575 0.9448208235073523 174.44331381109401 0.0882502193614509 0.9955041060622862 0.03440165106189113 0.7131453691614451 -0.9406972583224685 0.09464951301240988 -0.32577620826436204 -7.271667996668161
-0.3309549179492266 -0.0014224108482832208 0.9436454943635343 176.66203615538623 0.08728035235198389 0.9956660964458687 0.03211174989874865 0.773510133463202 -0.9396015019030854 0.09298925279635777 -0.3293964427340419 -7.976668967429182
-0.33401724889552575 -0.00023092137743715277 0.9425669334936283 178.85603405690387 0.08652835938704223 0.9957698533493016 0.03090699245312104 0.7977839371193143 -0.9385868742221208 0.09188223895850528 -0.332584325700898 -8.752993115233672
-0.33826446616483574 0.0020361028314112915 0.9410488856672 180.92849248640033 0.08741814084913925 0.9957416472015181 0.029268424605494798 0.846580610088467 -0.9369819739892006 0.09216521205784425 -0.3370020090528154 -9.403266398117712
-0.3420142847182841 0.0030555351527341073 0.9396897853832248 183.14988415543635 0.08616090832432402 0.9958842754778855 0.028121303892503988 0.8911257473904622 -0.9357363554577582 0.09058241308784798 -0.3408699158239321 -10.11060125619791
-0.3448852103004818 0.003136348438674942 0.9386396300148765 185.11432834452117 0.08517532607567412 0.9959733670125056 0.0279681252442041 0.9346899935213507 -0.9347723549313467 0.08959472931062473 -0.34376362363673807 -11.022955774839915
-0.34825754611072535 0.0022609015720132424 0.9373961648636175 187.330724301451 0.08488373370786971 0.9959648545409697 0.02913349053917948 0.9790885912523221 -0.9335477670310974 0.08971564436187629 -0.3470441900219421 -11.807161468720345
-0.35206415426795457 0.0016439711981594688 0.935974427342056 189.45579750234137 0.08604367675391061 0.9958208404155651 0.030616000468812236 0.9861547912489347 -0.9320125090202699 0.09131347738826615 -0.35073427530967693 -12.561637013872943
-0.3547904960737671 -0.0005208038031749745 0.9349456843363302 191.58249410946468 0.08471943227673359 0.9958680020670188 0.03270382628611367 0.9488568540113329 -0.9310995229783109 0.09081107433811665 -0.35328038027481656 -13.305003231264044
-0.35797591909324966 -0.0011409079943740733 0.933730121436752 193.30860024576376 0.08240684076107918 0.9960585269242221 0.03281041812179119 0.9718594141157731 -0.9300872829714003 0.08869108901404356 -0.35647094802295154 -13.951004457434825
-0.361931952699309 -0.0007805174676757032 0.9322041902972482 195.34016033837787 0.08101517206464168 0.9961897366183782 0.03228855140050212 1.0247387108230457 -0.9286774485851382 0.08720894133452727 -0.36048966287635675 -14.71638195670674
-0.3657810528018921 -0.00031486213750230057 0.930700876905665 197.4599031778857 0.08123210337461598 0.9961729120111209 0.03226259066812974 1.060732670337498 -0.9271491610266793 0.08740383422435172 -0.3643555996144523 -15.524161067353509
-0.36854972039632994 0.00048747225883297927 0.929607909802076 199.71169821140367 0.08233855130634075 0.9960866328562195 0.03212137627705487 1.109490379990228 -0.9259543544714074 0.08838089282167227 -0.3671475877892756 -16.412356050616257
-0.3701736646539777 0.0007253545962589504 0.9289622876400064 201.73886844564322 0.08383404412915138 0.9959453937366948 0.03262860309010466 1.163784270013307 -0.925172044022946 0.08995691499473386 -0.36873356560399295 -17.23426737730681
-0.37339800861387906 3.901183784993354e-05 0.9276712379077333 203.85714033085011 0.08417853160429119 0.9958758794003335 0.0338409167363658 1.213014747336951 -0.9238440896494036 0.09072613353763512 -0.37186135415390553 -18.025402417587326
-0.3759082870477677 0.000941351462272968 0.9266563945639384 205.87808384460405 0.0870306596896926 0.9956151956522943 0.03429353379604656 1.1894117007653517 -0.9225609053080398 0.09353874087065824 -0.37434192919514353 -18.818673361046013
-0.3786477172955429 0.0010946677844003302 0.9255402248899378 207.9979739213466 0.08676698107493552 0.9956373093797287 0.03431966151109443 1.2082282712390333 -0.921464810604299 0.0933013926666484 -0.37709077546984293 -19.625679912258157
-0.3828250745205326 0.0005167806549742479 0.923820705145811 209.74859644571944 0.08592764133051381 0.9956846278077036 0.03505085452323835 1.2067642227173903 -0.9198159613605993 0.09280008020033866 -0.3812174475822001 -20.215598916316964
-0.3837384987909398 0.002813199393862535 0.923437518435788 211.8663192353015 0.08603084983450641 0.9957551364520767 0.032716984978124 1.327485279867937 -0.9194256127726856 0.09199888118056956 -0.3823516031600951 -21.199455467750823
-0.3864194533897978 0.0043523911052242665 0.9223128876545081 213.7636282928447 0.08543792233206589 0.9958581134005474 0.031096292413763216 1.4593010856234239 -0.9183574290381225 0.09081670917826497 -0.38519080708724185 -22.03296517900325
-0.39041538658729547 0.004648354131377394 0.9206270790715222 215.6068913105233 0.0832670875404271 0.9960670540306807 0.030282272160056363 1.5143940171042582 -0.916865539786739 0.08848060057724619 -0.3892669588766331 -22.60299639071532
-0.3964948055513213 0.005303084795892736 0.9180216481447854 217.75391373728655 0.08321953333343453 0.9960738696224951 0.030188665539137523 1.5562467715800579 -0.9142572824115682 0.08836698222139365 -0.3953794354926654 -23.34293030511066
-0.3970451864954845 0.005270548826301467 0.9177839294713304 219.96955240539208 0.08494588753163897 0.9959022865968712 0.031029530170237685 1.6241742538661483 -0.9138595713085399 0.09028209604452657 -0.39586592056096315 -24.424240203483823
-0.40018740412843945 0.0032074423476953443 0.916427713401623 222.07459972845115 0.08492717297911591 0.9958204448135867 0.033600847921530015 1.6143639112400459 -0.9124896804165603 0.09127625104514688 -0.39878719779906024 -25.32201041225751
-0.40489987963095597 0.0021949276878814815 0.9143583924081861 223.89710906620206 0.08311184237431836 0.995945860610561 0.03441314269048285 1.632757114896737 -0.9105759216737415 0.08992788791656371 -0.4034407835641831 -26.06422440847351
-0.4089311477503299 0.0031303298409413737 0.9125598706028472 226.00512580908216 0.0815230112362772 0.9961211863380705 0.033114660913330325 1.7214884884208008 -0.9089165610981945 0.08793624487958271 -0.40760017394244374 -26.94784532464643
-0.4112611480644712 0.0032256549266426824 0.9115118557884958 228.4440719702755 0.07893142696226345 0.9963635213606921 0.03208680631384981 1.8158106364278164 -0.9080936614305786 0.08514298827276306 -0.4100202112306053 -28.150098589868982
-0.41427707725478946 0.0021029849340061433 0.9101483838998982 230.62806763886303 0.07871162544958099 0.9963335401466878 0.03352546491628841 1.8389779920297766 -0.9067408578421478 0.08552809031619818 -0.412923676345339 -29.15593833362591
-0.41605645117945844 0.0006565069219125761 0.9093385499529959 232.73204400186378 0.07780848579426802 0.9963579466159062 0.03488096549320828 1.7920062532542143 -0.9060037908145633 0.08526670636301531 -0.41459223318297367 -30.213431558908646
-0.42016488852201284 0.0002101955879622807 0.9074477518133481 234.9143123916592 0.07601467290388032 0.9964934485726086 0.03496536079015953 1.8486146686559848 -0.9042583900393742 0.08367056094998256 -0.4187075366812911 -31.25156342573089
-0.42406387384827826 -0.0010833783796044398 0.9056316343790551 237.0257707025074 0.07439214982990193 0.9965780966968892 0.036026451777702015 1.8370687591352928 -0.9025716807769216 0.08264940093728612 -0.4225321734308889 -32.19840775768378
-0.4280513791062781 0.0010087552221085263 0.9037538377556774 239.4848398294393 0.0750557357617973 0.9965845385528596 0.034436812376280726 2.051398689236822 -0.9006323630508004 0.08257263426999147 -0.4266650989889442 -33.236455874592366
-0.4324255327836286 0.0022112751885062223 0.9016669389851419 241.63105450157676 0.07443139271767413 0.9966716010586375 0.03325187846302086 2.1326259110283483 -0.8985923026461458 0.08149128729657448 -0.431150836390056 -34.20622220013671
-0.43639420916579974 0.002330341615572201 0.8997525569369123 243.72030488165998 0.07506067281829819 0.9966051393086094 0.03382442460311229 2.1803497558609717 -0.8966191998851135 0.08229681531883216 -0.43508762862871353 -35.106462159671835
-0.4363978594571811 0.002844489959426171 0.8997493079397513 245.83124795213837 0.07544129458674059 0.9965893720179335 0.033440015729327 2.278993444230971 -0.8965854779842618 0.08247140387899152 -0.43512406071138066 -36.439977997795246
-0.4402020814643841 0.0027435585705472784 0.8978945374378852 247.8072059900035 0.07533107785262196 0.9965826196974018 0.03388673526066013 2.3186049375545097 -0.8947331200888822 0.08255637469895244 -0.43890441876629605 -37.420762361867126
-0.44239416612853244 0.001956453574745815 0.8968185848123639 249.49473935084657 0.07297061935503274 0.9967604534504984 0.03382140074124341 2.3810454054793713 -0.893847129260023 0.08040379796108343 -0.4411037732632197 -38.47188547391801
-0.44908391931936453 0.0018845849136052463 0.8934875946248286 251.45262751111028 0.07193707403404086 0.9968276459668751 0.034054392015702 2.3686541374892323 -0.8905889572570388 0.0795681630794729 -0.4477948376611538 -39.32753154787779
-0.45447538682785416 -0.00027060488939847287 0.8907592545355151 253.71558344075927 0.06972441964048681 0.9969209313673917 0.035877038720741564 2.3323281442753676 -0.8880262541577641 0.07841290311272836 -0.4530571581511149 -40.282196785078085
-0.45917073408724307 0.0011049749821325503 0.8883473509771228 256.4232564919767 0.07169474072649835 0.9967832987405445 0.035817865710824154 2.329652422312423 -0.8854502250888769 0.08013634869525386 -0.4577729399034529 -41.4064183636405
-0.46418686874343873 0.0013952209342888856 0.8857361933695078 258.9239018824775 0.07311657359479971 0.9966461440145834 0.036748201134457974 2.3486349007355756 -0.882714289876355 0.0818200279846375 -0.46273206660947475 -42.502577135911494
-0.46274262290260104 0.0007005588354956768 0.8864923993845293 259.56758645630345 0.07204628616915891 0.9967214366626529 0.036819972112550094 2.361168767067479 -0.8835601833482841 0.08090665556340414 -0.46127596456686515 -43.67517878313005
