1.0 0.0 0.0 0.0 0.0 1.0 0.0 0.0 0.0 0.0 1.0 0.0
0.9999960013774467 -0.002735682451961358 -0.0007164290891238524 -0.011762662477264605 0.0027383282381117954 0.9999893372837111 0.0037184509334843414 -0.022088514384164752 0.0007062489490765215 -0.0037203978828079277 0.9999928299003026 0.8882826156709033
0.9999963027383179 -0.0014643159402750912 -0.0022913508072071294 0.022180939308793297 0.001473400883668749 0.9999910410670629 0.003968233290483607 -0.021409794452878318 0.002285519531886927 -0.0039715946971908495 0.9999895013629047 2.5239096714896405
0.9999904651397047 -0.0018159000047079173 -0.003971414968241493 -0.016849207456456204 0.001832537591947734 0.9999895439877283 0.004189716122763338 -0.06267576451787873 0.003963765337550799 -0.004196953941627958 0.9999833369321515 4.015318306251349
0.999981088143889 -0.0004899529181086286 -0.00613052205785774 -0.003270259511113489 0.0005158992584974684 0.999990914272065 0.004231456164807451 -0.0850166516317069 0.006128393143306426 -0.004234538871901173 0.999972255354129 5.569283563435826
0.9999803884433601 -0.00022642707970932163 -0.006258710685452206 -0.0794184466164714 0.0002526792183177424 0.9999911731196656 0.00419402383966556 -0.09380769654954105 0.0062577057999916915 -0.004195523034453156 0.999971618949552 7.065584628097085
0.9999618330776708 -0.0008928625979390103 -0.008691097993097783 -0.055034848160238556 0.0009304455755907773 0.9999902305959305 0.004321224794965573 -0.1070233510299527 0.008687154826252968 -0.00432914646078916 0.9999528948065233 8.605562400528388
0.9999483786916368 -0.0027893728672944026 -0.009770330136399021 -0.11466556733642955 0.002824475440665585 0.9999895999842779 0.003580818589213489 -0.1371113170696139 0.009760240286596538 -0.0036082298001903564 0.9999458577279356 10.09038526101322
0.9999278485715316 -0.0042221691866623536 -0.01124592986227792 -0.127891984177226 0.004268203069360266 0.999982598315273 0.004072531055003221 -0.16509596139456809 0.011228539249019835 -0.004120237128426105 0.999928469217843 11.620115403751804
0.9999086215562171 -0.004639507541909682 -0.012697381907876308 -0.14862287647983488 0.004692136318428061 0.9999805119291041 0.004118205771462733 -0.18413578040661138 0.012678028013661658 -0.004177407303027057 0.9999109044679478 13.179385386633795
0.9998806416083432 -0.005868609198669642 -0.014292024452858855 -0.19299878753016142 0.005928142218742398 0.9999739135019626 0.004126674860436596 -0.2207456470856745 0.014267433781945138 -0.004210907460712656 0.9998893481739043 14.87380303203149
0.9998806365686445 -0.00537571473512239 -0.01448496828332729 -0.26748262656005944 0.005448819682249438 0.9999725936185034 0.005012222656044912 -0.25987427643949274 0.014457627023572736 -0.005090550360228921 0.9998825247587224 16.370302103177163
0.999894071701931 -0.0009650980848082465 -0.014522877160550056 -0.33001711337623835 0.0010624274481357608 0.9999770200036668 0.006695574098134052 -0.3117980452713298 0.014516081539147357 -0.006710294350686514 0.9998721194865251 17.797729012359166
0.9998971822115718 -0.0008681988012707074 -0.014313323730022783 -0.4406201695315832 0.0009797614565516782 0.9999691841044056 0.007789153295302339 -0.35611935734704747 0.014306120118579214 -0.0078023760746926095 0.9998672201121216 18.996184979737464
0.9998933358333801 0.00046814637759979726 -0.014597869535118825 -0.4376271808789892 -0.0003569545789632491 0.9999709138516781 0.007618663535572819 -0.3558867680586821 0.014601011589056674 -0.007612640120802371 0.9998644198945011 20.52494238840262
0.9998771954995174 -0.0004484965059616781 -0.015665017424316936 -0.4688984620205832 0.000566944050486348 0.9999712797978871 0.007557655312292695 -0.3568577464204198 0.01566117793984958 -0.00756560838663673 0.9998487330968002 22.00010026152739
0.9998847781981444 0.0008779612586295997 -0.015154521162875323 -0.5379897163435808 -0.0007567751800215262 0.9999677085020754 0.008000577756344631 -0.3704744062390009 0.015161055998003369 -0.007988187349878485 0.9998531548401939 23.49408920760597
0.9998773575833954 0.001625807261617396 -0.015576474016769312 -0.5351817179366023 -0.001489273661496476 0.9999604077808775 0.008772966126819345 -0.36093012741903135 0.015590120461631789 -0.008748692556560602 0.9998401914918916 24.983511187367235
0.9998641052103614 0.002889240195398917 -0.016230323563521085 -0.5724582258466346 -0.0027686901807268314 0.9999684525029943 0.0074450220583983226 -0.3377052164148501 0.01625132199442382 -0.007399073581211502 0.9998405614114549 26.52022386758608
0.9998466881710903 0.002048041087178381 -0.017389815439146885 -0.5759771259205363 -0.001955388031671616 0.9999838124595626 0.005343339450575 -0.3526209268698783 0.01740047731954378 -0.005308516416448661 0.9998345078274246 28.054523105511464
0.9998139904204394 -0.0015877823756175102 -0.01922143352315932 -0.5091663096271644 0.00169504192588934 0.9999830775466976 0.005565200185515664 -0.3994055822548301 0.019212271922576775 -0.005596746140666436 0.9997997624725713 29.404428160748694
0.9998299819399216 -0.00011066850663539675 -0.018438952424088727 -0.5792489547071846 0.0002593957244739379 0.9999674539636038 0.00806372912528769 -0.39079050411606714 0.018437459908411818 -0.008067141131127397 0.9997974701438768 30.825872488591642
0.9998304483653061 -0.0019312039240213807 -0.018312426738003713 -0.610799391187544 0.002097906748340624 0.9999564987061699 0.009088425747778003 -0.40364615545473803 0.018294078520280154 -0.009125302553967825 0.9997910059329361 32.262089225408154
0.9998402007480867 -0.002451622873142802 -0.01770769644289577 -0.6633286889767084 0.002600283500662886 0.9999615304915435 0.008377115417984186 -0.41823967864864064 0.017686477708748028 -0.00842182179210241 0.9998081123015357 33.70036039962198
0.9998355779895226 -0.004398913293563045 -0.017591661325552493 -0.6800360311635992 0.004523042471706519 0.9999651120758286 0.007022586273917068 -0.44797703040204606 0.017560155840890594 -0.007100999437486511 0.9998205922733501 35.09282604902702
0.9998159833101751 -0.007808174350112428 -0.01752232663849251 -0.7440265809478475 0.007943205241817403 0.9999391904224242 0.007649898550525892 -0.5084846846285913 0.0174615293715683 -0.007787674278320838 0.9998172068540032 36.208910733767375
0.9998275329358245 -0.006778662358638055 -0.017290289763055963 -0.7175550467015498 0.006885353586520731 0.9999575767963906 0.006118538508433854 -0.4993564908383739 0.01724808074689588 -0.006236533020692299 0.9998317905360034 37.57076363812089
0.999854312613358 -0.0055807445618808165 -0.016130990006955028 -0.7775239935632396 0.005701564164324014 0.9999559666914706 0.0074536463698509844 -0.5168252071774639 0.016088682809650437 -0.00754453234214913 0.9998421046931304 38.937126753193574
0.9998638333907949 -0.006742295122095572 -0.015061744040822304 -0.8141179880928819 0.0068889341700700615 0.9999291724891034 0.009705286768421372 -0.551727568431119 0.014995241347344866 -0.009807724595614423 0.9998394627514916 40.24970344462191
0.9999080555729397 -0.005081409426224381 -0.012572178752547765 -0.8866564979351976 0.005202162933074789 0.9999404749389804 0.009590833103751324 -0.4743254795558174 0.012522695443101623 -0.009655353802391062 0.9998749703046826 41.40808159229476
0.9999678582441742 -0.0025686759983898333 -0.007595023513750646 -1.018527132690964 0.0026391664369575228 0.9999534039684236 0.009285725199498726 -0.43731212415174703 0.00757081759634758 -0.009305471271132093 0.9999280428737585 43.23965362833786
0.9999616939541428 -0.005653373805453716 -0.006682064724103663 -0.9469206954527697 0.005718477983347673 0.9999359746315686 0.009764509571346659 -0.5580643260228775 0.0066264344798140674 -0.009802346771603337 0.9999299997319082 45.07038089404497
0.9999737830070963 -0.006406235136959365 -0.003375418469867262 -0.9382125629630906 0.006432524270462887 0.999948608691769 0.007835981553402148 -0.570774832335149 0.0033250458623362983 -0.007857488578759758 0.9999636013091917 46.34339094083713
0.999976212060377 -0.006884004135595733 0.0004310457527275084 -0.9554567113968735 0.0068810233977802185 0.9999547298907416 0.006571886040790121 -0.5889878108980423 -0.0004762671299226501 -0.006568763673251743 0.9999783120215288 47.62237005961116
0.9999636569031548 -0.007790533846558161 0.003463012453807786 -0.9006872011436721 0.007766347028581508 0.9999457326095555 0.006943751851190762 -0.6052347706832926 -0.0035169200589776437 -0.006916604537264195 0.9999698954743457 48.74791595571576
0.9999409305791326 -0.007045046933779575 0.00827663375045361 -0.8995142068286524 0.006984039315425906 0.9999484002801907 0.007376989353935545 -0.631640169013019 -0.00832817791469959 -0.007318749263934114 0.9999385367920535 49.98255850296137
0.9998759427365109 -0.005689970692632076 0.014687524307742101 -0.8896527669436709 0.00559661653548696 0.9999639266256648 0.0063893137923242554 -0.638956070009157 -0.014723349487404046 -0.006306320710133531 0.9998717184214047 51.23723589579337
0.9997459985203302 -0.0037946478474953516 0.022215739697374726 -0.8487647296795111 0.003666113140204348 0.9999763222439061 0.005823621381481427 -0.6429193536082043 -0.022237312270848592 -0.005740696757809589 0.9997362383867575 52.5728283617064
0.9995298326690261 -0.002647978897478353 0.030546715247096134 -0.8316494159522954 0.0024355311664683793 0.9999726039537109 0.006989959225349632 -0.6565126117843847 -0.030564387652394203 -0.006912275297859496 0.9995088987385959 53.72750029503542
0.9991341281549825 -0.00022743009584274456 0.04160459387536982 -0.8312473232322678 -0.00010059317503148143 0.9999689311747204 0.007882040744649363 -0.6921441869585372 -0.04160509388279387 -0.00787940104568111 0.9991030633534086 54.87554822742505
0.9985059234235 0.0028301066671120897 0.05457024266426046 -0.8160227058391265 -0.003272304274489575 0.9999625201872355 0.008015625086531846 -0.7029312500486291 -0.05454551230778443 -0.008182219567174246 0.99847776057859 56.06263242806909
0.9975183322577029 0.004978034557461275 0.07023101865810921 -0.7736948869249906 -0.0055852693732945085 0.9999486784679157 0.008452526030522023 -0.7156794292208413 -0.07018533732795407 -0.008823808826897562 0.9974949417525623 57.1632815524034
0.996233627400048 0.00723703745872893 0.08640708840230303 -0.6729167039475336 -0.008069041535842354 0.9999243507011658 0.009283503839865079 -0.7086430645777132 -0.08633336670161373 -0.009945761090680445 0.996216658980511 58.260208933398445
0.9944630629317076 0.00786798607426832 0.10479175186827305 -0.5942940239480172 -0.009036875952257254 0.9999020858015131 0.010684272684980935 -0.7372836046002124 -0.10469742755918172 -0.011572104601957026 0.9944367928921231 59.49368782828117
0.9920339280075839 0.006075002672645709 0.1258244015458492 -0.5701757202198559 -0.007436104360164289 0.9999187813766299 0.01035060395436785 -0.6986083443528046 -0.12575130231448298 -0.011203793679052521 0.9919985307314768 60.55108835199847
0.9892712857413726 0.0052153650469147494 0.14599699714391012 -0.4315917071738655 -0.006707993730244003 0.9999301309143863 0.00973324764162826 -0.7064116624763392 -0.14593603402767422 -0.010608169350348572 0.9892371508972496 61.67973516424588
0.9858946302093489 0.001959186249948123 0.1673557280573606 -0.2111180752417794 -0.0035021115145527667 0.9999540405063161 0.008924801960408122 -0.693885023719988 -0.16733055112354964 -0.009385012750704282 0.9858561802800438 62.93919517050333
0.9822577212170184 -0.0032037238781529084 0.18750868050003092 0.028661042720187175 0.0010765238515681647 0.9999339212110966 0.011445274474541418 -0.717183116728112 -0.1875329576526407 -0.011040351657132004 0.982196263701578 64.03261815052502
0.977791221200798 -0.007941821132357498 0.20943078861464923 0.2567321824572959 0.0053384946255977915 0.9999013381971078 0.012992857528870689 -0.7050839891444691 -0.20951331274595586 -0.011586256890588441 0.9777371479254946 65.01259587784851
0.972389574856748 -0.012270505227295567 0.2330406604251279 0.5159817913824067 0.009559652544943396 0.9998729093308175 0.012758457177366858 -0.7137928650014439 -0.23316759584713484 -0.010178403008019421 0.9723832949814972 66.05029920381902
0.9658377330807981 -0.018612230167732852 0.2584783515993716 0.7885433728405755 0.016382060873758646 0.9998076979471185 0.010779388072231048 -0.7088378399218246 -0.2586292741336013 -0.0061767316492321355 0.9659569071895805 67.08396704885268
0.9585785366695762 -0.02295193934314821 0.2839020914273133 1.0607608086593228 0.020401247184531863 0.9997205931611215 0.011938371869356607 -0.7423057637728279 -0.284096776028398 -0.005651910293330907 0.9587789514587325 68.02734940040149
0.9499724478013236 -0.026073936494945247 0.31124347102231553 1.3578336476721753 0.022327158568385012 0.9996290662921581 0.015595762697936586 -0.7983945434085772 -0.31153466325374385 -0.00786636253459761 0.9502022279135377 69.14629172606853
0.9406398452149161 -0.030672268802979123 0.33801759350740407 1.7425275510785603 0.02597805928127726 0.9994930964391419 0.018403548746768066 -0.7900642361597878 -0.33841072977971204 -0.008530070162315058 0.9409598375451466 70.10559460358522
0.9300760744379923 -0.03460227191686053 0.3657337536189487 2.123989792597691 0.029905390786152772 0.999381491866943 0.01850138685965695 -0.8141696787486273 -0.36614773433675885 -0.006270286436427216 0.9305356092853532 71.0115824221338
0.9181283155757834 -0.033920492886077784 0.3948288189840506 2.5278206773693217 0.030537948363858782 0.9994232905279791 0.01484991784331148 -0.8094620062285323 -0.39510483399687857 -0.0015768679692200575 0.9186346845398918 71.96159899620999
0.905223993861448 -0.03497652593540751 0.42349281407246914 2.9659703109010955 0.03414611576409321 0.9993712158335237 0.009550693254929798 -0.7974158807246262 -0.42356057856669604 0.0058151179622069876 0.9058491158506097 72.87661361282629
0.8911007697991444 -0.03672258947202807 0.45231722218575876 3.4067630147288193 0.037584367908018945 0.999268347723969 0.007084103751621536 -0.7883063234528584 -0.4522464298945066 0.010687406583355747 0.8918289892059997 73.74676922674534
0.8758151519610792 -0.037845352619303 0.48116062690177847 3.885567584033008 0.03717737512099989 0.9992489674273021 0.010924462210248785 -0.7981136810495987 -0.48121269972279856 0.008320479589020784 0.8765643771252083 74.57812442915497
0.857985784149099 -0.03701132156695108 0.5123383220821213 4.380916483222885 0.033240735050554866 0.9993107726125462 0.01652371852262414 -0.8060317003788054 -0.5125967691386227 0.002853386826884965 0.8586247203826953 75.50381466591622
0.8378703436891566 -0.03665510337228425 0.5446372100425952 5.0107800784990655 0.031177078066313906 0.999327643951265 0.019293777184902546 -0.7694458410229771 -0.5449782353172113 0.0008145130943410852 0.838449795514888 76.38499823670338
0.8165351942905665 -0.02997876547265618 0.5765167387904729 5.535324238977423 0.026399680844670714 0.9995450546771307 0.01458562723338885 -0.771628475587109 -0.5766917142947057 0.003310179938813929 0.8169551452635612 77.195286268441
0.7955732221065597 -0.0228533018885345 0.6054262753298523 6.133390396565811 0.02217097936941624 0.9997171820347622 0.008602535572433343 -0.7810626086319208 -0.6054516462450057 0.006578946516393578 0.7958548997913797 77.91660802361623
0.7732505786774815 -0.020234295701150748 0.6337776549014792 6.7049482160093925 0.020200297744766352 0.9997694960012474 0.007273433606929973 -0.7939942212518033 -0.6337787394240697 0.007178310587458811 0.7734810801248775 78.61255420916142
0.7507929221569571 -0.023337872895147348 0.6601252394263889 7.329784267771192 0.022080930931584187 0.9997038510013745 0.01022950547271473 -0.7926125309585624 -0.6601684788962678 0.006895939511889488 0.751085897544373 79.30043623791164
0.7267088367924297 -0.02343858235705872 0.6865456280429475 7.971080090386243 0.02220793110242783 0.9996969400214532 0.010622424765225456 -0.7918288158076552 -0.6865865381173328 0.007527348061198727 0.7270091228500657 79.97189876736873
0.7012658446222051 -0.02127770851767992 0.7125822579088973 8.629038725087128 0.022713227416588894 0.9997138966858401 0.007498938160551311 -0.7879568508467665 -0.7125379459836704 0.010926293673982478 0.7015484955724174 80.62536415560878
0.6755240401121829 -0.018699228999985693 0.7371008140446733 9.298975581061393 0.022386864478407775 0.9997376413765695 0.004845277457381365 -0.7843877678347904 -0.736998032242515 0.013228274627467403 0.6757654276603984 81.22846945180052
0.6480914451963155 -0.01608663885069824 0.7613926048457776 9.987296527987901 0.020216097461673393 0.999787966059067 0.003915651528694277 -0.7825171041908424 -0.7612941534431822 0.012854686848042982 0.6482792368719419 81.84374941934934
0.621203939401807 -0.015055777112265337 0.7835043007203099 10.70606540924302 0.02072525542845188 0.9997813447366113 0.0027796589860325255 -0.784870670018679 -0.7833748333072116 0.014511591649401962 0.6213801447171445 82.38858447259126
0.5924284621326724 -0.007915172572440055 0.8055841776613201 11.44990059775542 0.01840723374362674 0.9998236778755731 -0.003713072214427343 -0.7930724070879618 -0.805412745740359 0.017028305920159994 0.5924697003193202 82.94144704951846
0.5622182262031314 0.0014270953683457907 0.8269876840218445 12.251571482002687 0.017764797687346644 0.9997469206265653 -0.013802415036062565 -0.7940649682237799 -0.826798087859504 0.022451238195469948 0.5620505883062112 83.53953654193147
0.5304384628082861 0.008844010144029756 0.8476773092740862 13.175433925970065 0.017543338963239435 0.9996169110194506 -0.021407065701599157 -0.85844222540133 -0.8475418977440604 0.026226221392034284 0.5300801042105737 84.11959103299934
0.4984962557653595 0.01358129091137914 0.8667854587642193 13.988110484509015 0.014828660419001395 0.9995973875434515 -0.024190362677823856 -0.8889932936430225 -0.8667650164941451 0.024912072444644228 0.49809416261226913 84.60444695562303
0.46798708275072287 0.01242472483762819 0.8836479596486245 14.825478911303255 0.013343849670001656 0.9996878243856215 -0.021123339014633175 -0.9257134142396818 -0.8836345579788357 0.021676715338167646 0.4676751949352196 85.00461473390006
0.4356461741113855 0.011374364869839013 0.9000461292655617 15.699798321696537 0.00822181602875867 0.9998281579802176 -0.01661494059797254 -0.942886009738228 -0.9000804479174636 0.014638248996812467 0.43547779385751195 85.40115062120039
0.40203876145891637 0.012469253094657545 0.9155377392613819 16.581937910728694 0.005021761169774492 0.9998621991150471 -0.01582291678469979 -0.9623193478583943 -0.915608877304788 0.010959037735274136 0.40192074255079524 85.79567288195932
0.36670532910107867 0.015897677873458364 0.9302013037225337 17.439735674383293 -0.0017673507813108474 0.9998640879129068 -0.016391527485462545 -0.9738973345853057 -0.9303354653457458 0.004366868480115532 0.366683586187863 86.16632049564583
0.33163564689376346 0.0179547128308179 0.9432366754937586 18.308377108992467 -0.006473839479738931 0.9998386501621247 -0.01675598532975887 -0.9894142533455565 -0.9433853333138827 -0.0005494807943721995 0.331698373464675 86.4555859248617
0.2955675394135133 0.017506053751079446 0.9551614354270727 19.22429891320719 -0.00931858340811048 0.9998373518792292 -0.015441301447629487 -1.0113020091183167 -0.9552763964676965 -0.004336804030019535 0.29568259753069315 86.75402794080063
0.2594131996572083 0.017870151392415438 0.965601081986149 20.153781700390493 -0.00994233242795101 0.9998252260929412 -0.01583247593053728 -1.0219197211776696 -0.9657152488541856 -0.005493173710259056 0.25954553198444275 87.01522004044357
0.2226986579252156 0.01720413060402119 0.9747355157418179 21.06819050688851 -0.009396777861313413 0.9998357077512628 -0.015500260364148566 -1.0508115657212358 -0.974842042755714 -0.0057074859343713225 0.22282373365549735 87.23607839691647
0.18942462720839237 0.01655593473784753 0.9817556781765604 22.064014304809273 -0.006738967683584696 0.9998562116061883 -0.015560926292502329 -1.0573924275274464 -0.9818721387846391 -0.0036683971264330883 0.18950896005466766 87.37919936256908
0.1551105386525019 0.014743930904744169 0.9877870910780352 23.17668709462888 0.0012320751156150533 0.9998849577631831 -0.015117977041488864 -1.1021482649162109 -0.987896352250498 0.0035619854566845193 0.15507452875880734 87.52612282152904
0.12253566136478189 0.017959159039084745 0.9923016075269174 24.16593462545142 0.0031959541758568885 0.9998239381581598 -0.01848995843191646 -1.1340639854214742 -0.9924589651823401 0.005437029751347365 0.12245669086122513 87.61238903261165
0.09025487811275856 0.02282505807839704 0.9956571064882573 25.132879066717052 0.00367770645616752 0.999722879385284 -0.02325164314234759 -1.164110367619675 -0.9959119094840032 0.005760308786394878 0.09014592276199751 87.69768196638225
0.06059143932678246 0.027466890321970226 0.99778466986437 26.122199901465255 0.010605424108670719 0.9995471831290202 -0.028159433203031343 -1.1754472099905005 -0.9981063081955669 0.012288150181439701 0.060272704480007544 87.75811886290528
0.036171195673390555 0.02528272393472212 0.9990257396453797 27.123271618364175 0.012302952133010622 0.9995928970554864 -0.025742523672568515 -1.2165187825499697 -0.9992698744445216 0.013222103715390005 0.03584541813076436 87.7754694403539
0.014159839368951932 0.023175401056996277 0.9996311318355852 28.130923722978643 0.013980422012402271 0.9996290475034499 -0.023373386312226564 -1.2333673673421444 -0.9998020037734475 0.014306228475486401 0.013830584854103822 87.78608784110826
-0.004942603748298913 0.021094311454394943 0.9997652727977967 29.12455474625298 0.014249974115666952 0.9996774546479458 -0.021022010044405706 -1.255734456863158 -0.9998862479831847 0.014142725793469053 -0.005241602926645772 87.79487758878955
-0.021681716354836178 0.024174061842011867 0.9994726198900934 30.044865129350494 0.015625477415345916 0.9995937139806726 -0.023838024789560146 -1.2922933033276445 -0.9996428100233858 0.015100387557402468 -0.022050638633955844 87.765436888802
-0.037111298371983015 0.028334967943604374 0.9989093457990975 31.06431422278814 0.018574716407800503 0.9994447960382726 -0.027660071988072882 -1.3342095773615592 -0.9991384946260032 0.017527956630779867 -0.03761700802607848 87.7382533861515
-0.04857596366861561 0.03287697251515734 0.9982782580182256 32.09186547847803 0.022814890225384604 0.9992338816809788 -0.031798278015755646 -1.3869662642729799 -0.9985588898696306 0.021230976873456094 -0.049288833251861286 87.6717540388961
-0.057991210197597454 0.03588738036406842 0.9976718475883858 33.11679907512938 0.026079093040017397 0.9990670792198885 -0.03442168103464931 -1.4554905495039812 -0.9979764027500994 0.024022221996428568 -0.05887301932401723 87.59801883378351
-0.06308387192922904 0.041903247976774485 0.9971281476878555 34.13951484662672 0.029782554531596298 0.99875222591889 -0.04008728810527097 -1.4762818485460663 -0.997563744603817 0.027168162084680144 -0.06425314327681897 87.51116344953371
-0.0671190071179879 0.04664258207070321 0.9966541568775368 35.14192457456252 0.03169296026091652 0.9985023114953242 -0.04459473296696057 -1.5258587749735124 -0.9972414928959765 0.028593766388362845 -0.06849672525261519 87.44283346125944
-0.0700199846282148 0.05076617776380851 0.9962529783884807 36.16790517764476 0.03402295630670896 0.9982446968811665 -0.04847642306090465 -1.5735144186935313 -0.9969652151388317 0.03050115315658457 -0.07162429377873303 87.38329654385039
-0.07228759417026498 0.05381422861057068 0.995930987834059 37.21166527274654 0.034381168638680015 0.9980843481405518 -0.05143509735470841 -1.61890519290338 -0.9967910708729859 0.03052315180152472 -0.07399931237509816 87.28543287832726
-0.07545732154720675 0.057544232475075174 0.9954872444857222 38.26793216153111 0.035317994931467964 0.9978612915512601 -0.0550043821678957 -1.674152740226412 -0.996523372459945 0.031008130103339398 -0.07732828724698426 87.24695564201859
-0.07685995263349366 0.06109372321971578 0.9951683800565261 39.28240641424669 0.03646491436066996 0.9976254047635352 -0.05842826192059293 -1.7355938849508536 -0.9963748580237493 0.03179793630953376 -0.07890521874127665 87.15007335262692
-0.0775343489773801 0.06261551053644727 0.9950214683959911 40.357836145350575 0.039190066457868655 0.9974459089590196 -0.05971429805283589 -1.8104069492894463 -0.9962191342368817 0.03436504824927709 -0.07979022521050538 87.01404599871644
-0.08005150751494239 0.06200122688411956 0.9948605952642056 41.39672825900542 0.039356830699357595 0.9974819826934938 -0.05899774639050739 -1.8696672643198202 -0.9960134517273789 0.0344317014787311 -0.08229010822323857 86.95506737125186
-0.08152277477871173 0.06139284590091644 0.9947788476161754 42.464243690318 0.03829654523385448 0.9975569119754772 -0.058425867499775755 -1.9408624334098181 -0.9959354456065569 0.03333355429797942 -0.08367474136400355 86.8024336742108
-0.08476937197867151 0.06350726413575052 0.9943746683098549 43.665095411370686 0.03757423219599786 0.9974606672382567 -0.060501193273298295 -1.987289801955489 -0.9956918853989035 0.03223421651915514 -0.08694035102398279 86.80287234077183
-0.08870018744088681 0.0651478606004606 0.9939255671362592 44.66579193183151 0.03601363612503614 0.9974160694015968 -0.06216270998374039 -2.0750424661610425 -0.9954071000153681 0.030281029682824173 -0.09081720365846357 86.78222925339469
-0.0911909679811087 0.06740810043433842 0.9935493723788983 45.68471015333489 0.03434319817238357 0.997325785241889 -0.06451219133576226 -2.150558571647496 -0.995241052257171 0.02823873381516518 -0.0932621135003675 86.6984387731533
-0.09363548158936941 0.07049411503918089 0.993107736518234 46.75188087977037 0.033271483718540065 0.9971545761957908 -0.0676443607624438 -2.2494817946734726 -0.9950504534739403 0.02670825558952614 -0.09571449276191535 86.60337814246387
-0.0966265358198839 0.07509423511882737 0.9924838378670794 47.80876887233062 0.02906259360769573 0.9969374879745224 -0.07260172672769455 -2.3236325355187892 -0.9948963153154416 0.02182890109389811 -0.09851304912949455 86.52348229232992
-0.09861174318942978 0.07751929790427867 0.9921020524913604 48.811245909812634 0.026319821076939243 0.9968156643566694 -0.0752714973389651 -2.403037650111298 -0.994777860189711 0.018689294946562927 -0.10033802435159123 86.4160582246179
-0.1027602942650796 0.07646280044098214 0.9917629565935994 49.87065658704724 0.02342094365244946 0.99695071908853 -0.07443603366174044 -2.4782098117610523 -0.9944303803288512 0.015578955599959579 -0.10423778020195673 86.34582974057774
-0.10658280497003325 0.07283781604913048 0.9916323705072931 50.917366943381765 0.020116952875652135 0.9972670622592581 -0.0710894840309584 -2.5380584598500047 -0.9941003037378668 0.01237170505557451 -0.10775679571284247 86.27948327503164
-0.10874105324853778 0.07159525693334966 0.9914885286895891 51.97884943346042 0.020687861874143586 0.9973499929156195 -0.06974958066031707 -2.6183664822521853 -0.9938548162128485 0.012927134866681341 -0.10993404147334718 86.1640149506381
-0.11234240946263352 0.0729717101971677 0.9909865349978428 52.982155570517925 0.020043809958154045 0.9972633875244876 -0.07116165811407922 -2.6830558561010642 -0.9934673767761535 0.011868673644694513 -0.11349760291488242 86.10851509020011
-0.11596676897193015 0.07414792581851716 0.9904815967957319 54.09666113500544 0.019268799293887584 0.9971899554583186 -0.07239410270739326 -2.801354594113107 -0.993066171948266 0.0106900809093478 -0.11706963868641918 86.07964501412275
-0.11637412258194568 0.07716170154011989 0.9902035828094726 55.20767472823936 0.019993433586021365 0.996957575690674 -0.07533826973335205 -2.8710369373947353 -0.9930041924416654 0.011030144532480817 -0.11756279047755269 85.95869083394865
-0.11836655358633474 0.07758295783432471 0.9899344643186089 56.252238882370314 0.01929107264269436 0.9969345187052071 -0.07582492947778718 -2.967574217745058 -0.9927825610416352 0.010121762084464478 -0.1195003616058039 85.89063261322546
-0.12122346115010085 0.07682869232688189 0.9896475253857465 57.27587627290101 0.016079416715343783 0.997021330901692 -0.07543154568954051 -3.042075020682432 -0.9924949998991858 0.006768881913598123 -0.122097737132002 85.85512531943878
-0.12145871531453478 0.07585995945531158 0.9896934106204716 58.277428288837996 0.012905224918473623 0.9971116847703111 -0.07484479450379611 -3.135188829657126 -0.9925125871463528 0.0036816634759770273 -0.1220868940963904 85.75448521696507
-0.12262760275212492 0.07718377644329177 0.9894468837169681 59.36329045008661 0.007768304795209997 0.9970153769146503 -0.07681140303592113 -3.2233557305939033 -0.9924223518663191 -0.0017328732469381748 -0.12286119267870665 85.65925483392144
-0.12335995846405545 0.07697501864903059 0.9893721075266514 60.412511577297614 0.0051012563225737995 0.9970231197184992 -0.07693423120251904 -3.3079296058227374 -0.9923488790902512 -0.0044435628467083 -0.12338539993674069 85.56273096667486
-0.12383997834517069 0.07721525667706863 0.989293416484595 61.49158473419143 0.001748630592273307 0.9969833074225392 -0.0775965657221158 -3.386436769522234 -0.9923006611176473 -0.007879648285886885 -0.12360141216171949 85.42136339225735
-0.12741828204109762 0.07206441601564582 0.9892276286810937 62.63451865974566 0.0026162483475562787 0.9973779640404042 -0.07232117318740068 -3.477531996415895 -0.9918456213777826 -0.0066269744938413375 -0.1272727251329946 85.38685385514188
-0.12789529290229318 0.0636858810344053 0.9897408259793614 63.766726084346004 0.006710375344548567 0.9979689252550235 -0.06334820508955825 -3.5627661424039405 -0.9917649746367192 -0.0014604048086185348 -0.128062884168767 85.23563709622861
-0.11843026271490009 0.05772757667649919 0.9912829060184276 64.91719931016787 0.009213380237665618 0.9983295404633563 -0.05703720069235466 -3.680659090752778 -0.9929196274109381 0.0023781356737278803 -0.11876429586724035 84.88851355627095
-0.11847520855448979 0.06042990820963635 0.991116466996561 66.02789755366693 0.017693178995123175 0.9981164072802682 -0.0587417137558683 -3.7528317099066024 -0.9927993636052638 0.010576564267509612 -0.11932124669679967 84.76092526685647
-0.11876990113250319 0.06594998737869819 0.9907291808308287 67.11646544773555 0.022471728884340764 0.99771471306537 -0.06372105408603367 -3.8314937647468903 -0.9926674830908506 0.014695254255578293 -0.11998048806551753 84.6637150004856
-0.1185691593874536 0.07230961345822125 0.9903093830938267 68.19947315138825 0.025664203863680787 0.9972348409562624 -0.06974253094763368 -3.8955437597916136 -0.992614075601488 0.017146188627821527 -0.12009706546516075 84.53488902593661
-0.11770134255943798 0.07700815806011403 0.9900586535917426 69.29983091056451 0.026376423591182613 0.9968793720465697 -0.07440296947417663 -3.967666500891479 -0.9926986845152179 0.017356877029732265 -0.11936524025666095 84.40930639000716
-0.11793830304014952 0.07353551471544541 0.9902944434619154 70.41473797800262 0.02362481801583131 0.9971798714496865 -0.07123322223026064 -4.064151365760826 -0.9927398574902335 0.014994400658957921 -0.11934296501742314 84.29540666876889
-0.11439336007644019 0.0675669868058977 0.9911351378416535 71.74754109958893 0.02182116925499989 0.9976145915929787 -0.06549017646272552 -4.208406803777657 -0.9931958496403247 0.014136086259850208 -0.11559487584874817 84.13407831217641
-0.11388958424121598 0.0652914752580342 0.9913456439910315 72.89734174815307 0.02017135087539072 0.9977844392259471 -0.06339818169651344 -4.299564409680576 -0.9932886182803191 0.0127763882686683 -0.11495427220239973 84.01044521094728
-0.1129092812597785 0.06653457918916114 0.991375127778341 74.06927597641213 0.017814931275059284 0.9977306471336893 -0.06493214915474758 -4.3725388309031805 -0.9934455810103872 0.010329837477458999 -0.11383835921438834 83.84811311397141
-0.1116752273655528 0.07197880383038385 0.9911345495905182 75.18599224614701 0.01843071792947897 0.9973518296060059 -0.07035365390764425 -4.450517110402383 -0.993573828273197 0.010410561017530455 -0.1127061133649998 83.70664152802019
-0.11006268049750134 0.07463193526296072 0.9911187015693985 76.37594686620298 0.017673415738928045 0.9971661989527256 -0.07312470199797208 -4.538169968988959 -0.9937675063805539 0.009468152146984737 -0.11106978597754491 83.54953024436826
-0.1100122693374026 0.07253774365454133 0.9912797669380441 77.61981687455747 0.01890981887531385 0.9973055868785012 -0.07088007569854245 -4.668347662821736 -0.9937503304881653 0.010947242869158196 -0.11108752642950548 83.41891031645618
-0.10994855440600282 0.06624827433518035 0.9917270196640006 78.782618141666 0.02021748023745599 0.9977188870621307 -0.06440711057291088 -4.753098903411489 -0.9937316382589811 0.012968752720048932 -0.11103712251318432 83.29896839118203
-0.11054343724580518 0.06436438850492031 0.9917849434097445 79.95559529110182 0.01716938882385267 0.9978755414740228 -0.06284596896652275 -4.847458397995016 -0.9937229797933114 0.010081131896441999 -0.11141368951070807 83.18369787170553
-0.11176273438684237 0.06879836959201928 0.99135053111594 81.25373232743524 0.01438945704294969 0.9976080282576839 -0.06761039477643348 -4.92246789631038 -0.9936307335868719 0.0067086732888100836 -0.11248537226821442 83.10245428911323
-0.10895153315685135 0.07321769116758366 0.9913469287403175 82.50963225102598 0.013948446671487598 0.9972981160944782 -0.07212425715289904 -4.984952923607042 -0.9939491960146779 0.005969701373870001 -0.10967843182359327 82.93017335347118
-0.10994693063040173 0.07276404127412572 0.9912704306809577 83.6709389839422 0.013563731344357741 0.9973336767263604 -0.07170468924343593 -5.075316271882368 -0.99384490622882 0.005561615317239756 -0.11064072847776862 82.83085740599061
-0.10991043909567444 0.07009282724232416 0.9914669389076846 84.82090035107724 0.012607813380361557 0.9975284246467929 -0.0691236939366919 -5.155523873833745 -0.9938615287954166 0.004902814586049611 -0.11052250444851852 82.71711835002989
-0.10838490485443453 0.06907248617266526 0.9917064606291632 86.03456295052665 0.013060177279345393 0.9975960622016815 -0.06805533373021402 -5.244106504746295 -0.9940232110816765 0.005575691313702995 -0.10902645319942805 82.56685147411665
-0.10624738122845256 0.0702453373869532 0.9918553758272872 87.24190155884838 0.0153782955309761 0.9974982861819326 -0.06899766003763719 -5.326634187940991 -0.9942208014363096 0.007922224403569393 -0.10706183424470961 82.42140370717776
-0.10832468302397014 0.07132381161487329 0.9915536682119042 88.35082479059164 0.01762340760496614 0.9974039693481138 -0.06981931991230005 -5.380311506150967 -0.9939593445167393 0.009911398758648679 -0.10930043743051288 82.3677314042292
-0.1067097400410566 0.0705382229979887 0.991784951729283 89.56627158521151 0.017746904023816186 0.9974565703898783 -0.0690321489136119 -5.478968187322534 -0.9941318216302805 0.010234709685557722 -0.1076901664021035 82.23046636839622
-0.10544642894010803 0.07063102925446607 0.9919134580850457 90.7785553382123 0.018296817636690645 0.9974433403039874 -0.06907973181471942 -5.577057033855682 -0.9942566454835234 0.010864648621958746 -0.10646916136690909 82.15302502398114
-0.10374771362834267 0.06872203454123858 0.9922266343358279 91.97261815858428 0.01726708731275107 0.9975841921348513 -0.0672876459566685 -5.67594886281736 -0.9944537493582222 0.010151924505676134 -0.10468370845650155 82.01665347764819
-0.10239745821785018 0.0674152980221219 0.9924565170036984 93.2113781116724 0.015175168040831025 0.9976906309352158 -0.06620512985429033 -5.7719894565057945 -0.994627807184907 0.00828145740068695 -0.10318402317153774 81.89793932235058
-0.10111959662130232 0.06601456971341553 0.9926816729267738 94.41621205329605 0.015441229143270147 0.9977800508350241 -0.06478069618491192 -5.870763933227186 -0.9947544398602555 0.00877762731092164 -0.10191446235495927 81.77873986934189
-0.09959982186949179 0.06692851610955079 0.9927741179215639 95.667033310521 0.012518819734393812 0.9977405995504881 -0.06600738717060628 -5.958409435587396 -0.9949488201088653 0.005854036214968918 -0.10021265201545448 81.67260165370473
-0.09730757574156534 0.0690877328604328 0.9928535243788509 96.88824584405403 0.013307893632894797 0.9975888554397485 -0.06811296109749015 -6.054764237030533 -0.9951653810650547 0.006584881974502161 -0.0979923653098893 81.52407768714374
-0.09659760987055566 0.06742672612681187 0.99303702769389 98.18432519611883 0.012017486430519145 0.9977090535285085 -0.0665749542030639 -6.156204763306423 -0.9952509642231894 0.0055028275520567094 -0.09718660968335158 81.4417401352037
-0.09605117514028616 0.06679428865511501 0.9931327679405346 99.42471322916712 0.010310938598051251 0.9977591834254851 -0.06610821760822487 -6.231679402115179 -0.9953229909428385 0.003890359002247795 -0.09652465388405362 81.34119782586707
-0.09564002783233572 0.06830566923260407 0.9930696454060596 100.68986553344904 0.009207100990342774 0.9976608805527855 -0.06773475257203261 -6.305909647554813 -0.9953734044907893 0.0026651388944919164 -0.0960452115781385 81.22793537086552
-0.09698820694518284 0.06826195091184274 0.9929418884160685 101.90733826944297 0.0056832277020880395 0.9976669753671386 -0.06803166310381874 -6.375003408861125 -0.9952693045786377 -0.0009551541731282955 -0.09714987927970342 81.15086846676851
-0.09716804041533478 0.06675530603647413 0.9930267373227274 103.16813674644425 0.004264227005663978 0.997766856893768 -0.06665669998113648 -6.450250461101355 -0.9952588549165933 -0.0022424094870819398 -0.09723571005450737 81.0218058670683
-0.09753570351803442 0.06541851747976621 0.9930796564777632 104.48866025141693 0.0015048773302469684 0.9978458719596954 -0.0655846869110165 -6.550532401647069 -0.9952308887305817 -0.0049023855157131575 -0.09742404596808907 80.90293055234639
-0.09845772183623769 0.06436936461660031 0.9930572299266913 105.75649754284255 4.0437077234212596e-05 0.9979060780539998 -0.06467965482071855 -6.657173029588823 -0.9951412338837443 -0.0063280551308976295 -0.09825416196070003 80.76354312375781
-0.10038711435274972 0.06482571471900005 0.9928343537484483 107.05624747268455 -0.00038417381256608015 0.9978725655561029 -0.06519352207821522 -6.738738625231399 -0.9949483804109688 -0.006926010514850417 -0.10014864300597615 80.64786707465353
-0.10325694636556704 0.06371020144142474 0.9926122169606577 108.29505053777672 -0.00034064333007275023 0.9979442014692832 -0.06408786715093823 -6.825499447367703 -0.994654657149596 -0.006955644192144378 -0.10302296843176384 80.54190861465366
-0.10681445531073841 0.05958050453859372 0.9924922345366726 109.5879649296537 -0.003603012018383441 0.9981732343714429 -0.060309306817836375 -6.9108760524366994 -0.9942724427645906 -0.01001786720710325 -0.10640466106122992 80.42329245247235
-0.10877265227787936 0.059977172318042934 0.992255636878505 110.8651355298524 -0.00352189292476285 0.9981486584030316 -0.06071945321274528 -7.022709161509535 -0.9940604138515237 -0.010099234077891362 -0.10836004376327057 80.24396178879057
-0.11498015441938003 0.06605480711955562 0.9911691715071117 112.12574576966607 -0.008754375807028014 0.9976805755756347 -0.06750429633215553 -7.107740412221717 -0.9933292127960021 -0.01643872183195668 -0.1141351980355172 80.11797812676785
-0.12248855351081867 0.07008758524221818 0.9899920629246189 113.39291790126627 -0.006557908404986833 0.9974244036808073 -0.07142515508795005 -7.191953366235169 -0.9924482596569857 -0.015241041201332477 -0.12171344447890786 79.97764327137745
-0.13065433176496044 0.06594749826440133 0.9892322139233632 114.6415857507867 -0.004594591028136535 0.997734255207047 -0.06712112722327793 -7.301876638058146 -0.9914173366067067 -0.013314783479504197 -0.13005530060923376 79.80454466017186
-0.14073397770537266 0.06427186559786979 0.9879590451085478 115.89507920616717 -0.0015980222968442037 0.9978745576799042 -0.06514455817544748 -7.392203328902072 -0.9900461574310377 -0.010746833380342123 -0.14033214787899717 79.61884048883375
-0.1525223357234573 0.06566431278651107 0.9861161874402714 117.06381747565878 -0.0011929634936839646 0.9977773509523326 -0.06662533125357435 -7.47896821985569 -0.9882993038263075 -0.011338251753291262 -0.15210499697122137 79.4113038494271
