1.0 0.0 0.0 0.0 0.0 1.0 0.0 0.0 0.0 0.0 1.0 0.0
0.9999966723915609 0.0017001130926517566 0.001940314736721452 -0.017978952445976023 -0.0016912428456797002 0.9999881544026373 -0.0045640718710508385 -0.002221691188737973 -0.001948051190878101 0.0045607751401899165 0.9999877021377205 0.9554447273373121
0.9999964622180905 -0.0022700790233857325 0.001386467645034842 0.013070017585157754 0.002276805073196997 0.9999855541230589 -0.004869055745988221 -0.010687968520423745 -0.0013753944749811953 0.004872195236898925 0.9999871849196927 1.8985135709619438
0.9999921043505497 -0.003925681289701917 0.0006166546610094034 0.03117954238586518 0.0039263112027884675 0.9999917680938804 -0.0010236331441327213 -0.001603512184552697 -0.0006126311272846852 0.0010260462399880226 0.9999992859558527 2.9101161106305535
0.9999736893525597 -0.007028917268186071 -0.001793021100682961 0.09358497706619892 0.007039218729784479 0.9999583736692084 0.005805198403689407 -0.017009665243948893 0.0017521422044885688 -0.0058176671328757125 0.999981542203068 3.795703763472361
0.9999257289403095 -0.01164608987944228 -0.0035923799507467853 0.11473822949929373 0.011666290944697951 0.9999159582285824 0.005654567658937705 -0.012957964309432302 0.0035262244375867434 -0.005696057437894896 0.999977560083665 4.713512258801117
0.9998925715247992 -0.014566660564068506 -0.0016302789747863408 0.03410334506745799 0.014571244429149349 0.9998898117206808 0.0028360629343372424 -0.00669503071701901 0.0015887873710484723 -0.002859513453849948 0.9999946494544343 5.801402306386921
0.9998713392953223 -0.015687600225892363 -0.0033472458724924914 0.0434035261387967 0.015684129872396257 0.999876434046227 -0.001060523053473319 0.010473802153187403 0.0033634693285569763 0.0010078879668509175 0.9999938355989612 6.759335989995221
0.9998684789026905 -0.015984672773579116 -0.0027413743162089223 -0.007200580943556926 0.015979091734997928 0.9998702332130005 -0.0020458157063634346 0.021786050860670644 0.002773720271493213 0.002001741966758171 0.9999941497353643 7.72257601541658
0.9998922596785477 -0.013679399455347338 -0.0053238205706752015 0.009573588591316073 0.013685521455313855 0.9999057269738765 0.0011151983409412986 -0.007422068358019057 0.005308063434421789 -0.0011879374497577792 0.9999852065241723 8.68423034716901
0.9998960778349041 -0.013245068957439437 -0.005692247244107064 -0.004694628375543242 0.013271967925576337 0.9999008114323211 0.004714039071557658 -0.020795593264273278 0.005629244865685202 -0.004789096501259234 0.9999726877054912 9.628609065392858
0.9998915595231651 -0.013288729589516428 -0.006346562867372688 -0.021228032454956143 0.013326648268046554 0.9998933726850823 0.005970235036498265 -0.016908538283443658 0.0062665493114293005 -0.006054166032408611 0.9999620379961328 10.60688368494071
0.9998809693198795 -0.013759074784706879 -0.006981049563433206 -0.0262125826011554 0.013812546493724808 0.9998751842196808 0.00767004178723715 -0.036652309578950076 0.006874645539732076 -0.0077655548886165805 0.9999462162566419 11.488463436918263
0.9998721305674149 -0.014385917807780906 -0.006983400561777758 -0.05562431998479999 0.014437477302627656 0.9998684667449664 0.0073897535957565125 -0.019413078345321893 0.006876173624522358 -0.007489631359263103 0.9999483104932914 12.453426124258215
0.9998893546120126 -0.013417992813064591 -0.006421526488428101 -0.09660008342871587 0.013454041569816456 0.9998937871563425 0.005603853280068557 -0.008711880799421373 0.006345651976801715 -0.005689628723865148 0.9999636797534068 13.223846401810277
0.9998793488466179 -0.013848600055967455 -0.007035909788596241 -0.1195615709373255 0.013873890474819496 0.9998974209557207 0.0035584728734418306 0.0008914449990474749 0.006985908184060186 -0.0036556589813830655 0.9999689161390246 14.151799121022536
0.9998694554559703 -0.013546558772776595 -0.008806974031825714 -0.135906331733704 0.013573433381889337 0.9999033794783032 0.0029989354937763526 -0.007016275698373276 0.008765497841477982 -0.0031180848744267586 0.9999567208606115 15.079644788467284
0.9998596814402447 -0.012510185273009285 -0.011140587715528052 -0.1377233884183251 0.01253320041117297 0.999919459268718 0.001998465213122941 0.003444366086689991 0.0111146892743687 -0.002137812009899479 0.9999359446695296 16.004345141057705
0.9998681859129056 -0.011204065267480447 -0.011750732773632474 -0.162692500293154 0.011218028274694297 0.9999364453069847 0.0011230264733814318 0.006285302270931016 0.011737403497513467 -0.0012546984951750462 0.9999303271182561 16.887888103388025
0.9998998974417562 -0.005767187361184063 -0.012920319110082594 -0.1874497939564522 0.005784480491454666 0.99998242282091 0.0013014740361380595 -0.004466346457937289 0.012912586162707572 -0.0013760810890931958 0.9999156822049682 18.002024848936422
0.9998569598867555 -0.007396262304749783 -0.015210360611581649 -0.1835975638909725 0.007421554544640104 0.9999711685335599 0.0016070562428095584 0.006753179277979317 0.01519803586506983 -0.0017197108902250954 0.9998830243084929 18.920643986093836
0.9998514409708529 -0.006590650663891949 -0.015926685541432853 -0.2136013017214346 0.006640962774946137 0.999973118112535 0.0031081611470527137 0.0015120753650674592 0.01590577259773713 -0.0032134679274592034 0.9998683313426565 19.817556020318158
0.9998565736088617 -0.0053116465799307915 -0.01608162372886253 -0.2507294056358959 0.005373115703443335 0.9999784145990206 0.0037815292761871444 0.005750017625608241 0.016061190453519177 -0.0038673953300844954 0.9998635313954483 20.709118894739596
0.9998367643312016 -0.006286740912708872 -0.01693875970694665 -0.28772510405686696 0.006343096079596364 0.99997451836435 0.003275325039016731 0.019590397424344482 0.016917736959718228 -0.003382234569433813 0.9998511642567003 21.602340317438046
0.9997956037253811 -0.0069262258405419375 -0.01899416139255936 -0.27395045196613865 0.006965982344198689 0.9999736813605007 0.0020277268820413402 0.03744831544558554 0.01897961699774512 -0.0021596254151241352 0.9998175384322308 22.407390614795695
0.9997874820010694 -0.006876096975966538 -0.019434765867857782 -0.3122086289525305 0.00692915980771551 0.9999724437873401 0.0026642842067133676 0.036434294512683374 0.019415910442739635 -0.002798384596889096 0.9998075772194005 23.288512140953387
0.9997603969595079 -0.00639419168351867 -0.02093473152637718 -0.32456846727088096 0.006487715856509993 0.9999692630691028 0.004402551532989431 0.0422955760456854 0.020905937298582398 -0.0045373152579316605 0.9997711510920476 24.173139596512485
0.9997430707044845 -0.007722518237942079 -0.021310919511666984 -0.36632618608971607 0.007868662462792192 0.9999460401255337 0.006782402842000896 0.057718199204642814 0.02125739234748095 -0.006948348676425838 0.9997498905832679 25.042640124632584
0.9996844175575024 -0.007684232042455405 -0.023916895087675107 -0.41827624788842915 0.007880915903490883 0.9999358115114063 0.008140271589294819 0.06481286473848662 0.023852808162546826 -0.008326189701362657 0.9996808081121782 26.01947260906232
0.9997038934358486 -0.004932226580620277 -0.02382852471645764 -0.4702958742323421 0.00509840450723596 0.999963071738922 0.0069181955696736444 0.07182033654813348 0.02379352266239713 -0.007037634504368552 0.9996921225957004 26.84246840153735
0.9996766540675421 -0.0037886102600001117 -0.025144258681090985 -0.48403770371582894 0.003889839089237839 0.9999845212890138 0.003978232552498552 0.07635959836134948 0.025128797507712835 -0.004074753327471946 0.9996759174458173 27.661208597759774
0.9996734622923361 -0.0022527256841954595 -0.025453762304324185 -0.519352026503255 0.002320198956894834 0.9999938719405743 0.002621594571745972 0.07387218420874223 0.02544770058873086 -0.0026797963150116317 0.9996725630057356 28.373927574967194
0.9996525337906765 -0.0015341293115807525 -0.0263145992395042 -0.5470148013731541 0.001588518101603603 0.9999966450618419 0.0020460878039055305 0.08166946820516953 0.02631137199237706 -0.0020871780747607612 0.9996516170104278 29.220612135400668
0.9996389313676888 -5.821176965457941e-05 -0.026870122914774742 -0.5865165491115923 8.178025898243139e-05 0.999999612943276 0.0008760281315983452 0.09191752972573546 0.026870061519365187 -0.0008779092709298629 0.9996385492112925 29.98394170414259
0.9996993016683812 0.0014093801202815206 -0.024481010833453193 -0.7262189599126178 -0.0013921181231385412 0.9999987702551653 0.0007221463068813465 0.07096644975857044 0.024481998506705422 -0.0006878486998376814 0.9997000343169364 30.494644996642975
0.9996559895841693 0.0013664394822680158 -0.02619227618280692 -0.7610925961994204 -0.001358531515434438 0.9999990260877047 0.0003197120011435212 0.08228334708817117 0.026192687540928423 -0.0002840189842297558 0.9996568723580106 31.301134610035735
0.9996584534740247 0.001306932226283113 -0.026101117333883466 -0.8200857946097567 -0.001280567043305113 0.9999986529073731 0.001026806450517792 0.09258410794869736 0.02610242413970109 -0.0009930315176905576 0.9996587804558293 31.84594306268847
0.9995938195499107 0.0013399416710801438 -0.028467533682050235 -0.8503183147392354 -0.0012487785595227884 0.9999940364098531 0.003219890811601063 0.09563012559916047 0.028471678379221654 -0.003183033309197331 0.9995895316724874 32.628768806769266
0.9995169197666155 0.0006621260574168412 -0.031072313871694974 -0.8782415515676708 -0.0005263411650358717 0.9999902782566743 0.004377939825657889 0.10071475661302219 0.03107491054267135 -0.004359470291581579 0.9995075512238724 33.39884094959612
0.9992837133243512 0.0003636159393072464 -0.03784082541574183 -0.8176134734967774 -0.0001885956143177775 0.9999892700098111 0.004628638778232517 0.08750333408934063 0.03784210243089344 -0.004618186732233704 0.9992730595962828 34.6341713794068
0.9992323498202536 0.0022665303900821863 -0.03910976748441949 -0.8666867742996315 -0.0021327741994661828 0.999991734946205 0.0034614033993403464 0.09540692691886031 0.03911728961608426 -0.0033753339493607765 0.9992289251086668 35.376087428573626
0.9991208320353779 0.004083827984673747 -0.04172391810371697 -0.868605146949935 -0.003976438131928305 0.9999885654386637 0.0026564886046232376 0.09229476703642261 0.04173428965152075 -0.0024882405259825957 0.9991256466162641 36.0892264352258
0.9990167306730744 0.004004497741182494 -0.044153548363895706 -0.889669812677854 -0.003850534138581036 0.9999862087849329 0.0035715020347394572 0.09960414478920074 0.04416724150464499 -0.003397975541022976 0.9990183724737464 36.79123073254048
0.9990004844977589 0.003963508137724464 -0.04452328128614391 -0.9467342427356678 -0.003734721446966611 0.9999793984179467 0.005220593394918226 0.11403917416856253 0.04454305590051572 -0.005049093277380419 0.9989947061061534 37.52481180603506
0.9989746265503023 0.008234200499167784 -0.044518461909904036 -0.9822313530853055 -0.007981795039809694 0.9999510653582916 0.005844470614196454 0.11401530255457586 0.04456440795776985 -0.00548314061074869 0.9989914657855773 38.220456823593025
0.9990254043814804 0.010992096469567536 -0.042748277341002804 -1.06841618611395 -0.010855955899461351 0.9999352390228946 0.0034155499901931613 0.11151164120983667 0.042783052975781465 -0.0029481477965460153 0.9990800362346558 39.007178790170805
0.9990703615485144 0.012511712982958879 -0.04125372363257407 -1.0948916218780198 -0.01253742693965575 0.9999213368865653 -0.0003646432734823576 0.12282693910334959 0.041245916174253376 0.0008815198331063999 0.9991486362507483 39.6619116662848
0.9991485255961212 0.012195339477409008 -0.03941443256128072 -1.1241188748187552 -0.01229437318624018 0.9999218419378562 -0.0022712119148972747 0.12235917664290241 0.03938365380528393 0.002753853778918237 0.999220368138235 40.33146304188895
0.9992352382467499 0.012756545647889998 -0.03696226709895365 -1.1280672007835835 -0.01282390038256606 0.9999165130202284 -0.001585739084876202 0.13826968216116148 0.03693895267788618 0.0020585268034642354 0.9993154037852415 40.99626035659862
0.9992551183565583 0.018523868307901276 -0.03385372566102682 -1.174822417718605 -0.018509280211813056 0.9998284115712607 0.0007442855166513267 0.1390414407074826 0.0338617038003276 -0.00011712301755870212 0.9994265212100075 41.657103117386384
0.999289801466376 0.02263943994702087 -0.03012222508673612 -1.2071967258308813 -0.022537091312074254 0.9997390380445078 0.0037330048263363932 0.14780218480138838 0.03019887747056149 -0.003051486314480092 0.9995392519710222 42.32092506188966
0.9992801944858487 0.027430193662435074 -0.02620452983676286 -1.2271227591663356 -0.02731653967837005 0.9996158529431312 0.004685424716761483 0.15175753756127083 0.026322985551120965 -0.003966235043175253 0.9996456219137149 42.95946783051788
0.9993068825610334 0.030690775681421024 -0.021067291098326262 -1.219496764119165 -0.030580746556047332 0.9995170280560377 0.005525266156548527 0.13503159779277507 0.021226690891981263 -0.004877183008520103 0.9997627922060701 43.562981750871025
0.99925584482078 0.03531711416041801 -0.015506709479745235 -1.2461964660319096 -0.035208919811659044 0.999354067782255 0.007195774646020595 0.14262436736761774 0.015750827191147208 -0.006644445382434216 0.9998538707172936 44.259373512513065
0.9991826216816829 0.03940448340201057 -0.009020821311808258 -1.2559633617700712 -0.03933028297442866 0.9991921223086051 0.008260239559287024 0.14797985593737212 0.009339024064122946 -0.007898696363711983 0.9999251938146592 44.834257413248146
0.9990809979563717 0.04281225944244654 -0.0020663891049099562 -1.2587388523648817 -0.042795836129196234 0.9990562299132163 0.007427373801935414 0.15888069454220538 0.002382421562869576 -0.007332115180719762 0.9999702816356462 45.37548618724515
0.9989298028349104 0.04600118763624495 0.00481037880651054 -1.2513069669310615 -0.04603591357605973 0.9989125518564689 0.00737620531269012 0.15618922477692346 -0.004465833564375194 -0.007589761501679988 0.9999612251737179 45.89673337306026
0.9987391523872433 0.04894103142394802 0.011175013734705384 -1.2229526301395606 -0.04901855003377385 0.9987749144385032 0.0067714135117527986 0.16777454875407294 -0.010829923425266227 -0.007310658761074283 0.9999146298695114 46.374834830326556
0.9983775711221968 0.05494768784367222 0.014932417111007614 -1.1228718959666586 -0.055017396822535834 0.9984761455801243 0.00429799422173933 0.12950268435155998 -0.014673497436343538 -0.005112563749513279 0.9998792677943137 47.00018600379662
0.9981465991599906 0.05655705663167977 0.02246477087588556 -1.0746247625796088 -0.05657430332968944 0.998398382746061 0.00013241151869370214 0.15417328984470827 -0.022421302105483508 -0.0014030948688380511 0.9997476264221304 47.5577636992137
0.9979373767764333 0.05633129092347743 0.030785998367203072 -1.0736463186096539 -0.05634937619060356 0.9984110722115834 -0.0002805142529214039 0.15488048821967168 -0.030752883368892772 -0.001454836145688046 0.9995259594509232 47.99626036770181
0.9976999954511396 0.05616207514026495 0.03795445155360681 -1.0286712449129811 -0.056241862374812546 0.9984166353346403 0.0010369202807196556 0.15453450866567967 -0.03783612022140349 -0.0031691644001466397 0.9992789322324355 48.47022667674083
0.9972368096628917 0.05832684460840917 0.04600787597144592 -0.9932764272466628 -0.0584847673997129 0.9982861074208548 0.0020927763184695634 0.1557133638147621 -0.045806958375108696 -0.004777753503913493 0.998938884835242 48.89785834500235
0.9965763426855158 0.06153852811558143 0.05521415359243716 -0.9924686377900991 -0.0617376379081166 0.9980905925158748 0.0019060946556360649 0.15441668245777457 -0.054991429014781296 -0.005308360262619218 0.9984727157244881 49.28274448896035
0.9956275443433426 0.06652174748166001 0.06557934169257704 -1.104011354958584 -0.06680606617712123 0.9977636635150492 0.0021497188108846156 0.129581247026173 -0.06528968116619663 -0.006521417101676087 0.9978450424049831 49.44945797857875
0.9949529073261755 0.07000734030242377 0.07188660867624468 -0.9343692160937539 -0.0702916194585217 0.997525461011974 0.0014292888956085642 0.14419294207546965 -0.071608661746253 -0.006475101283329014 0.9974117868895882 49.9032438891725
0.9943118576950452 0.06914546547046284 0.08101132175135395 -0.9006991087355022 -0.06953708609906512 0.9975773229924433 0.0020194821320545205 0.14178929177944552 -0.08067541945276498 -0.007641286285928045 0.9967111354048458 50.176153587059346
0.993524509688534 0.06731026800348179 0.09153347185296556 -0.8648009296386373 -0.06756935005055668 0.9977145436149433 -0.0002690594188393175 0.14570024597675507 -0.09134238655686372 -0.0059175400737963915 0.99580196381488 50.463105646987366
0.9924495176630093 0.06625266384040276 0.10322082844324956 -0.817347723853444 -0.0661457444336293 0.9977999944698821 -0.004462233658645583 0.13850375103610707 -0.10328937691641463 -0.0023990768962122246 0.9946484550062222 50.74454214105999
0.9909223937035117 0.06826783606193636 0.11581153749226948 -0.7567311378259424 -0.06773835588614327 0.9976668589806608 -0.00850609390404685 0.13586148105019707 -0.11612202546780244 0.000583995790092179 0.9932347829945205 51.00763719678658
0.9888191542037668 0.07029166382972117 0.13151335398276776 -0.7267000224511962 -0.06945111438736619 0.9975250048495622 -0.01097303104132682 0.1301867940738486 -0.13195917167859264 0.00171659428241308 0.9912536659775687 51.3045980770957
0.9859898500914861 0.07098480404472748 0.15094758398629757 -0.7913684806988287 -0.06968124569540239 0.9974722595270106 -0.013914577694527764 0.17342514761772743 -0.15155375123996662 0.0032014166882371794 0.9884438332127338 51.7720387985172
0.9837661595096551 0.07179714274814686 0.16446675559767718 -0.6298316331239585 -0.07040683938343233 0.9974162122362679 -0.014275031919119828 0.1371921929398293 -0.16506671491145455 0.0024637088826703814 0.9862793264419984 51.89075156492066
0.9806807840244928 0.07029727919728668 0.18254723329200304 -0.5600646532368119 -0.06856955302436793 0.9975217382595636 -0.015766993932168197 0.14141253261452297 -0.1832032102424645 0.0029452057784404616 0.9830706533712508 52.110204913765045
0.9769921101848037 0.06958660705465684 0.20160387088363463 -0.47892936614989307 -0.06771533909181747 0.9975736001268175 -0.016172358569503126 0.12954938131461283 -0.2022400788378125 0.0021485922463758468 0.9793336173455062 52.33957609600013
0.9730091520043122 0.0694655890318888 0.2200629956542037 -0.36393780027776895 -0.0672381307386354 0.9975816190585061 -0.017605314293810556 0.12865928660919182 -0.2207537630270966 0.0023335074592569028 0.9753267815723682 52.54552131050897
0.9681544750793286 0.0709743950838654 0.24008237675087502 -0.25872637777388297 -0.0681318974166412 0.9974732216155237 -0.020129995388891694 0.1308804245293283 -0.2409044560365748 0.0031316772547477223 0.9705437834839261 52.767558152165485
0.962008594649433 0.0726530301720643 0.2631748487744224 -0.21768052174237407 -0.06927468469051544 0.9973526581737117 -0.02210640845685283 0.11546470663153534 -0.26408423255024643 0.0030352002650011443 0.9644948448165489 53.01447036733735
0.955199284902277 0.07425152415906121 0.28649788355629247 -0.09486901967101234 -0.0705376376632719 0.9972374883295255 -0.023277318211175235 0.10389553419829962 -0.28743480616491723 0.0020255938081693127 0.9577980628371832 53.23976956459205
0.9462540281492011 0.07760574297619045 0.31397557686629757 -0.06119223046354848 -0.07381162567286068 0.99698400621957 -0.02397363672674624 0.07773995250887067 -0.3148891203692823 -0.0004898974280063867 0.9491283379362191 53.533246268294945
0.9363523777568146 0.07989012534725234 0.34185054123280256 0.056652550888745296 -0.07566506113688995 0.9968020467000052 -0.02569977077390812 0.08133235468398693 -0.34281047707488527 -0.0018021006301049702 0.9394028577990428 53.8754434568048
0.9259080121968493 0.07770287254110213 0.36967095713423365 0.2110003578239801 -0.07318300791240219 0.996972793548447 -0.02625826112100594 0.034613299029832435 -0.37059222914488166 -0.0027408982226434925 0.9287916274247743 54.11112651642193
0.9134411644031554 0.07599885813204858 0.39981172160960016 0.3528287600276139 -0.07045958242765223 0.9971057276350606 -0.028558976898292898 0.025311454944058405 -0.40082500722625647 -0.002083621842153683 0.9161522646929878 54.35783752548775
0.8987827549916508 0.07313320213787189 0.4322511932599832 0.48322989957545526 -0.06619268236759786 0.9973219658688973 -0.031103459556458872 0.013342611105914566 -0.4333683054061527 -0.0006566128685477214 0.9012166669169742 54.56837572264694
0.8815745396483214 0.07284083235192076 0.46639097781381833 0.6336806416760099 -0.06369300797666508 0.9973424844666702 -0.035371873186674466 0.0036210095352133035 -0.4677280532304372 0.0014770985509011986 0.8838711933314357 54.79717528603073
0.8618992346052416 0.074041192446101 0.5016449054939739 0.7830836181053171 -0.06205984209138097 0.9972478331368593 -0.04056273293839804 -0.009287477430066877 -0.5032676081236418 0.0038289848522003443 0.8641221288038573 55.024098561489616
0.8402749069680255 0.07624065354128332 0.5367731769262263 0.9322098015352884 -0.06154220657436371 0.9970768390601336 -0.04528061196374122 -0.019115256413233698 -0.5386563259907324 0.005013956267316613 0.8425106662308289 55.22619679353665
0.8155900995432394 0.07972815286767186 0.5731109937589386 1.0930439803586425 -0.06288006992559562 0.996808299200252 -0.04918649663935128 -0.027481635238470643 -0.5752033434649013 0.004078760327582066 0.8180002917976185 55.44108589360915
0.7888197885831818 0.08442916557304937 0.6087980429832401 1.386926451123706 -0.06585439745308995 0.9964281925943098 -0.05285882461167172 -0.03244079539933923 -0.6110863600798785 0.0016040585636527345 0.7915623080468457 55.72823085289453
0.757571724622462 0.0913025574501397 0.6463349944538146 1.5749718763179272 -0.07201527742010948 0.9958154678898609 -0.056261476423945724 -0.07066132973571512 -0.6487672015990429 -0.003923890207621812 0.7609768204189832 55.967915815536884
0.7246165086178706 0.09255964819426311 0.6829082126937717 1.836249067787988 -0.07150445626635997 0.9956889461095167 -0.05908159890669957 -0.09381074109809256 -0.6854327305961538 -0.006019478505165801 0.7281110751156215 56.20627523063807
0.6881926874216286 0.09017730695029444 0.7199019921423949 2.129642559428809 -0.06752078053094851 0.9958998658724644 -0.06020300118514778 -0.11556503869006861 -0.7223792419331331 -0.00717707923878491 0.6914598472490736 56.44485952018802
0.6496832023450259 0.08937840807668884 0.7549326041180028 2.453306198149007 -0.06427865922720039 0.9959667480643567 -0.06259784914886245 -0.12178441184093576 -0.7574826668371136 -0.007857284504660268 0.652807990546644 56.671042682423014
0.6076166552775835 0.08865169804641149 0.7892673036828335 2.7887204498633578 -0.06161410232392856 0.9960176227899709 -0.06444065088615812 -0.1535209510814398 -0.7918369166842998 -0.009474783654687452 0.6106590913517935 56.887206050526146
0.562145715331677 0.08840651891480007 0.8222995087847276 3.143713769728827 -0.05740798999645429 0.9960431792162687 -0.06784031118232646 -0.17229860223000468 -0.8250433427516425 -0.009070421716490435 0.5649966460352494 57.091422126151585
0.5143174065894398 0.0873505045636345 0.8531397861028354 3.520972616857575 -0.0532613431202902 0.9961323626652873 -0.06988236816175616 -0.19496508694812464 -0.8559444109334062 -0.009497652517911204 0.5169806185811161 57.28805120658882
0.46601054804825204 0.08557621947590986 0.8806309554904249 3.8798797216228205 -0.0508479564342367 0.9962569059018738 -0.06990466915226067 -0.21928003676389518 -0.8833168482680661 -0.012201971276640628 0.4686176025959058 57.43022822452473
0.4167498526060962 0.08341893301966168 0.9051855290307388 4.325562023274686 -0.04904244105651068 0.9963934749578542 -0.0692450867327826 -0.2302259351912591 -0.9076973060046041 -0.01553462826311293 0.4193379019319756 57.609267438299966
0.366818982906854 0.08337071430829636 0.9265490584825532 4.760768665539772 -0.05104968062914503 0.9962794638663602 -0.06943457341857923 -0.24714357872398862 -0.9288906092144779 -0.021830113922794842 0.3697102679657063 57.76159709325203
0.3176155725396096 0.08398861473554325 0.9444925942934337 5.253729177204985 -0.04786778266836183 0.9962196932231627 -0.07249136649810146 -0.26646211042896295 -0.9470105719910157 -0.02218637936104214 0.3204352369950868 57.89303235196654
0.27079808044938825 0.0807882120545313 0.9592401495026983 5.729420374497662 -0.03658989341787723 0.9966159027685422 -0.07360653536549626 -0.29285922587706376 -0.9619405279561701 -0.015165986346945942 0.27283770548355146 57.99675673250219
0.2273540152304151 0.07466319967792366 0.9709457031021163 6.232099212401552 -0.022564556132590768 0.9971926521336267 -0.07139786647542717 -0.32464580547114 -0.9735507139153807 -0.005676367197272094 0.22840049538101792 58.06423219873827
0.18561956942270763 0.07394977741349967 0.9798350911596413 6.778330091695144 -0.012931706833409566 0.9972616088152153 -0.0728152081756493 -0.3425280219915864 -0.982536587820374 0.00084498744502524 0.18606756727198426 58.12092768951046
0.14740766581966713 0.07557643679582736 0.9861841523056655 7.308078326168272 -0.008937676578084025 0.9971374656868373 -0.07507990717240498 -0.36575764392282234 -0.9890354381896451 0.002253158866501528 0.14766118406724027 58.16277493587297
0.11544409300817116 0.07648050232261334 0.9903652831930256 7.869074847096099 0.0006708283079711033 0.9970252259270366 -0.07707300989660973 -0.39989402511033356 -0.9933137527382284 0.009561988790121618 0.11504936762744777 58.18967123461419
0.08691080785013061 0.07472361565046984 0.9934097305457396 8.420220409645138 0.007863168569550117 0.9971004573259891 -0.07568915761421999 -0.43221885260563087 -0.9961850641617174 0.01438955400366025 0.08607124186795045 58.204545971901744
0.06172599475568774 0.07359037104089547 0.9953764910130659 9.038545192944323 0.014749647479915076 0.99710201167788 -0.07463260820273564 -0.4510189620568693 -0.9979841428953864 0.019288224334762932 0.060461681512945065 58.23546194551081
0.04318795813527698 0.07268923371309047 0.996419126459498 9.648280794323277 0.019781572140751345 0.9970919518753367 -0.0735957125726183 -0.48375763127048227 -0.9988711076388913 0.02288918538600511 0.04162445815406213 58.19505370362316
0.02698571900371527 0.0746216855108385 0.9968467159104124 10.265700288170615 0.022453731088601582 0.9969130355479575 -0.07523449683993054 -0.5144634471864832 -0.9993836104970172 0.024413185086716298 0.025226879788599388 58.21064516747584
0.013686884667904242 0.0743516648229536 0.9971381544831904 10.907177883046927 0.023393564453760857 0.9969347938201226 -0.07465760519181788 -0.5572057785699651 -0.9996326376875835 0.02434844571804902 0.011905581081156802 58.20656558638197
0.002129698848771455 0.07492287071017273 0.9971870575911826 11.521758879852673 0.023554576683835253 0.9969088916002299 -0.07495227658748284 -0.6028243592934833 -0.9997202840295175 0.023647944793320726 0.00035833921525518786 58.18922091887201
-0.005993653282094558 0.07769519226884981 0.9969591432042946 12.190931231257332 0.028441361581443423 0.9965869670545401 -0.07749520016379519 -0.6496157974051348 -0.9995774932798999 0.02789039611299109 -0.008182953802437165 58.14416273496767
-0.012089267080219734 0.07996953747221122 0.9967239952453959 12.910978459274128 0.033735622664162315 0.9962619906732102 -0.07952329031996644 -0.6743439502286191 -0.9993576724000895 0.03266372630813908 -0.014741899427909821 58.10651993713897
-0.01811869080219841 0.07907142438832904 0.9967042805610978 13.728648098974595 0.033455035657645765 0.9963576627289707 -0.07843576040562257 -0.7697304369053678 -0.99927597471007 0.031923623955674926 -0.020698033741799682 58.139831989407696
-0.021032314211084202 0.07631015624513011 0.9968622782575187 14.439086066124693 0.03141635950345119 0.9966408879132737 -0.0756303701894375 -0.8141495153881123 -0.9992850714958553 0.02972710199944276 -0.02335905161256746 58.096481586967606
-0.023848231502077377 0.06915665383784905 0.9973207202721579 15.131592108631471 0.028658475820594317 0.9972417530084051 -0.06846588800536733 -0.8567529511613603 -0.9993047351123001 0.026948901400150053 -0.02576437648112706 58.096298902094844
-0.024697431786356194 0.06423725093992548 0.9976289953960036 15.901043764081018 0.029425941364615443 0.9975477000528902 -0.06350354394831265 -0.874011532819501 -0.999261802951541 0.027787797877307674 -0.026527107855275123 58.04940930815331
-0.02436870554782522 0.061466682108257 0.9978116120693955 16.600283127092986 0.03210181090953112 0.997641397355717 -0.06067220136488495 -0.9186466354583652 -0.9991874898767759 0.030553056683986907 -0.02628442126075803 57.98236915652548
-0.024482190693178918 0.0639675493502801 0.9976516300638126 17.288749943053922 0.03480831274015103 0.9974001804819856 -0.06309723717157774 -0.9382189515899056 -0.9990940915164331 0.033181811352335354 -0.02664514387897654 57.97916576751299
-0.022309557351532394 0.07134682263010071 0.9972020429939802 17.980128181262046 0.037445420387991965 0.9968100437260633 -0.07048104155594126 -0.9760416727194113 -0.9990496104512255 0.03576824887288603 -0.02491000260582177 57.86789750377929
-0.020328039926144514 0.07878751771463062 0.9966841514969162 18.776647685249362 0.03904213969827238 0.9961923221611819 -0.07795234823206168 -1.035168522965485 -0.9990307713581907 0.03732806343059861 -0.0233266705721058 57.880873498596095
-0.01757729946790554 0.07960127496003631 0.9966717993242074 19.507253609172203 0.04044296704372738 0.9960665992327432 -0.07883968740182573 -1.0740573483995848 -0.9990272293386784 0.03892257593806344 -0.02072747264453967 57.8582499871228
-0.016181682798879438 0.07519967149379823 0.9970371921593604 20.287582266072913 0.03940303692997812 0.9964411091622505 -0.07451521087804013 -1.1319771002627268 -0.9990923650106087 0.038080511797096914 -0.019087189389219494 57.85181910917451
-0.013503699415560622 0.06884861447141476 0.9975357228628262 21.083624596521908 0.03902355872940433 0.9969029327814265 -0.06827667592877733 -1.1827477029018847 -0.9991470422146018 0.03800540615698045 -0.016148595501034757 57.84429225630729
-0.010581447299921054 0.06651190901829764 0.9977295219305587 21.77295917487888 0.03725932011313295 0.9971186993936646 -0.06607603487039558 -1.24111123032622 -0.9992496064736511 0.036475543563164965 -0.013029147478848202 57.81458445852648
-0.006483127674002054 0.07157395068206014 0.9974142262066069 22.519596674532064 0.044493426518894104 0.9964680104229239 -0.07121684632435876 -1.2954221207963488 -0.9989886406021693 0.04391666867536269 -0.009644799649969782 57.7925250083691
-0.0030467386837493837 0.0773675312484819 0.996997985199523 23.275640549040563 0.04567360530982926 0.9959729135440676 -0.0771484106417182 -1.341728984543198 -0.998951770187828 0.04530144142360612 -0.006568123289700134 57.794207792877756
-0.0008064479090272858 0.0777052835020175 0.9969760471333508 23.988345433034446 0.039149470454954545 0.9962145077806098 -0.07761426061320134 -1.4054619373814934 -0.9992330401887574 0.038968492443362285 -0.0038455158073984474 57.81864834548968
0.003976098612142986 0.07388858354785671 0.9972585762284114 24.628617338944935 0.03499697326887453 0.9966452606269097 -0.07398267589062273 -1.4515009095335716 -0.9993795087462242 0.03519519414935292 0.0013768830542781885 57.78857853475295
0.008835568346702627 0.07000371424418504 0.9975076003339569 25.38993288028667 0.03857050043348575 0.9967803294546127 -0.07029431917775528 -1.5139630169637706 -0.9992168179270708 0.03909545759256619 0.0061070424369440435 57.788788968065596
0.012202930869520734 0.07063304167594796 0.9974277226455046 26.146376738953574 0.04333169001573572 0.9965275886153617 -0.07109943578420742 -1.5703404652481863 -0.9989862126769188 0.04408785039051284 0.009099908206672724 57.80243249408825
0.01596549396599034 0.07602261598375877 0.9969782669955289 26.917541787338756 0.042715378844260986 0.9961431876844536 -0.07664297776082644 -1.6055308758376332 -0.9989597086032117 0.043809947373184804 0.012656583209760486 57.79489341810097
0.018611591383147497 0.07608735104701388 0.9969274415306439 27.628040202198157 0.03955409035892008 0.996263547298021 -0.07677511485528457 -1.6778182257074874 -0.9990440844137287 0.040861465169670895 0.015532484093751409 57.83853059892607
0.02311808169354146 0.07584372460925033 0.9968516859273536 28.460071211085392 0.03986189053489201 0.9962553101404372 -0.07672279126808126 -1.7338141228047703 -0.9989377277797628 0.041510076540250754 0.020008237399318674 57.83201451353928
0.026359467304620354 0.07288242764432154 0.9969921415056824 29.230644435719583 0.04390180485222294 0.9962920356191595 -0.07399196775697228 -1.7926996259479566 -0.9986880443933099 0.04572014329047674 0.02306205722315957 57.866780994474105
0.029466450775607167 0.07322665615743437 0.9968799251197156 29.989889404614434 0.047798166966782074 0.9960688577688168 -0.07457992905427212 -1.8459027460756756 -0.9984222871677617 0.049846638915031355 0.02585051402912797 57.89887024775363
0.03259842096461951 0.07475321123194487 0.9966691027422923 30.75338173128304 0.051199852060598544 0.9957648943215521 -0.07636000514510827 -1.8914814554352795 -0.9981562593600195 0.053518526206355596 0.028633009850753566 57.939529785403266
0.03472497823162701 0.0756367019591948 0.9965306142831486 31.576499421007533 0.050268938932056494 0.9957376093556354 -0.07732817787436347 -1.9113125042569694 -0.998131859858936 0.052779755886703 0.030774790057477852 57.97191767523109
0.03533653481876897 0.07236123916982615 0.996752316462224 32.46884051282701 0.0496494116540005 0.9960165013123974 -0.07406797577781284 -2.03772667782192 -0.998141405427815 0.052105471682139956 0.03160307882735769 58.057211291261304
0.03899259717655912 0.07098020444790985 0.9967152993417728 33.222275938680866 0.0515423260225741 0.9960031560690072 -0.07294588219193354 -2.1003297291958845 -0.9979092974782876 0.05421737431036 0.0351782650123772 58.10102602916587
0.041855513988800275 0.07105646892099403 0.9965937458027786 33.96852083122866 0.04841382798527676 0.9961518907689578 -0.0730582765827548 -2.157507091229271 -0.99795000736938 0.0513068098980055 0.038254333735467716 58.1376872734128
0.044998047791358964 0.07274017575220593 0.9963353062731969 34.694929291411604 0.04583153694404211 0.9961450689282678 -0.07479620225147462 -2.215143828500285 -0.9979351912405503 0.04902926148163754 0.04149078936645734 58.19546614468941
0.04751632788725546 0.0736731093329957 0.9961498238444453 35.47296375397324 0.046291640903798024 0.9960423338798898 -0.07587327000687372 -2.25428690313365 -0.9977972151527307 0.049718629107313596 0.04391782500471475 58.23581630640477
0.05046967684468717 0.07309037887805196 0.9960474929613828 36.267195290539775 0.04439362966120208 0.9961685506441792 -0.07534868514433007 -2.3181507954489127 -0.9977384513812712 0.048020987317402834 0.04703155762214295 58.268265968981545
0.05189651370651849 0.07385733901734666 0.9959175896319867 37.03063527721539 0.04252955119882284 0.9961932272653914 -0.07609396313368667 -2.360008517143018 -0.9977464553381968 0.0463049395188125 0.048557835991972165 58.33893899051482
0.0542073101079118 0.0746062507752245 0.9957386579199027 37.817977869531724 0.038357919075159244 0.9963132185713216 -0.07673747809432832 -2.402030905047103 -0.9977926826626301 0.042354195132457646 0.05114571907397025 58.39607208969169
0.05684009802545875 0.07638757891515491 0.9954567499615125 38.59993800511083 0.03572281109685892 0.9962746536216203 -0.07849009694514747 -2.454001885352876 -0.9977439972376654 0.04002189823835818 0.05389956992040046 58.46591400716033
0.060614082010268744 0.07986700601461999 0.9949609009465211 39.38845696585155 0.0351778229095719 0.9960035808329941 -0.08209377408303362 -2.5128486615111596 -0.9975412040800095 0.0399765971302463 0.05756229533723234 58.506927475244346
0.06419552199309408 0.08261284451829486 0.9945119671862327 40.1847719605953 0.035425374240533984 0.9957507851423097 -0.0850024514257788 -2.5621749324236145 -0.9973083664624259 0.04068773536423244 0.06099615049310825 58.562627854760926
0.06600880005530485 0.08529789335362996 0.9941665392200102 40.95107570161493 0.028061809004052644 0.9957867380045226 -0.08730009902475766 -2.6109067313078063 -0.9974243696595142 0.03366068632314549 0.06333707449492709 58.64548237777798
0.07005322496278599 0.08495593766599764 0.9939190280538976 41.76401557549815 0.024961921867300615 0.9959055587417727 -0.08688509955066198 -2.674189479289219 -0.9972308900796266 0.030896710545441353 0.06764573267004459 58.66632029405122
0.07353863703674768 0.08517496418565128 0.9936484762423533 42.57330814039945 0.026875740777472103 0.9958151033732285 -0.08734972496481153 -2.7449821407262904 -0.9969301697814344 0.03312861859086665 0.07094174518449115 58.732828551381935
0.07734634641644289 0.08646999354532524 0.9932474429427438 43.36352495825406 0.025140466352100953 0.9957459397599236 -0.08864525031396475 -2.8083146861214114 -0.9966872627096358 0.03182709015756858 0.07484341443624487 58.791194896298435
0.07971499882067412 0.08802659053411876 0.9929233798848522 44.078134395969784 0.02225499546286062 0.9956878052055405 -0.09005836852798207 -2.8439487706801194 -0.996569231985399 0.02927650805530555 0.07741222084477128 58.90860416501588
0.08375553918935452 0.08545807407491499 0.992815152599167 44.89938301639363 0.02112068364733531 0.9959398198636819 -0.08750881059736888 -2.9215292905910992 -0.9962624786557858 0.02829828237372968 0.0816105436651845 58.98354333576779
0.09015159294455555 0.08519026160168129 0.992277838923049 45.74418748120354 0.022035204195168332 0.995920344887902 -0.08750495079959515 -2.9948819306134213 -0.9956842572149247 0.0297537555041282 0.08790662072770272 59.00756638239223
0.09512931085644383 0.08854333588901483 0.9915192846766137 46.53678515495493 0.017805456562614192 0.9957256961052481 -0.0906272797358284 -3.063130680716249 -0.9953056716067559 0.026275764220367263 0.09314614475146421 59.08656053777673
0.10009280592803216 0.09365106046757135 0.9905609062923658 47.40367088855017 0.017389548472916707 0.9952437886212249 -0.09585095103742504 -3.166404370409345 -0.9948261324499683 0.026819397535553718 0.09798819373000289 59.173052150244615
0.10807674989629701 0.09881091448450355 0.9892198033352291 48.219178241248734 0.01555491543304272 0.9947583599568143 -0.10106359335537211 -3.2299710942700552 -0.9940208552830891 0.026309855088260257 0.10597325505763511 59.24858170681856
0.1154508632646738 0.10251571495895195 0.9880089201813398 49.06757314646465 0.010664433751512731 0.9944747689315949 -0.10443277173000046 -3.29602533786787 -0.9932559428587386 0.022593409324528732 0.11371969851742092 59.34722128403329
0.12249114236506131 0.1003422872524145 0.9873840921500896 49.88011393185049 0.008199952784076266 0.9947396204378044 -0.10210704336916117 -3.375695602589601 -0.9924357313279494 0.02060371132118618 0.12102399044549816 59.463369849694494
0.13066764699555633 0.09846900944437495 0.9865241103022715 50.72465021954301 0.008441923832085658 0.9949089089363095 -0.10042408496558816 -3.458979195130433 -0.9913902863911155 0.021450340281823084 0.12917113822807347 59.56956775620661
0.13804637489716998 0.09516667088666207 0.9858430418327757 51.55221351252272 0.007646726011498289 0.9952408988776511 -0.0971446384650746 -3.532154034456522 -0.9903962469431391 0.020948936812037026 0.136661684781764 59.68955556470089
0.1453947803290434 0.08972694518101754 0.9852966219172539 52.39754288912442 0.006101907306668451 0.9957788481115524 -0.09158194353064711 -3.602744609418147 -0.9893549032477122 0.019327725218257923 0.14423354137508193 59.823100144822746
0.15175458716588608 0.08283090499272006 0.984941412700369 53.2455732324923 0.0029047543869211855 0.996440793319085 -0.08424552101794082 -3.672761564381121 -0.9884139353914752 0.015645657152054345 0.15097385779073547 59.98004292415732
0.15962768323136955 0.08032792606192941 0.9839036675614006 54.076931689143045 0.0023424105413113105 0.9966502282684507 -0.08174861225305885 -3.737303805780202 -0.9871745113499648 0.015354047903866037 0.15890480594973933 60.122969131366226
0.16621797676547767 0.08254204842784961 0.9826283094035738 54.88129992782939 0.0022307098337512824 0.9964564289758945 -0.08408096744356515 -3.799263239894319 -0.9860865114854928 0.01616772692566235 0.16544484420020011 60.276376964498276
