1.0 0.0 0.0 0.0 0.0 1.0 0.0 0.0 0.0 0.0 1.0 0.0
0.9999998849266974 0.00016017597196066544 0.0004522059816789112 -0.021001148352092765 -0.00016088615705736367 0.9999987532078393 0.001570890961029739 -0.017452156651328574 -0.0004519537988855111 -0.0015709635339447188 0.9999986639047768 1.3719946502410945
0.9999997899600662 0.00020916922467470575 -0.0006134558329515758 -0.008226301264734653 -0.00020895692732347552 0.9999999182718975 0.00034611154401125143 0.0034220288944699227 0.0006135281786983064 -0.00034598328546810343 0.9999997519393393 2.768771141359558
0.9999999240560955 -0.0003829249832693069 7.250007126442063e-05 -0.027939331580663782 0.0003830190952450679 0.9999990783141218 -0.0013025618140493826 0.0018316545373988338 -7.200122098127668e-05 0.0013025894840394537 0.999999149037868 4.099229745656224
0.9999994345539776 4.2702969513015794e-05 0.00106257620030865 -0.06771429732608159 -4.114875254481814e-05 0.9999989294562982 -0.0014626664137118728 -0.007344049691511975 -0.0010626375229736635 0.0014626218629678405 0.999998365768055 5.497000390128613
0.99999937890279 -0.000834485170569425 0.0007388020941788906 -0.06670026585583319 0.0008348484606443161 0.9999995306998809 -0.0004915567777797516 -0.02882624357265013 -0.0007383915506174297 0.0004921732602662544 0.9999996062716224 6.8481573477469295
0.9999969511506736 -0.002411347819061432 0.0005320630159721996 -0.06036277362131021 0.0024109907628774873 0.9999968686357845 0.0006707027410740253 -0.04264196313837679 -0.0005336786474810384 -0.0006694178971856471 0.9999996335333229 8.139125903901475
0.9999977247908002 -0.0016106555454926917 0.0013986428910921483 -0.09021534648421413 0.0016094721405877825 0.9999983462436353 0.0008468231357795226 -0.054120495755543334 -0.0014000045184572598 -0.0008445701323118895 0.9999986633434266 9.496859660732262
0.9999997574643991 -0.000317043274644042 0.0006201247496007364 -0.08529305399010241 0.0003173400116827846 0.9999998351799188 -0.0004784719974190479 -0.09008343379790144 -0.0006199729510628376 0.00047866867176783756 0.9999996932548743 10.893764040989156
0.999995743095058 0.0029154726603286235 0.0001175199113057883 -0.0811636567173893 -0.0029152365288496744 0.9999938264815647 -0.0019617325860614033 -0.12164358043584099 -0.00012323856351598712 0.001961381636813957 0.9999980688953011 12.27792235453764
0.9999743099824544 0.006989142593870684 0.001590993688479664 -0.11416581575943284 -0.006984105398316313 0.9999706497440328 -0.0031499082974120584 -0.14903299049591362 -0.0016129621506558941 0.003138715708604233 0.9999937733890152 13.621465721702016
0.999972240475824 0.007404337238379752 0.0008331073287431552 -0.13222940197534033 -0.007401502007282281 0.99996697590894 -0.003356316368505943 -0.17123268093703575 -0.0008579311144019802 0.003350056953194595 0.9999940205184296 15.058764965437922
0.9999511528159744 0.009704797869254985 0.0018732005554104284 -0.15678210037333973 -0.009697822631875422 0.9999461387620238 -0.003697541226302454 -0.17284705414185375 -0.0019089835527240388 0.0036791946450854297 0.9999914096173822 16.347280618793103
0.9999742827612625 0.006855643399541838 0.002105699331999911 -0.15234394640475124 -0.006854407542422885 0.9999763321072823 -0.0005935676108359186 -0.19254395397430107 -0.0021097187824074344 0.000579119024532629 0.9999976068510437 17.707118088756847
0.9999844045850055 0.004769548630480604 0.002905510735419287 -0.16529804990996644 -0.004770294481390233 0.9999885908736429 0.00024982615334675053 -0.20220458101000885 -0.0029042860280926214 -0.0002636823990310033 0.9999957477880891 19.0775470552539
0.9999963861747581 0.001899688475239889 0.0019023199313220876 -0.1586645679762837 -0.0018970608050312746 0.9999972454059624 -0.0013821507838918004 -0.23298959125269877 -0.0019049403471181501 0.0013785369724600685 0.9999972354152232 20.320849303756752
0.9999922782476715 0.002302597538265529 0.0031845705532178663 -0.18857678925840624 -0.0022905779863751233 0.9999902594943446 -0.0037728197573834847 -0.25258681700216995 -0.0031932268193760535 0.0037654961173984786 0.9999878120964625 21.662990807369876
0.9999824230179547 0.004656864890801901 0.003669777177026405 -0.21528252697875933 -0.004637229866924696 0.9999749849444117 -0.005340934804408826 -0.26986130141061365 -0.0036945573891210386 0.005323823326563399 0.9999790033550134 22.971066880239356
0.9999667848736055 0.006931034194903519 0.004288346363528468 -0.21346591356691053 -0.006917684811220242 0.9999712052493998 -0.003119985403088208 -0.2888566253541284 -0.004309847607180847 0.0030902163438744626 0.9999859377894026 24.336209665411708
0.9999568688984845 0.0077153179469564475 0.005170513680139773 -0.23275904906250128 -0.007719403427147227 0.9999699079949078 0.0007706590585334896 -0.3191486447665961 -0.005164412209350494 -0.0008105391001819848 0.9999863358430949 25.712997733200798
0.999971452270855 0.005753303407733812 0.0048983816935395845 -0.20488784684558028 -0.005762129478118688 0.9999817973751901 0.0017896318508920331 -0.3308666781191272 -0.004887996235109116 -0.001817805870518106 0.999986401444851 27.109148608149106
0.9999796634729179 0.0013983530986336665 0.006222318635481708 -0.29842115424733856 -0.0014017977408098711 0.9999988666333416 0.0005492678092335063 -0.3680376586928111 -0.006221543512970207 -0.0005579790712396459 0.9999804903375227 28.390477643103445
0.9999878625562975 0.0013239089612077386 0.004745735469875731 -0.28590905560587404 -0.0013161794223051422 0.9999978029586901 -0.0016314869049710076 -0.4852470418451662 -0.004747884983432443 0.0016252208635213928 0.9999874080433857 29.86315591462102
0.9999858469007534 -0.0012801326739848762 0.0051640351005768845 -0.30816355613318713 0.0012989334176415753 0.9999925352033189 -0.0036389984357700343 -0.5042040924964812 -0.005159338151306596 0.003645654670426028 0.9999800450168316 31.27127711317
0.9999848467725345 0.00122276913246953 0.00536759359111168 -0.3112476053063325 -0.0011994377349697398 0.9999898290111566 -0.004347783729390218 -0.5174948953778185 -0.005372855333116101 0.004341279752135235 0.9999761425732532 32.67620429179961
0.999958786345217 0.003994414105950345 0.008152929961125854 -0.4186011568017577 -0.003937677014357422 0.9999680028334612 -0.006963333180998682 -0.5295071268327758 -0.008180483526750722 0.006930942591681229 0.9999425192100091 33.98693022548815
0.9999553475908612 0.005044025666746227 0.007991284597172533 -0.411541297067335 -0.004991715054944742 0.999966073608243 -0.006552435678757741 -0.5491765304528323 -0.008024064135464005 0.006512252881086904 0.9999466010528576 35.38162630961341
0.999941753672657 0.0040667948016329235 0.009997521797559424 -0.511423839230059 -0.004010252030686052 0.9999758885378619 -0.005669234654165104 -0.5535392131728246 -0.010020336356711922 0.0056288118599771625 0.9999339524870346 36.69002206859268
0.9999751854696869 0.0018936134066977017 0.006785475158847113 -0.4195624005455013 -0.001864175507635671 0.9999888355711559 -0.004342071247747755 -0.5210940201003436 -0.0067936216072201 0.004329314184690363 0.9999675513456164 38.12451241002969
0.9999555758044176 0.004979531146838648 0.00800316732383802 -0.4405273075615982 -0.004942978294626737 0.9999772922436934 -0.004580607225021366 -0.52079571519214 -0.008025794866213177 0.004540844252860118 0.999957482771261 39.49431349049221
0.9999450242375812 0.007563798731253032 0.007262055580623113 -0.43760355967243925 -0.007521513393277292 0.9999547031365156 -0.005832539021532859 -0.5271610122083387 -0.007305842783533916 0.005777596724940932 0.9999566210777877 41.00976324820374
0.9999450126977123 0.008469599296898325 0.0061836452616455765 -0.38064431546103195 -0.008431863707952288 0.9999458254754024 -0.006103260499634604 -0.49109025201349854 -0.00623500243643974 0.006050785243740049 0.9999622556589582 42.424163539455044
0.999938992242827 0.009963460952713289 0.004768777436965997 -0.3529897609501707 -0.009931662989678637 0.9999285950318071 -0.006645818834102371 -0.507161726451409 -0.0048346522790171775 0.006598051497223995 0.9999665453672842 43.89355416510942
0.9999525282511681 0.008268407156137138 0.0051550642282252165 -0.3993081941148556 -0.008234348529053286 0.9999443596548364 -0.006593413287616401 -0.5294576794563187 -0.005209294424282915 0.006550651691212005 0.9999649754936527 45.27406297777782
0.9999662928218958 0.00627658336918976 0.005293176857447203 -0.5990704138222495 -0.006248721558757038 0.9999666216800486 -0.0052639343339015215 -0.6317435045158466 -0.005326039702793169 0.0052306813131859555 0.9999721362488477 46.623065898159105
0.9999671023089565 0.0065401558380157624 0.004797985144155038 -0.6289826759082814 -0.006512307576292491 0.9999619915971725 -0.005797000176654146 -0.6281515490504725 -0.004835716064951242 0.005765563513728136 0.9999716866629317 47.98638699614927
0.99997336815291 0.006752174489464697 0.0027696795100763806 -0.6085570278084574 -0.006734278582660918 0.9999567118503445 -0.006420585442018817 -0.5888332547522779 -0.002812912529004278 0.0064017626565635545 0.9999755521801487 49.40646193611312
0.9999731267151065 0.006902359026057887 0.0024704832500756146 -0.6718934080264841 -0.006884813324720604 0.9999515068676944 -0.007041538078508655 -0.6012735665748615 -0.0025189666725180344 0.0070243400332511636 0.9999721563393653 50.6125018550225
0.9999841551648941 0.005453454155366818 0.0013961579166595357 -0.6713766843696881 -0.005444699807569643 0.9999659623000051 -0.00619915199282025 -0.6338069879975078 -0.0014299171858502193 0.006191452107538954 0.9999798104250114 52.05045077249077
0.9999900199940405 0.004453213608601366 0.0003588883874771576 -0.7062030989629394 -0.004451198202558062 0.9999753322823439 -0.005433383971102368 -0.6507300375627387 -0.0003830755539606149 0.005431732262552698 0.9999851746589786 53.43395022294466
0.9999962675651407 0.0026599637318573776 -0.0006240582767376297 -0.7263820037372896 -0.0026626422914962033 0.9999870748780328 -0.004331329230520088 -0.6770637474669267 0.0006125290320443712 0.004332974708075881 0.9999904250233419 54.83987927327828
0.9999953675443204 0.003019819617674464 -0.00038154865532930276 -0.7306337380364695 -0.003021585644108152 0.9999843143945311 -0.004716034891189384 -0.7186112045832639 0.00036730109582557713 0.004717165926306238 0.9999888066551189 56.26934592474323
0.9999985713027243 0.0015612342411789187 -0.0006480278962739331 -0.7710036938290247 -0.0015645505363958679 0.9999855201175013 -0.005148954937604741 -0.7501483205828012 0.0006399797881512634 0.005149961453699564 0.9999865340707824 57.60984456191106
0.9999982821921936 0.001540021985026653 0.001031477070805582 -0.8343509242084295 -0.001535999809272284 0.9999912583884573 -0.0038889396055490993 -0.8355776347006628 -0.0010374571065247002 0.00388734857651426 0.9999919060691426 58.57530689832417
0.9999998125525742 -0.00047272506925814215 0.00038913471356813955 -0.8315849726270683 0.00047403361776849587 0.9999942108041355 -0.0033695178206164917 -0.846504094082043 -0.00038753960524594755 0.003369701651945122 0.9999942474453697 59.93639579836359
0.9999995369710283 -0.0006626055803028219 0.0006978621453674077 -0.8416955175403469 0.0006643880997132386 0.9999965098306407 -0.0025571302255293703 -0.8836571117402966 -0.0006961653409533341 0.002557592692808614 0.9999964870305474 61.29306610053815
0.9999986226284844 0.00047688805775342175 0.0015897543566200218 -0.9386676408210906 -0.0004758981416319925 0.99999969269276 -0.000623005091759475 -1.0957370594578133 -0.0015900509717651778 0.0006222476725060407 0.9999985422718082 62.74565060019604
0.9999932383187871 -0.0030355567497958365 0.002075743703903907 -0.9633540419061939 0.00303835844893978 0.9999944757376688 -0.001347913973794555 -1.0825568708139421 -0.002071640567589858 0.001354211713050552 0.9999969372033071 64.16535693550611
0.9999915829641322 -0.002537165097802759 0.0032244060159455764 -0.9984886616644795 0.0025448728958159654 0.9999939090761851 -0.0023886047129276643 -1.0670294943841412 -0.0032183260918240975 0.0023967903114312074 0.9999919488542743 65.54430743409183
0.9999888781031119 -0.0003386025745210315 0.004704149059732965 -1.0401713886903865 0.000352880847332204 0.9999953328651067 -0.003034752561917237 -1.057951171955199 -0.004703099529804245 0.003036378813818338 0.9999843305064894 66.91286464569603
0.9999810725845918 0.001151835979574648 0.006043818862731945 -1.1485160422451692 -0.0011376665565953465 0.9999965977948915 -0.002347363083967025 -1.0136678436887916 -0.006046502077677774 0.0023404428038565706 0.9999789808491509 68.11443654434751
0.999956409161626 0.005588772914982015 0.007479665359605942 -1.1738234074725231 -0.005573680238834806 0.9999823918911701 -0.0020371539483872046 -1.0099294340174472 -0.007490918847654675 0.0019953758841307644 0.9999699518535039 69.4938843219024
0.9999288237120021 0.008419244259736428 0.008453628571603724 -1.180895706266905 -0.008417505386785219 0.9999645430709749 -0.0002412548854503249 -1.0468712441373262 -0.008455360015704917 0.00017007924978376142 0.9999642383405787 70.79518736314664
0.9999002370882991 0.01089168281724623 0.008993726489710065 -1.1618453276768557 -0.01089288610628871 0.9999406671590151 8.481662114314727e-05 -1.082285354210535 -0.008992269070631267 -0.00018277579791358488 0.9999595520269653 72.17354119893726
0.9998070202496633 0.015059834725090157 0.012614421807693241 -1.270919774526216 -0.015050907333166262 0.9998864067574946 -0.0008023528117001128 -1.1065758643797563 -0.01262507219535319 0.0006123394801657664 0.9999201131052536 73.07040278638253
0.9997422020095642 0.017089701631658887 0.014948967161937277 -1.3135288923962214 -0.017078450408177046 0.999853765384341 -0.0008799877332321034 -1.1351273802648731 -0.014961819833270308 0.0006244556798342551 0.999887870714702 74.3900463680881
0.9996679912636235 0.018962947393752757 0.017444594265668745 -1.447990440231671 -0.018949184751322984 0.9998199930306064 -0.0009539043654374352 -1.1353741132791386 -0.01745954295542314 0.0006230268212024157 0.9998473764517102 75.72396664008103
0.9998365553135645 0.01035405631508895 0.014820802155398272 -1.4256494710466525 -0.010367733422862476 0.999945895481298 0.0008462941436778289 -1.2091991275810146 -0.014811237705808106 -0.0009998139472570382 0.9998898077336786 77.2010018883842
0.9998450733205024 0.008212513899732531 0.0155686856274337 -1.4863865379229448 -0.008198060969713719 0.9999659033566797 -0.0009919276164684387 -1.1655049963034607 -0.01557630100685067 0.0008641409064245102 0.9998783086493265 78.58364010559957
0.9998546536890043 0.009024995187829211 0.014464472278690842 -1.5349213297170137 -0.008989383566560464 0.9999564063848824 -0.0025251362191364536 -1.1573091414186878 -0.014486631062279766 0.0023947425105012078 0.9998921955534875 80.27003838854728
0.9998814551442322 0.0036801548552713712 0.014950990565644381 -1.5365629201947615 -0.003655816723565815 0.9999919481797643 -0.0016548654698027067 -1.101352854159481 -0.014956960344149516 0.0016000112126705163 0.9998868582501637 81.4151754673931
0.9998921428567982 0.003018100269785001 0.014373368568358491 -1.514544677064123 -0.0029847845762205664 0.9999928105947515 -0.002338764597603116 -1.1045690590657 -0.014380323858450058 0.0022956109363238266 0.9998939626061131 82.82404206867285
0.9998822228763689 0.0008137509320060727 0.01532573604209834 -1.6452776606808068 -0.0007896904853292693 0.9999984464255819 -0.0015759236529814865 -1.116741227595745 -0.01532699464176827 0.0015636354572934631 0.9998813120962947 84.16255996648833
0.999872279674917 0.0033192759564720973 0.015633513514542886 -1.7262563232650934 -0.0033008873158264307 0.9999938297836541 -0.0012018891580874765 -1.1310906916654115 -0.015637406454167037 0.0011501311859515363 0.9998770668025356 85.52781965997401
0.9998987207014042 0.00032862005240323784 0.014228153378302496 -1.7165626697485727 -0.00031388098914152004 0.999999411883206 -0.0010381290704733154 -1.1216447393605957 -0.014228486160516085 0.0010335579826331672 0.9998982357917612 86.84221881259151
0.9999277859159279 -0.0026406837350705175 0.011723896224450303 -1.675785501595141 0.0026406101060412043 0.9999965133463083 2.175992647285481e-05 -1.1561962474797922 -0.011723912808368165 9.199883752766688e-06 0.9999312725301794 88.29289059297322
0.9999247079920969 -0.0042100899440020625 0.01152620881223525 -1.6853992132908981 0.0042091522067373936 0.9999911359023588 0.0001056144442091128 -1.1700937600600956 -0.01152655128910441 -5.7090925028208726e-05 0.9999335654712297 89.56862095438603
0.9999226717415057 -0.005740620563902046 0.011031582518851816 -1.6691530354155844 0.005748513036864085 0.9999832433209475 -0.0006838678116603922 -1.1845106425396552 -0.011027471840541496 0.0007472301252803378 0.9999389163903692 90.90274514092492
0.9999290397890926 -0.006960808113592741 0.009667602436432497 -1.648689014186553 0.006984469710752174 0.9999726899027822 -0.0024159121370114505 -1.1703474555716766 -0.009650521712465058 0.0024832637797695314 0.9999503491832369 92.44698506565909
0.9999270081260534 -0.007739829345214822 0.009277578444097795 -1.6386398240976345 0.007764913340333001 0.9999662860199185 -0.0026707572610801004 -1.2021223166407666 -0.009256594454579672 0.0027426019101293186 0.9999533957109531 93.82141099065929
0.9999199343489247 -0.006602920265746963 0.010794736476925625 -1.67946680268975 0.006631297046580728 0.9999746453958495 -0.0025950847626260514 -1.247438554323149 -0.010777327642884868 0.0026664600895929904 0.9999383677004641 95.06106965777155
0.9999079940674238 -0.005607370076149931 0.012351550545979762 -1.7571485480929212 0.005659620172614946 0.9999751667224311 -0.00419936161192495 -1.241733217676945 -0.012327696441855007 0.004268880330376721 0.9999148986594621 96.3225567299104
0.99990862313237 -0.01061068183376799 0.008376085992319688 -1.7341315436924363 0.010617600475197268 0.9999433259410864 -0.0007819629322660854 -1.398617511662974 -0.008367314125648617 0.0008708254135550787 0.9999646142326346 97.57277292964335
0.9998917893296903 -0.01159389839361227 0.009054896526687516 -1.7760143452166193 0.011580620244183212 0.9999317909413544 0.0015174648514565017 -1.4400547948623168 -0.009071872234022962 -0.0014124393275418124 0.9999578521864387 98.87820971196275
0.9998873557271973 -0.01193366415578949 0.009102940002547593 -1.7836799065266755 0.011915905406645949 0.9999269976706839 0.00200263017850381 -1.3969283027418706 -0.009126174182702295 -0.001893934821690929 0.9999565620344106 100.17153287136635
0.9998774306495929 -0.012404120798745784 0.009553086662364855 -1.7978139698747357 0.012404943930910664 0.9999230553606571 -2.691243738735726e-05 -1.4057411496340269 -0.009552017778432665 0.0001454146431611553 0.9999543678643251 101.5521457680084
0.9998750639818298 -0.012941649472640827 0.009075799483185008 -1.7445979335024948 0.012973234451201252 0.9999099613129748 -0.0034299351246615474 -1.3974342091623961 -0.00903059329201857 0.0035472490767519405 0.9999529315966735 102.80109917559349
0.999869437582477 -0.01376293615949657 0.008466957940760338 -1.7123299611247285 0.013798963468217516 0.9998959207573502 -0.0042114439345070235 -1.4244399341467389 -0.008408114872180399 0.004327729321517158 0.9999552861819452 104.20950289071938
0.9998112141584021 -0.01578965334363591 0.011323554671104474 -1.8086773965807983 0.015817985608932453 0.9998719668191276 -0.002416878260258355 -1.4817887738340418 -0.011283943210477902 0.002595537812691443 0.9999329656577413 105.43667055304957
0.9997667288516376 -0.01845094065857137 0.011227228959541062 -1.79352262841011 0.01845720151978906 0.9998295481431367 -0.0004542817945656682 -1.5009012308943586 -0.01121693333108368 0.0006613990511448308 0.9999368694862397 106.79900406198955
0.9996922480119822 -0.02191736532301943 0.011620600761005628 -1.7814354595236652 0.02191687723983888 0.9997597820517625 0.00016936311934799068 -1.5029636209271318 -0.011621521277492528 8.537628282082415e-05 0.9999324641965012 108.02265099880766
0.999653621459731 -0.02277332954963889 0.01319138217429199 -1.7851083404913055 0.022786710674455795 0.9997399750295877 -0.0008649534542734278 -1.5275677309667381 -0.013168254215473156 0.0011652420619603012 0.9999126158279301 109.32421905143349
0.9997041364614502 -0.019683278255246548 0.014290139922083115 -1.775971833373023 0.019738036604024387 0.999798335872443 -0.0037010130656047603 -1.5429905755980502 -0.01421441004348646 0.003981977375641658 0.9998910412656449 110.64367825413908
0.9997976317833467 -0.015223911167317168 0.01315020947289939 -1.6869726682367396 0.015270873454803303 0.9998773436996652 -0.0034782150636473363 -1.7553909989829188 -0.013095644479707024 0.0036783263682325716 0.9999074827256719 111.7982867205223
0.9998295314184945 -0.011512336712514799 0.014435172561882223 -1.6788156084623458 0.011563568324633558 0.9999271165787598 -0.0034706509603970466 -1.7891494991179102 -0.014394165174652016 0.003636981427648128 0.9998897841137391 113.1439881502829
0.9997718529552964 -0.012028211200304896 0.017651180517294557 -1.7534998819601095 0.012062774089998536 0.9999255252716724 -0.0018529412898725603 -1.784872519906166 -0.01762757838124452 0.0020654407497951743 0.999842488812574 114.50166711171254
0.9997495639301649 -0.011622520197701509 0.019123975677123865 -1.7502653203191907 0.011620212862282129 0.9999324561860082 0.00023177327725893337 -1.8098422428759429 -0.019125377760464173 -9.490564728998506e-06 0.9998170931902738 115.86075232738565
0.9997113818059115 -0.01400755797413082 0.019517720341180517 -1.7236011564363516 0.013969440306579496 0.9999002426124886 0.0020879561795000686 -1.8623924275516084 -0.019545020471620895 -0.0018147019281315718 0.9998073309551575 117.23835632126048
0.9996950009147076 -0.014623934721522076 0.019900896447227107 -1.6824658620551418 0.014600315325926455 0.9998925229938853 0.0013316355755027447 -1.8789034936259197 -0.01991823131018697 -0.0010406700644721484 0.9998010707472216 118.57533692294776
0.9996699865895302 -0.011200451886616147 0.023118559419307204 -1.7384065424841828 0.011204267600576433 0.999937229592807 -3.5521777476615946e-05 -1.8830847545588223 -0.02311671039795918 0.0002945365810874297 0.9997327297575984 119.84516633020068
0.9996519368930181 -0.009321224542859708 0.02468035330093576 -1.718495679002219 0.009336924020129355 0.9999562742748015 -0.0005209494220625283 -1.9023381652429372 -0.024674418248051003 0.0007512066823488906 0.9996952579524625 121.19497637606648
0.9996015643937761 -0.007342512103963174 0.027254357037337994 -1.7560041854384063 0.0073828917035902416 0.9999717921299706 -0.0013812510517495357 -1.9505065227303304 -0.027243446397410866 0.0015819166786070335 0.9996275767344623 122.51299720520825
0.9995940718628631 -0.006258868661036675 0.027794209103788454 -1.710161394174964 0.0063450673970395395 0.9999753270314143 -0.0030142077139663085 -1.9404196605631616 -0.027774657807941572 0.003189340292254982 0.9996091218532132 123.76996809192161
0.9995699236953116 -0.0064951251635703006 0.028596870333279876 -1.6722360217472745 0.0065980825629160635 0.9999720812879499 -0.0035074137393112112 -1.9741272721589342 -0.028573290854254255 0.003694589795271181 0.9995848723625237 125.12896415576799
0.9995376082961199 -0.007375468355259452 0.029498679092681203 -1.638920447885686 0.007443361161821705 0.9999698944106208 -0.0021924066745711663 -2.0133362176312386 -0.029481620991511047 0.0024109622461968186 0.9995624149020211 126.49228577420399
0.9996271527259218 -0.0025461189905936336 0.02718589360591791 -1.5043051945224621 0.0025333590215021263 0.9999966641373568 0.0005037918485316298 -2.1891377314811744 -0.02718708563150386 -0.0004347323822900528 0.9996302683405606 128.05022301941904
0.9996460033194768 -0.002576082372373153 0.026480782598088684 -1.4417622687244689 0.0025814057378829493 0.9999966542480522 -0.00016684459244178148 -2.187302936539224 -0.02648026419454521 0.00023514317415223093 0.9996493086657314 129.4459069815906
0.9996895036634504 -0.004049829294135755 0.024586483030568672 -1.320908533669855 0.0040375381017943475 0.9999916981124548 0.0005495382111593052 -2.24058020849531 -0.02458850445229722 -0.0004500987195329051 0.9996975556936918 130.79429737855148
0.9996893451813105 -0.005174984898099098 0.024380989772099092 -1.3055498179712117 0.005141413783593049 0.9999857468611574 0.0014394230924414425 -2.2759877827469257 -0.02438809125923211 -0.0013136231718497312 0.9997017032089591 132.11721309674607
0.9996772097507327 -0.007940487655934388 0.024133482151888132 -1.2975383501265267 0.007926576335149578 0.9999683583735713 0.0006720411207020811 -2.2952694428305263 -0.02413805486348467 -0.00048052830387130066 0.9997085192194556 133.45791360265983
0.9997070538933901 -0.009414789915687836 0.022297267246053645 -1.2603522476764233 0.009411142333258026 0.9999556781663202 0.0002685198646204598 -2.3187087339796166 -0.022298807048396842 -5.8598447076268784e-05 0.9997513489715532 134.83436675732455
0.9997310467242877 -0.010533680901908472 0.020660972441219793 -1.218512422213892 0.01053224093941712 0.9999445184781424 0.0001785113723902516 -2.317359910303112 -0.020661706520859816 3.914297862168863e-05 0.9997865233896049 136.23729970166974
0.9997246444436849 -0.012772173638282334 0.019685194245964276 -1.2166431187337523 0.012762837906612364 0.9999183717635246 0.0005998152644226993 -2.346762150510229 -0.0196912483229814 -0.00034841115863545755 0.9998060478658585 137.55999260141044
0.9997085019227954 -0.015736631158235356 0.01831036927726925 -1.2408549215254663 0.015696770464213132 0.9998741097249211 0.002318641582955127 -2.4037590809460294 -0.01834455178722325 -0.0020305520397316933 0.9998296626316604 138.80650401435298
0.9997384364780388 -0.014608192260543827 0.017597140316691007 -1.244120711197649 0.014592335540925653 0.9998929965533779 0.0010291680948821135 -2.407911001132348 -0.017610291647424885 -0.0007721155259886203 0.9998446286627274 140.10718477565854
0.9997898981498872 -0.01303694042938346 0.01581764020576471 -1.1879531313938667 0.013038643353077263 0.9999149932664072 -4.533440094233172e-06 -2.40675649755716 -0.015816236497649225 0.00021077305694034367 0.9998748932930404 141.55048677390567
0.9997425082661671 -0.016808211148902862 0.015244710677699105 -1.2578019169274286 0.016835234768148622 0.9998569224585051 -0.001646050457398559 -2.440186890904396 -0.015214862338324836 0.0019022748962438734 0.9998824377466807 142.85614789405034
0.9996301802748123 -0.023087368849714334 0.014369275672189883 -1.2812935731466455 0.023121287630706484 0.9997302491714761 -0.0021988519359659154 -2.4482631024768753 -0.01431463384248047 0.0025302749130088433 0.9998943389012762 144.1490812130973
0.9994406812988685 -0.029725432539292603 0.015320679658732878 -1.3424919284570012 0.029729956527949623 0.9995579648623244 -6.756577874758738e-05 -2.4409995338907344 -0.01531189895799252 0.0005230111281767477 0.9998826292168796 145.25823294021967
0.9992865710031584 -0.03493116097682717 0.014358377539279349 -1.3436828498200357 0.03492435139857379 0.9993896959345463 0.0007248029001439678 -2.4436211003829604 -0.014374932769875207 -0.000222828782042829 0.9998966504870368 146.60821161195608
0.9992434358888544 -0.036388600587302485 0.013726819745837218 -1.3445738100273048 0.03644574975990021 0.9993278804939536 -0.003936317047831719 -2.432245729443877 -0.01357435661369152 0.00443362320907928 0.9998980347154225 147.9002356045
0.9992330758536305 -0.03569350070939914 0.016100749274514204 -1.4247288819114592 0.035803728431284536 0.9993369771212427 -0.006610536180644064 -2.472890457641743 -0.01585412093152674 0.007181933255391587 0.9998485218692897 149.16066567262416
0.9993843910681471 -0.03163133492029211 0.015175557337671794 -1.3731494903551105 0.03177036480695527 0.9994545878577976 -0.009009480009012163 -2.498133277605126 -0.014882298524812399 0.009486066685413965 0.9998442537362798 150.5256526431301
0.9994107186393955 -0.030799199656043094 0.015153374846362085 -1.3412994386315822 0.030945048983496308 0.9994760690364303 -0.009486377964953595 -2.5302576345626044 -0.014853262675122204 0.009949709746125154 0.9998401791605855 151.8897806595963
0.999304714566173 -0.03408814053535386 0.015102520341367347 -1.3165447290311427 0.03417471231084194 0.9994006755457905 -0.00551169276074291 -2.569240185570853 -0.014905585674190673 0.006023984848885503 0.9998707592095339 153.24621577190823
0.9990467548793092 -0.04010169856019671 0.017246313742612106 -1.3858926541092709 0.04015648522256506 0.9991893610231313 -0.0028420965424212283 -2.583012765643486 -0.01711836030966189 0.003531938670708557 0.9998472319057221 154.43842887108698
0.9989205730351112 -0.04247190677538336 0.018810260552909262 -1.4102681615906971 0.04251826430260267 0.9990935426872927 -0.0020712704431919155 -2.599368765442059 -0.018705239049507296 0.0028688142878133737 0.9998209259345809 155.73282403906026
0.9988006981462593 -0.045296185493879856 0.018585504089183566 -1.4213169260335197 0.04533584704878751 0.9989703245470554 -0.0017180357155225975 -2.6213767069440017 -0.01848854658738691 0.0025585648428160194 0.9998257985224381 157.00622294683268
0.9987033499229336 -0.045946363322495055 0.02192146323007616 -1.5166388833234636 0.04592739986826672 0.9989438435185686 0.0013680050036339337 -2.6327183837815955 -0.021961165589527213 -0.00035943537237533084 0.9997587599076901 158.22094722169385
0.9989227066632531 -0.04049816449639923 0.022656671975002828 -1.4950407014347078 0.04052378180060961 0.9991783478672172 -0.0006725042118217902 -2.623107696301118 -0.02261082088595793 0.0015899137589584617 0.9997430784722153 159.63182981966895
0.9990153554869771 -0.03559311629235492 0.02648489331350409 -1.5911236127213055 0.03566216234716546 0.9993616134587209 -0.0021390937114785505 -2.6710302060517863 -0.026391848702832635 0.003081496029686241 0.9996469250211626 160.68883794609172
0.9991368034094427 -0.03072459042240375 0.02795796158764423 -1.5907451136073514 0.030832925231897925 0.9995185913150136 -0.003452004822545376 -2.681989413310638 -0.027838440947812553 0.004311050803020076 0.9996031392740665 162.0208496505897
0.9991492370022643 -0.02888007181019796 0.02944051035615349 -1.6338657269701893 0.02896849499545855 0.999576992163986 -0.002581285357467863 -2.704137129089559 -0.029353509083090305 0.0034319365723151107 0.9995632012613672 163.25042508964253
0.999222928161164 -0.02567319128575839 0.029906973872897893 -1.628231920700471 0.02578936838047871 0.9996612532186971 -0.00350532334598084 -2.724666041453466 -0.02980685014498014 0.0042738814242761795 0.9995465399980162 164.5821268601725
0.9992593350802506 -0.024337701942584243 0.029807004531310837 -1.6226931685277914 0.024511499817192788 0.9996845321913241 -0.0054792767885139025 -2.734900492647166 -0.02966424837556838 0.006205832866531343 0.9995406545042304 165.95002910697238
0.9994301378553276 -0.01796724038871763 0.028575825785003835 -1.579611662352056 0.018261663626255035 0.999782471043023 -0.010075824368675738 -2.74944896393096 -0.028388574956879572 0.010591924656119868 0.9995408445601394 167.36786412148595
0.9995085121930185 -0.01221657384459603 0.02887021609198688 -1.564533335491079 0.01253192670211744 0.9998634961418177 -0.010767539003602127 -2.8056196349806695 -0.02873473276074169 0.01112404632140973 0.9995251726327896 168.7381644598737
0.9996072006597668 -0.009758776073343465 0.026271860967486942 -1.4871914642328108 0.009980061749563438 0.9999157090283655 -0.0083050108835634 -2.8644019317767366 -0.026188599745299967 0.008563943475499172 0.9996203359853825 170.1555599428503
0.9996270368758123 -0.006239756060111341 0.026586699516744333 -1.4717225970717351 0.006433432685552189 0.999953345353198 -0.007205418851695298 -2.865606909404608 -0.026540499067723242 0.0073737752378412675 0.9996205426800602 171.49252080037047
0.9996639521015482 -0.0050758624651535585 0.02542082785725693 -1.4104210213312005 0.005215291001777401 0.9999717035190113 -0.005421522023693022 -2.883609898609218 -0.02539258963714068 0.005552277147392235 0.9996621372293732 172.94207551573908
0.9996372753792768 -0.00804760913805624 0.025701238480994197 -1.4342085908274893 0.008164700675755214 0.9999567480133871 -0.004454185151832416 -2.9131706974214033 -0.025664281310241 0.004662412428406106 0.999659745400992 174.1601761821014
0.9996439728937778 -0.009564008844924763 0.024908978139584315 -1.4348942889225966 0.00968248256553235 0.9999423582817312 -0.004640004885564587 -2.9444973711791493 -0.024863165295517995 0.004879533664614074 0.9996789550464207 175.45357702603974
0.9996848146535029 -0.008680764249062445 0.023556648387318274 -1.414390761227354 0.00889445391088065 0.9999201052821338 -0.008981744941476895 -2.9844536230671923 -0.023476797925159325 0.00918843755046119 0.9996821557748055 176.67415341221144
0.9997293849033 -0.005054851290745874 0.022706946939159593 -1.4142518188388755 0.005368320916813286 0.9998908424315096 -0.013765331530339958 -3.01477117373569 -0.02263488660019019 0.013883504602027228 0.9996473929384111 178.02584394118358
0.9997682204968211 0.00012816234780531894 0.02152879139738584 -1.4077818986426738 0.00018344383697632387 0.9998952679946401 -0.014471329941836879 -3.069133691173827 -0.02152839132351103 0.014471925108272022 0.9996634892556007 179.42590883767
0.9997576685173619 0.003901061499426876 0.021665316981441897 -1.3609982379441405 -0.0036088732572868458 0.999902233812357 -0.01350921355488436 -3.1082559216489 -0.021715899118883036 0.013427752464069362 0.9996740044580644 180.59595092847482
0.9997021066638739 0.006259407125723768 0.023590628525899042 -1.413677897755404 -0.006037929320142166 0.9999371378869251 -0.009447946021737413 -3.1547933264231984 -0.02364828410979305 0.00930269299392035 0.9996770571348146 181.83003103766325
0.9997122853008938 0.004319308892423107 0.02359428297609493 -1.4631032158265924 -0.004162530156490811 0.9999689591238043 -0.006689852879662918 -3.212783176594346 -0.023622446129910275 0.006589716196245808 0.9996992326091345 183.30389792584666
0.9997048625781841 0.001886652428484799 0.02422041040420403 -1.4785233853782591 -0.001760008692078418 0.9999846747778288 -0.005249055046748551 -3.2501079603984113 -0.024229942363484705 0.005204877721337979 0.9996928624037326 184.65641787258923
0.9997090096551847 0.0008847126632096501 0.024106291663242636 -1.4630531079127862 -0.0007799764854087277 0.9999902178900049 -0.004353821422927885 -3.2952744474523343 -0.02410990773379223 0.00433375216228303 0.9996999204467628 186.03121341269826
0.9997051002102251 0.0014540109408303643 0.024240430397328785 -1.4161277200348479 -0.0013257977123288598 0.999985052353373 -0.0053044632384327845 -3.261390352860391 -0.024247780807525033 0.005270761046172257 0.999692084696035 187.14404284525466
0.9996778739733642 -0.001263591946899266 0.0253486020026042 -1.4483696727177822 0.0014043502189880679 0.9999836908526515 -0.005535867517490236 -3.3128412723164944 -0.025341193510904858 0.005569682585256243 0.9996633446052438 188.47526868701425
0.9996475334876176 -0.002975034029704345 0.02638101523150027 -1.3357570257660847 0.003076875296966562 0.9999879676719314 -0.0038206478203450223 -3.2799546401272477 -0.026369331249189183 0.0039004722640074456 0.9996446592092554 188.8697639417144
0.9995901016794712 -0.002194185052828852 0.028544950102923447 -1.3408449783727885 0.0023486782693848576 0.9999827701718501 -0.005379876375877216 -3.186318358983611 -0.02853265383400861 0.0054447140775935035 0.9995780323485515 190.13226332325127
0.9995865565684225 -0.004931943007926327 0.028326522304200213 -1.297266657712572 0.005096705132543215 0.9999704957527913 -0.005747279418015118 -3.217771284183832 -0.02829734129694331 0.005889275174705217 0.9995822011787929 191.56537754202694
0.9995782350329001 -0.0032383358659247487 0.028859404521435476 -1.2642565056791888 0.0035342161897186294 0.9999416577453076 -0.010207370939201786 -3.2616505831507894 -0.0288246659032974 0.010305061202418734 0.9995313623639719 193.01684015400292
0.9995782232702765 0.004455495664668049 0.028697109997687858 -1.2179507053641656 -0.004006186217497743 0.9998687927713369 -0.015695467943970462 -3.286454316450996 -0.028763275818793715 0.01557388199427482 0.999464920927093 194.48245959622608
0.999451645129869 0.013353242383421187 0.030300164439292336 -1.2141938078632835 -0.012900070616370076 0.9998027303031729 -0.01510260429242356 -3.349820938878098 -0.030495855870777216 0.01470344844485365 0.9994267413765445 195.85125951099042
0.9992795153925875 0.021476021206616604 0.03129266095889401 -1.1862946604212934 -0.021094274795779612 0.9996996110445032 -0.012478751873046166 -3.367731647969835 -0.03155125492901151 0.011809665135043843 0.9994323639555619 197.30208259617999
0.9992790081913102 0.023083202523669372 0.030143482702610046 -1.0803717667903363 -0.022763553377214456 0.9996814027464125 -0.010904753119985412 -3.392815281204023 -0.03038559569654667 0.010210718104834114 0.9994860963564974 198.72060395872
0.99933602409729 0.020564888822169936 0.030076507263184844 -1.0589018873081437 -0.020268110577290364 0.9997431663996886 -0.010139276638462386 -3.4310042069168847 -0.030277295702346853 0.00952295042811463 0.9994961724689576 200.16156983326232
0.9995112755462069 0.01481627015612092 0.027526136573362323 -0.9936370191431243 -0.014568311159940771 0.9998516711406948 -0.009186948737578509 -3.487838299395737 -0.027658169967329716 0.008781449528442942 0.9995788672127066 201.62284319132587
0.9995199807099718 0.011574678978796684 0.028737344485450074 -1.2357553981482519 -0.011369336588032967 0.999908729870671 -0.007298637816018631 -3.629415110908451 -0.028819201014005237 0.006968409786974678 0.9995603508132739 202.9539750772468
0.9994825961326357 0.013640427085338499 0.029128659030174264 -1.2433068449798572 -0.013394641708411526 0.9998731621199574 -0.008616452039020665 -3.6488815731820434 -0.029242496498586967 0.008221825902257047 0.9995385325125605 204.26576201944184
0.9994861865915744 0.014888179971980515 0.028384941602095162 -1.211498742910056 -0.014652822010778173 0.9998566674370767 -0.008481709069724973 -3.6817677116507936 -0.02850715032676695 0.008061431556796752 0.9995610815260377 205.70758771988434
0.9994866475876909 0.015098967039992181 0.028257078551122593 -1.1644280044640987 -0.014899561261061598 0.9998626807525786 -0.00725415139730997 -3.73526699449125 -0.028362728503212722 0.006829409388259824 0.9995743668178274 207.18770881199447
0.9994986873588974 0.014436803824212344 0.028177165634293233 -1.1456670877088606 -0.014211939141219477 0.9998656725421402 -0.008164414106351098 -3.753544174636099 -0.028291248712056905 0.007759869019185752 0.9995696022184336 208.66107912229947
0.9995035549555606 0.013317083303926596 0.02855343978355068 -1.1815057227880612 -0.013039288652752487 0.999866042104277 -0.009893169267646582 -3.727452199654409 -0.028681362984118716 0.009515941309423155 0.9995433088557838 209.92404528611456
0.9995300873417707 0.011671284306545945 0.02834405795203016 -1.1571800816289735 -0.01138280676995684 0.9998819801385032 -0.010317824593573815 -3.7571346378035044 -0.028461135054493075 0.009990341182447486 0.9995449749133194 211.38203599249556
0.9994372507612999 0.013081774612154963 0.030887683041811432 -1.232243797550422 -0.012708117493816572 0.9998440519621749 -0.012262769084640914 -3.7408399031246353 -0.03104328494953427 0.01186334391546707 0.9994476352119132 212.78125434096435
0.9993965225685887 0.014980523572128096 0.031339664824584515 -1.2204355375520153 -0.014569283586383213 0.9998052776733611 -0.013309497070614993 -3.7708958188256414 -0.03153294552673331 0.01284486862517787 0.9994201732486743 214.2621908235448
0.999424581343733 0.01398954557968572 0.030899819099436558 -1.1994844252081667 -0.013567065812486219 0.9998121744956968 -0.013840175411678353 -3.7932018738303808 -0.03108763309008385 0.013412991637224491 0.9994266610032955 215.61061232711538
0.9995028450726514 0.011405170327667514 0.02939361803984428 -1.1344779376226723 -0.011042418409270996 0.9998612212888252 -0.012474099506318257 -3.845688299488338 -0.029531808060969778 0.012143321317326197 0.9994900760187838 216.88773459768652
0.9994930091548908 0.01409619297136779 0.028548590056523177 -1.0808491326973668 -0.01374103765551233 0.9998262145175703 -0.01259859704948796 -3.9554826329662505 -0.0287212209812056 0.01219992242514418 0.9995130080985286 218.56993483432242
