1.0 0.0 0.0 0.0 0.0 1.0 0.0 0.0 0.0 0.0 1.0 0.0
0.9999974008006404 -0.0016507231307434243 -0.001572738092980673 -0.0001988910605657914 0.001649488076865356 0.9999983304886189 -0.0007862627165237863 -0.011888641097853586 0.0015740333693295343 0.0007836664601378334 0.999998454141721 0.5767446470089038
0.9999946785067922 -0.002080333977803155 -0.0025129999279876673 -0.0159577776246931 0.0020743046910368917 0.9999949698959825 -0.0023994671870589904 -0.02026817125172856 0.0025179789804544964 0.002394241690771452 0.9999939636760715 1.1412626497895695
0.9999858820868625 -0.002396247916501978 -0.004742744235393473 -0.010977551148961864 0.00237824269704329 0.9999899580950838 -0.003798377372815978 -0.03028453828473225 0.0047517984630725185 0.003787044350812396 0.9999815391828247 1.7127359423498865
0.9999731891923634 -0.0037731131567051803 -0.006275708211851273 -0.02490468273311565 0.003737055591579154 0.999976500548458 -0.0057474138849725725 -0.03715451894988509 0.006297246379096677 0.0057238071217002775 0.9999637907044807 2.250368501179862
0.9999488726557162 -0.005987367492736174 -0.008148834583500927 -0.015983588244711442 0.005923141033539156 0.9999513852488746 -0.00788311734998158 -0.043857325703851716 0.008195637550498392 0.00783444761062974 0.999935724412213 2.840138206550575
0.9999278616300341 -0.007164298386562789 -0.00964076576915441 -0.026125645717124356 0.007080480141798881 0.9999370831707014 -0.008700373614474673 -0.0598041239049984 0.009702491275388877 0.0086314847331238 0.9999156760119089 3.422571276981644
0.9999112477662578 -0.007055987434916313 -0.011300868632262418 -0.022037888014553548 0.00696258157613953 0.9999414513729633 -0.008283494668748665 -0.072286437974514 0.011358655216219565 0.008204076270360258 0.9999018322236585 4.018075764635755
0.9998988157152588 -0.007683720498052833 -0.011971581788993962 -0.04101504383030322 0.007587436297072418 0.9999386712724917 -0.008067496776680646 -0.09919040584707661 0.012032835977467538 0.007975846858590463 0.9998957929330574 4.580405078392829
0.9998886679112825 -0.007040308386721062 -0.01315620919645117 -0.06694870312072541 0.0068974067205935345 0.9999170667865641 -0.010875905915586273 -0.12441810687340245 0.013231687841376563 0.010783951352534859 0.9998543038013561 5.158504990914416
0.9998844750101168 -0.005158090714768709 -0.014297927609323448 -0.08657469718279406 0.004948766682853419 0.9998806255877454 -0.014637085863573783 -0.14320269031802388 0.014371720219302797 0.014564637806590603 0.9997906405760663 5.769562773192759
0.9998770589796834 -0.003323657097671341 -0.015323845132210797 -0.10595813125316782 0.003041251096747393 0.9998257893621754 -0.018415800771879227 -0.15697707112526757 0.015382383362321145 0.01836693305372766 0.9997129778352857 6.389794701998347
0.9998607766479336 -0.0012012172244281174 -0.016642848258960844 -0.1236874983160089 0.000890349500685027 0.999825236854796 -0.018673591674282137 -0.17162942912893708 0.01666237074241504 0.01865617392261678 0.9996871073369964 7.007345168226452
0.9998370218196384 0.0006908343149905167 -0.0180403034005827 -0.13267673462181942 -0.000903161536866292 0.9999303925851043 -0.011764109989184387 -0.19109771799947398 0.018030920610833195 0.01177848600408958 0.9997680496842142 7.648468432410526
0.9998220305466721 0.002164225872249494 -0.01874095408199184 -0.1545781444853509 -0.002190296107640231 0.9999966619284868 -0.0013706694876996336 -0.20444076674409842 0.018737925084979307 0.0014114737891794656 0.9998234333647378 8.326989738559586
0.9998046791370603 0.0023111535929597974 -0.01962809579938274 -0.17513437972900237 -0.0022028832372111805 0.9999822502803762 0.0055359217514415904 -0.22149718543983712 0.019640541771631742 -0.005491602067213096 0.9997920240858357 9.017863251457724
0.9997745481024594 0.004114364545740742 -0.02083086582232903 -0.2070346437522818 -0.004015169351819611 0.9999804117163963 0.004801520444899709 -0.23649169237849313 0.020850212986905734 -0.004716798478982645 0.9997714841054977 9.670034861589093
0.9997390855772986 0.006484837095037577 -0.0219022294965077 -0.22663423329587593 -0.006555373591676025 0.9999735511335082 -0.003150255626886443 -0.2295569085555318 0.02188122131281579 0.0032930109765984266 0.9997551541415366 10.369806503835123
0.999731603986223 0.0057822932243671325 -0.0224340160515527 -0.2744173945699693 -0.005978922760442736 0.999944213165785 -0.008707642556045597 -0.24709093233120658 0.02238241438626642 0.008839436708672923 0.9997104040095386 11.10638737055508
0.9997097806053505 0.0031050065598240886 -0.02388961063444427 -0.2768955211650159 -0.0032828154711040144 0.9999671767967572 -0.007407324193362936 -0.2376937304099393 0.02386582671068789 0.00748359962760897 0.9996871600916104 11.831223588630865
0.9996994493308267 0.0015624294969546033 -0.024465686618383525 -0.31110402840765344 -0.0015179431704673602 0.9999971610379162 0.0018367810536339937 -0.23772473132291808 0.024468487002124506 -0.0017990914859460294 0.9996989829011791 12.624076264046316
0.9996768224150229 0.00040593139789759785 -0.025418220746207296 -0.297235171920075 -0.00016863804268422514 0.9999563949618415 0.009337008949773174 -0.2531419637030778 0.025420902568816902 -0.00932970495877472 0.9996332999245118 13.409996552967646
0.9996596592601917 0.0012553861319783918 -0.02605742990889727 -0.30254314792863574 -0.0009492261542893089 0.9999304161762927 0.011758476738673628 -0.2606903462874758 0.02607037816191915 -0.011729740456018283 0.9995912907640447 14.184900138422915
0.9996708005738835 -0.0022270097323624626 -0.025560338566280125 -0.33782020788512795 0.0025007372387856695 0.9999398176321853 0.010682107796426834 -0.2515121642217449 0.025535011126558274 -0.010742510943159202 0.9996162071842386 14.963187664219843
0.9996908980618443 -0.0018823920622859844 -0.02479042017447731 -0.368010527877889 0.002096885140789562 0.999960570028533 0.008629105452920614 -0.26724869067480594 0.02477319932930797 -0.008678420843398357 0.9996554274382025 15.732605377127538
0.9997071586640127 0.002177554084508424 -0.02410093720450501 -0.4069357735602501 -0.0020632269511585014 0.9999865067834823 0.0047675303372238225 -0.26433309847694897 0.024110993560499873 -0.004716408504081997 0.9996981621871415 16.563085616412575
0.999748326070872 -0.00026981121973295623 -0.022432381068335193 -0.4351184124963792 0.00025926439516712503 0.9999998544944416 -0.0004730677213215356 -0.27800857140024016 0.02243250544327797 0.00046713274479952667 0.9997482505543763 17.38892432772231
0.999752178569975 -0.003907563559116324 -0.021916030471328483 -0.4656284570070178 0.0037589878958109143 0.9999697027663432 -0.006816418369670263 -0.28518579750521056 0.021942002064257476 0.006732347021856296 0.9997365773287429 18.28311684438793
0.9997352655031004 -0.0052395853844032884 -0.02240414368916815 -0.4326100019907339 0.004943182543298964 0.9998998000052299 -0.013264799125689215 -0.2692483968963363 0.022471400841713673 0.013150539703784343 0.9996609922617318 19.141907875835628
0.9997361863433261 -0.0037853175406857573 -0.02265455995641083 -0.4680438855462848 0.003461866085804687 0.9998917601578539 -0.014299771034278324 -0.27345163826277485 0.0227062370045411 0.014217571506590244 0.9996410793187466 20.08036294848096
0.9997290810470416 -0.0017592883691458375 -0.023209252751258323 -0.43942676799635 0.0014448924020367938 0.9999070696691333 -0.013555969593999472 -0.295400057492111 0.0232309447673602 0.013518762151953486 0.9996387178751606 20.886232284731708
0.9997250835721421 0.0007550210001772351 -0.023434743863820443 -0.47486854321909605 -0.0011061473216971824 0.9998872744162585 -0.014973807081984352 -0.3266828316100335 0.02342079662983906 0.014995612815589563 0.9996132241429725 21.852182267504947
0.9997241805141157 0.0022221630770735004 -0.023380010407155222 -0.5030873814827406 -0.0026171381039555575 0.9998541532704852 -0.01687669327521851 -0.3477611866061366 0.023339097744442032 0.016933227070463356 0.9995841897196331 22.79665295700577
0.9997097121062052 0.005998676259073242 -0.023334682420532306 -0.5310520731425161 -0.006407800103903243 0.9998263687051113 -0.01749778671087429 -0.37712587211287574 0.023225667231678963 0.017642231295662756 0.9995745695327356 23.778977024622044
0.9996905666854736 0.007454129492312831 -0.02373197913340667 -0.5564923058696937 -0.007869052401867603 0.9998169700188114 -0.017438591591633034 -0.4055109748745614 0.023597645949824726 0.01761994369783697 0.9995662502754441 24.71699629947945
0.9996712590608929 0.008892251944574606 -0.02404790350453313 -0.58841708231767 -0.009318797580451758 0.9998002012796818 -0.017683821214947704 -0.4336397805878982 0.023885849770600463 0.01790210536394748 0.9995543911184995 25.70064071231941
0.999679696048302 0.007497206850173399 -0.024172240239998786 -0.630698084539613 -0.00793192151871985 0.9998076270074956 -0.017938606374560028 -0.4546401485545382 0.024033100711214367 0.018124592880565615 0.9995468519299725 26.68462270552637
0.9996453734626373 0.010134059093777672 -0.024625762141064798 -0.6496828803068668 -0.010543456796885951 0.9998074116356533 -0.01655219493564088 -0.48743129184627787 0.024453278584203746 0.01680596574728981 0.9995597014094677 27.677682943567437
0.9996312120323887 0.010156139315656282 -0.025185169541983597 -0.6913071179596535 -0.010525075047409694 0.9998386031275233 -0.014559893243062286 -0.5188370100554383 0.025033232430189102 0.014819599529135655 0.9995767688096259 28.685511037618927
0.9996104005147848 0.012078857181029055 -0.025162440101703352 -0.7354737320890958 -0.01242574648235303 0.9998292754031015 -0.01367555743892136 -0.5410122251754352 0.024992959149084316 0.013982891550364286 0.9995898312492294 29.768716114698282
0.9997232524767519 0.009718063659642687 -0.021423764748796155 -0.9676924598791647 -0.010003440726706028 0.9998621230869302 -0.013253904697241747 -0.5937729411499078 0.021292008616659624 0.013464548072750895 0.999682627794574 30.901380162640585
0.9996990547024289 0.011030302515293598 -0.021911924915237913 -0.9966881430609592 -0.011348463548237047 0.9998312036653477 -0.014449102124225755 -0.6125868056340924 0.021748848295122462 0.01469342041605963 0.9996554861522607 31.967486608880304
0.9996954345408847 0.009865540556181619 -0.022620991747622766 -1.0346013054054102 -0.010168451759567994 0.9998596465961657 -0.013315017739534361 -0.6511846202565744 0.022486456966917225 0.01354098290838268 0.9996554411570768 33.03457185827672
0.9996989467916734 0.009606918933947647 -0.022577043478181163 -1.084510782788501 -0.0098497623485036 0.9998945639303982 -0.010669733085550382 -0.6785578505219192 0.022472159782653853 0.010888899440964904 0.9996881683323392 34.129308492390365
0.9996841416316156 0.01041826035253739 -0.02287087277492409 -1.1211026112423097 -0.01058981528721912 0.9999165979508603 -0.0073927636618602785 -0.6985772333516591 0.022791945560715014 0.007632626913736126 0.9997110933784585 35.18712632836094
0.9996821630805791 0.010970333260976272 -0.022698559572748106 -1.1832885993559652 -0.011089069037308072 0.999925448556561 -0.005111739121483816 -0.7321404442946076 0.022640789880662125 0.005361820316218214 0.9997292861152345 36.24478354116318
0.9996814787930521 0.010530928077093583 -0.022935573068303773 -1.22326431383026 -0.010636136219727976 0.9999334437952451 -0.004469964887664479 -0.7556950971388964 0.022886973684867338 0.004712486988485449 0.999726952173408 37.30125729257608
0.9996739951137847 0.010111584185995236 -0.0234448151729605 -1.2676233622572524 -0.010253873736783539 0.9999296844084307 -0.005956871011390543 -0.7819670275811479 0.02338293323419559 0.006195329216900039 0.9997073853529639 38.361711063587705
0.9996424670081098 0.010955602505408083 -0.02439083696152269 -1.2980531250266532 -0.011113242580621694 0.9999181661688483 -0.006336939708693863 -0.8077865952359281 0.024319415973339947 0.006605735331578181 0.9996824147035122 39.46324395941982
0.9996215997837307 0.010263041406579498 -0.025521113355451493 -1.332011555768358 -0.010401743177519745 0.9999318122180101 -0.0053079801502211475 -0.8306950169782629 0.025464897107270852 0.005571435676112126 0.9996601913249437 40.528440337132245
0.9996101823365636 0.0105406178509385 -0.025853021958419063 -1.3866904626297685 -0.010642336575178301 0.999936148046366 -0.0038000661068892626 -0.8463313401669065 0.02581131614781865 0.004073721335165542 0.999658532076429 41.613386027659544
0.9996058930646275 0.010489235608411761 -0.026039095353327 -1.4351348657248757 -0.01052268099447384 0.9999439763757175 -0.0011477345542406903 -0.8760015267701844 0.026025597690676926 0.0014212833178806436 0.9996602663998271 42.71643229913983
0.9995606235755419 0.010446310164770729 -0.027738680596152802 -1.4152016181535718 -0.010462644295837022 0.9999451665630364 -0.00044378098202836586 -0.9353829528445828 0.027732523715175386 0.0007338059434406229 0.9996151102585558 43.80371124755136
0.9995304409293699 0.011293002795034677 -0.028484482502068267 -1.4496594586731681 -0.011424981133611749 0.9999247199303529 -0.004474849528394521 -0.9573920819286005 0.028431803700010132 0.0047981829973955835 0.9995842185520376 44.89607647324744
0.9995069821661988 0.012935272457731017 -0.02860893789468877 -1.4701623906855767 -0.013176537992993833 0.9998790614344372 -0.008260832373808192 -0.98905430256836 0.028498621853294655 0.00863372639323443 0.9995565453344947 45.9188034002627
0.999501408752301 0.013714357271533384 -0.028440293718497708 -1.5146165973856314 -0.013959109894465265 0.9998670706117241 -0.008425221497613657 -1.0210300750638268 0.02832096666994124 0.008818021941362402 0.9995599858617399 47.00199995214838
0.9994935687844799 0.015092853731530827 -0.02801449133400072 -1.5650080888933762 -0.0152521017989025 0.9998686654671789 -0.005479526220270087 -1.0604277461202325 0.027928110376108522 0.005904031090816532 0.9995924985051151 48.083910408678875
0.999497247438766 0.016150205511042473 -0.027284120368470516 -1.6184704650479211 -0.016252895745780333 0.9998616244924462 -0.0035461595005532895 -1.08727374276982 0.027223073709757496 0.0039878226236459155 0.9996214291062969 49.16038193302589
0.9995085290356835 0.012674592459902859 -0.028671503115454716 -1.604509938834941 -0.012747803068171677 0.9999159298519965 -0.002372076127020933 -1.1098000827282346 0.028639027599750462 0.0027364089958636416 0.9995860734143649 50.17699468266786
0.9995275272322792 0.012120561817076091 -0.02824560649311118 -1.646387436166923 -0.012225674248805236 0.9999189560612982 -0.0035516472862057425 -1.1274841815431504 0.02820026939742505 0.0038952908135271762 0.9995947036251196 51.26477837252517
0.9995346234392904 0.010572634247101368 -0.0286139118463862 -1.6450205106313478 -0.010723938248343811 0.9999292888917565 -0.00513949072106364 -1.1603579198080756 0.02855755056935818 0.005443952746232272 0.9995773255151276 52.30786606110949
0.9995372113848905 0.012121712887013508 -0.027900307052102613 -1.712797759533308 -0.012315071393579196 0.9999012551928262 -0.006768964498471006 -1.2071917264340983 0.027815500597469813 0.007109426172014458 0.9995877920353053 53.43491733444317
0.9995494275379151 0.011917573266610396 -0.027548382095163713 -1.7488672929298215 -0.012166735696072292 0.9998864211633355 -0.008894679065536967 -1.2418333149949838 0.02743925019252683 0.00922584525189722 0.99958089784082 54.524205051119
0.9995675819302507 0.010893673049733325 -0.02731258028083214 -1.7888531217696206 -0.011232724611192131 0.9998613664640386 -0.012291206225378132 -1.2677143562368869 0.02717489745924546 0.012592685978422929 0.9995513739713073 55.60322270037651
0.9996030865887658 0.00618093945214674 -0.027485728473175944 -1.841996858207905 -0.006563093376031324 0.9998827480783722 -0.013835313533850967 -1.2820749991812956 0.027396990483440926 0.014010213514838448 0.9995264472887743 56.71804448779735
0.9996241649189153 0.004488908866632785 -0.02704401241214792 -1.8827671835733057 -0.004811287182990332 0.9999180065540723 -0.011867252612680875 -1.3095275260549357 0.026988523964902898 0.011992908993128134 0.9995637997186965 57.81507007552955
0.9996311199225631 0.0029825754955568906 -0.026994968527032568 -1.9152889582246364 -0.003135526665765042 0.9999792616890132 -0.005625359048482659 -1.3481209403356553 0.02697763063892846 0.005707927409259243 0.9996197412065251 58.86741233843277
0.9996217476816343 0.0012648817090649585 -0.027472925511804292 -1.938132912272043 -0.0012561630647334278 0.9999991550448146 0.00033461023838552085 -1.3742168933072567 0.027473325540783623 -0.00029997319697900134 0.9996224919437393 59.960497290282696
0.9996535762368068 -0.0014141601215084405 -0.026281698349106517 -2.0227638244600676 0.0014344514597246674 0.9999986874929868 0.0007532339035152686 -1.391322887525894 0.026280598660844593 -0.0007906727859527674 0.9996542927285278 61.089962472251756
0.9996473484538877 -0.004984147029767514 -0.026083270644177214 -2.0473668175801834 0.004918593389623708 0.9999845836535011 -0.0025767992552247873 -1.4002065991840826 0.026095711681793372 0.0024475975404131952 0.9996564525366206 62.16739939400308
0.9996581231121262 -0.005917530202485421 -0.025468013904577095 -2.096934099511107 0.005782133857734608 0.9999687747512568 -0.005386691983162123 -1.425833133264348 0.02549909457200978 0.005237590932184073 0.9996611244903119 63.226752310789806
0.9997048742703497 -0.003590613843027551 -0.024026482312949345 -2.19524323947567 0.0033721040653224028 0.9999526450860001 -0.009128882718296488 -1.4694222606962384 0.024058122833605387 0.009045168751440466 0.9996696412555406 64.33750547158775
0.9997089083869571 -0.003504187202150708 -0.02387088527496974 -2.223661571181921 0.0031749877473567826 0.9998995302739668 -0.013814804041487045 -1.4939582324643912 0.023916896633188394 0.01373499289962815 0.9996195936582498 65.39178728851267
0.9997282517204603 0.0006999563333782446 -0.023300917859246532 -2.2713707410192767 -0.0010331120469345971 0.9998973733216939 -0.014288999400783542 -1.5323301228293222 0.023288524887816936 0.014309188848725056 0.9996263760640978 66.4586271794031
0.9997017265528929 0.004360907079827647 -0.024029989941861788 -2.240932234289571 -0.004603960772873178 0.9999387118058108 -0.01006857374891868 -1.5821542269568065 0.02398460907262644 0.010176203691784007 0.9996605340844744 67.43353242286882
0.9997028338160048 0.006638321868347776 -0.023455846670323667 -2.288751169624239 -0.006840611532380867 0.9999400107335854 -0.008554587540035151 -1.5998844478948233 0.02339765146574707 0.008712497741134998 0.9996882725574998 68.51811032556299
0.9996925308216729 0.005780887279315348 -0.02411275931166848 -2.31558685118056 -0.005969536753724703 0.9999520800798316 -0.007759006055150473 -1.6260529630475464 0.024066749890762875 0.007900562402878784 0.999679134854486 69.59176198467948
0.9996636284792901 0.003798273195941145 -0.025655467572212615 -2.282718192442698 -0.003982077089303949 0.9999667449157512 -0.007117030606356434 -1.6381093543554437 0.025627581970890243 0.007216798689583123 0.999645509597777 70.60064597214465
0.9996619479027652 0.0024015262121344777 -0.025888657499022517 -2.3140432569334988 -0.00253078724498193 0.9999844899308281 -0.004961352003445871 -1.6762929221947327 0.02587634114727004 0.005025193492184218 0.9996525208287108 71.79567763364975
0.9996526380298109 0.0009144479611863106 -0.026339458327122214 -2.339451041664202 -0.0009798303345715201 0.999996470749352 -0.0024694981991646675 -1.711090787099581 0.026337107140978467 0.002494448589669924 0.9996500060089422 72.88927890904381
0.9996441198522937 0.0005256376107571436 -0.026671283243127304 -2.3878084405868 -0.0005400945862910811 0.9999997111209756 -0.0005348418487568983 -1.7510282727016846 0.026670994405361508 0.0005490565248498123 0.9996441149701036 74.0029589885235
0.9995632748365952 -0.001444990193845046 -0.029515616227361676 -2.342311732298087 0.0013924227461785629 0.9999974079100258 -0.0018014805370707675 -1.764860522730002 0.029518142841939238 0.0017595955697863894 0.9995626959158659 75.07764116281206
0.9995440300002503 -0.001557744987220577 -0.030154693190506808 -2.3854125242933053 0.0013629169833486161 0.9999780730193621 -0.006480427283732528 -1.7773196442648658 0.03016412684224936 0.006436374059828578 0.9995242360947566 76.23726630007477
0.9995088694815842 -0.0007261740136729793 -0.03132878068082523 -2.419170647987584 0.0004585436704045624 0.9999633517181113 -0.00854897411289774 -1.800063198887808 0.03133384057768396 0.008530409836727065 0.9994725721812829 77.32853133723685
0.9994946430642841 0.00042541012385780496 -0.031784862938602755 -2.474588083154313 -0.0006333025943524116 0.9999784733521345 -0.006530831505898059 -1.8359189957659117 0.031781400435211 0.006547660541060715 0.9994733967083945 78.44860425499596
0.9994362053145024 0.0013409106184571057 -0.03354807692344224 -2.461930693180732 -0.0014285769859704901 0.9999956272775653 -0.002589322989483036 -1.862542585170015 0.03354445817632243 0.002635789153558926 0.9994337506514351 79.55319587722153
0.9994482849146592 0.0029141233928156192 -0.03308524846510506 -2.5599645477431405 -0.0028739205499468986 0.9999950731745444 0.0012626192261165573 -1.8861367898956776 0.033088764888083766 -0.001166838244578503 0.9994517357665111 80.62439964695301
0.9994111449058866 0.0037473840222256014 -0.034107485261960814 -2.588674616477801 -0.0036521529336119795 0.9999892582858074 0.002853960747832863 -1.9417281547193626 0.034117813776008796 -0.002727714426150504 0.9994140955365574 81.67028137962903
0.9993737859626922 0.003847231913847128 -0.035174347715290384 -2.619647273325594 -0.0038412305457996934 0.9999925940784024 0.00023819370598267254 -1.9508053828613297 0.035175003603256295 -0.00010293176686783473 0.9993811627835308 82.75912603009634
0.9993557464417956 0.003838226772437718 -0.03568417112677376 -2.6497434038508816 -0.003840521448432245 0.9999926251613207 4.2396195833523806e-06 -1.972847531561126 0.03568392423438969 0.00013280893638855087 0.999363117146626 83.85117703301545
0.9993770381768775 0.0023924510280030095 -0.03521096055052198 -2.7184866447331286 -0.00240448797861852 0.9999970643610537 -0.0002995109934009602 -1.996091061129449 0.035210140618470796 0.0003839887408458069 0.9993798569864586 84.81464256314489
0.9993774322870125 0.0018843313795247243 -0.03523062773596287 -2.7910343668070565 -0.0018962889745340013 0.9999981552249619 -0.0003059980357865087 -2.0163422014350854 0.03522998614167935 0.0003726149822308086 0.9993791618972911 85.8278147690932
0.9993696201455214 0.0007429882463559707 -0.035493806483131836 -2.8373751157455667 -0.0007388161566065038 0.9999997185393055 0.0001306598505001443 -2.0196590041323716 0.0354938935717536 -0.00010435408747339737 0.9993698877939746 86.81982746178025
0.999330499996319 0.0019213720390562263 -0.0365357373895029 -2.88297972026902 -0.0018373122651227627 0.9999955879090515 0.0023341906671916924 -2.0226508272273516 0.03654006103918844 -0.0022655003681103774 0.9993296210196786 87.75945776324946
0.9994116864346176 0.0026018516659642877 -0.034198119624063376 -3.027388012496896 -0.0024587896889850156 0.9999880529816576 0.004224718596413295 -2.0293036469342365 0.03420870314961926 -0.004138147153238779 0.9994061438509168 88.82393735206999
0.999343644757592 0.0013081859924962934 -0.03620177249833123 -3.0726399526757757 -0.0011348685732690627 0.9999877990956298 0.004807674406565868 -2.049789423535965 0.0362076201362821 -0.004763434610360336 0.9993329364805202 89.78511235826684
0.9992442053103048 0.003275532750135308 -0.03873356475952501 -3.137427609165537 -0.003131258268887815 0.9999879349134048 0.003784871104507776 -2.0731711422818955 0.038745494904969896 -0.003660725724089044 0.9992424058814467 90.62593426933692
0.9991301622199048 0.0033031103282815666 -0.041569320472986775 -3.1936679250248146 -0.003176305151043408 0.9999901003651066 0.0031161285871286067 -2.0935882922987346 0.04157920186841172 -0.0029813812140121656 0.9991307628824381 91.53078038224862
0.9989324392533371 0.0032567822718835102 -0.046080095232232096 -3.203098501402934 -0.0031449016034612418 0.9999919291394175 0.002500249973658663 -2.094297201285828 0.04608786609599734 -0.0023526634395464466 0.9989346192686774 92.39498794229874
0.9987666665755642 0.0023713725816645994 -0.04959357145452001 -3.236745633807185 -0.0021873905147459074 0.9999905247417139 0.0037637414267753053 -2.1049829797665915 0.049602026775845076 -0.0036506189708807395 0.998762390121323 93.20885223007132
0.9986695529706741 0.0038050091192768213 -0.051426120551294044 -3.2997072254609394 -0.003584289138172654 0.9999839686611773 0.004383525067286209 -2.1168745705652876 0.05144197547458675 -0.004193366934072101 0.9986671812135554 94.03247768184326
0.9985249652070555 0.005629287249647709 -0.05400189796025303 -3.3653401800073257 -0.00533846340925839 0.9999704696003514 0.00552817652402414 -2.125775365158717 0.05403142295624497 -0.005231735115018349 0.9985255301097762 94.8555521452333
0.9983320302083997 0.006814362683776596 -0.057329939134703876 -3.3969762433329733 -0.006446289451803303 0.9999574236089183 0.006602751071945122 -2.1457696694010524 0.05737249177330951 -0.006222172500699094 0.9983334521877413 95.61297146549262
0.9982038917527599 0.008834700944917565 -0.059253173323107804 -3.4763463045984593 -0.008451075375353511 0.99994169649039 0.00672182601091177 -2.1557644403390634 0.0593091039777577 -0.006208999849794589 0.9982203556861685 96.38542681163699
0.9979376265464287 0.010842309549007082 -0.06326877465641438 -3.4800758204146325 -0.010471685403055589 0.9999260321483732 0.006186601395752013 -2.187376732009621 0.06333117184846705 -0.005511311609226799 0.9979773484987753 97.05871388424676
0.9978005808099598 0.011566097738276115 -0.06527040920980556 -3.539788441812575 -0.011432698570801179 0.999931723567327 0.0024169416757430827 -2.199611984403404 0.06529390736275496 -0.0016654088937516937 0.9978646862548652 97.75591702820628
0.9976011814568436 0.014447081327559433 -0.06769907382693326 -3.6015038718727603 -0.01454492148348433 0.9998937633446288 -0.0009525143331580267 -2.2166516016189246 0.06767812065172135 0.0019349071374303783 0.9977053313075062 98.42841838458683
0.9974321702416585 0.01604998180719887 -0.06979587273617056 -3.6473679157580907 -0.01631746161505817 0.9998615343506303 -0.0032638278821723182 -2.241477030905594 0.06973382402719813 0.00439433840207232 0.9975559551105652 99.05356428283865
0.9973421297988152 0.01888302145939542 -0.07037121306988604 -3.7265989426347343 -0.019239956346176316 0.9998052229334815 -0.004397757920640389 -2.257761808637261 0.07027446341424826 0.005740008318403174 0.9975111789330203 99.66517458054835
0.9974152687070822 0.020394697349908685 -0.06889730089041621 -3.789949964443844 -0.020760626400187186 0.9997738958285941 -0.004599305511412479 -2.2638636638852003 0.06878792147936126 0.006017768666298657 0.9976131556464299 100.27969995854484
0.9974108349893126 0.02379682546134189 -0.06786263584539512 -3.8146150620490045 -0.02398638019619304 0.9997103253457799 -0.00197963686537664 -2.31599016386269 0.06779586868685993 0.0036022902433743846 0.9976927100535498 100.96769917713392
0.997701447193454 0.026401899317893815 -0.062408028173428345 -3.8565227443191663 -0.02647464857740632 0.9996494276056749 -0.0003389252857406395 -2.3376740820414392 0.06237720137029607 0.0019903768623742795 0.9980506616145071 101.52262776605707
0.9981051507785156 0.026943877368374308 -0.05531849113772515 -3.876749167527193 -0.02689058803089734 0.9996369243254302 0.0017075715349202441 -2.3564225459567347 0.05534441493727375 -0.0002167891886512592 0.998467299783873 102.03526807117284
0.9986107455364103 0.027013048968650612 -0.045242392560873944 -3.904488922035842 -0.026857150077544165 0.9996310762910285 0.004050284305107734 -2.364363170146362 0.04533511209787848 -0.002829575702683496 0.9989678278665513 102.56687867902008
0.9990673086703002 0.026750644786841637 -0.03389565974828227 -3.9133591186458223 -0.026597733962184046 0.9996339412089932 0.00495420337209891 -2.3734713297179404 0.03401578007866323 -0.004048034889110662 0.9994130978325112 103.03511260439907
0.9994407448061686 0.026217881392198838 -0.020756211518375048 -3.9141994959156077 -0.026110605585972 0.9996443522511688 0.005422664315160578 -2.3908461410912096 0.020891000388318863 -0.004877674409562621 0.9997698607155197 103.48979025922408
0.9996441465916717 0.02617091348361761 -0.00516366850614597 -3.9211473470090477 -0.026146743116828543 0.9996470942337028 0.004694125530597062 -2.4095732889296038 0.005284695770897401 -0.004557441996057222 0.9999756505600832 103.94206698563676
0.9996271302451483 0.024253049579701765 0.012545519675724813 -3.896454143443192 -0.024274473818793465 0.9997041171120215 0.001558252256340381 -2.4200075296088754 -0.012504015301901263 -0.0018622071201151022 0.999920087699998 104.37749913141407
0.999142345777637 0.02416642113931733 0.033623755936507294 -3.8678140278167277 -0.024067241283497985 0.9997047245313386 -0.003351364904378042 -2.429474923699717 -0.03369481816188571 0.0025392595451357546 0.9994289426417468 104.78819269397022
0.998087528545787 0.021580302349146 0.05792733302925584 -3.8436153794716312 -0.02116562654855605 0.9997458464438065 -0.0077626523279041145 -2.455908831967042 -0.05808013097583312 0.006521738179066953 0.9982906216713416 105.18515576577859
0.9961644223047507 0.01929802501102578 0.08534652872212352 -3.7837323325203998 -0.0184696204199673 0.9997744392066166 -0.010485410370496254 -2.4611426994972807 -0.08552962560297313 0.008868874774694184 0.9962961538641238 105.60030754963648
0.9932071063904727 0.01713506567694667 0.11509141297121606 -3.7157461868626966 -0.015878075015933003 0.9998039540108414 -0.011829635585076725 -2.472875271346204 -0.11527155134400108 0.009921848040261127 0.9932844639790825 105.99103618314695
0.988884432935657 0.014858738374754444 0.14794186760831024 -3.633676003405104 -0.012902310099648056 0.9998162792771432 -0.014175263189872212 -2.4768797195807575 -0.14812531414858407 0.012108905248626976 0.9888944664230168 106.3850731521149
0.9829129510833725 0.013005424560731364 0.1836109733228679 -3.5321880419227005 -0.01023130453280319 0.9998188747955411 -0.016047990844191395 -2.484052707494909 -0.18378642768205936 0.013895198255992443 0.9828679832334014 106.75432911255847
0.974868810104723 0.008593521973190299 0.22261391345802659 -3.4362085995870686 -0.005251306245838011 0.9998645054811865 -0.015601104498550846 -2.5164364269900643 -0.22271781892725573 0.014040016344669127 0.9747818479400032 107.10755919296892
0.9648699852157446 0.0068835926166321195 0.26263763588346767 -3.3270294367985613 -0.002496174435305078 0.9998517743021847 -0.017035214643835228 -2.5157306638014654 -0.26271596971436134 0.015781177949103057 0.9647441493367978 107.43212307638369
0.9526454922309944 0.007721466791185633 0.3039851066788619 -3.178159757166588 -0.002470964595538106 0.9998411181561656 -0.017653123751789835 -2.5374148771527225 -0.30407311697342476 0.016066032329764144 0.9525132136297348 107.77059459189948
0.9372386429069305 0.007922646690539123 0.3485985626926655 -3.0456081850540166 -0.00186273628692845 0.9998413349105263 -0.017715394939489006 -2.5625519666659504 -0.34868360508561436 0.015954205519348248 0.9371046936552745 108.08150775146686
0.919129906864661 0.00798959276909642 0.3938735592983409 -2.8875699389334373 -0.0016721486181522434 0.9998644431076342 -0.016379845178123405 -2.575631215914273 -0.3939510353152514 0.014396590445118707 0.9190186722573144 108.40600743137047
0.8990422147788808 0.0073683476755977435 0.4377999583120312 -2.7052176564011483 -0.0008027714380988366 0.9998844560296944 -0.015179925830523943 -2.5856660396834745 -0.43786122413785733 0.013295940836719627 0.8989442509709729 108.69054227450927
0.8756921179842745 0.006157208975778429 0.4828306155142237 -2.5145980220283968 0.0017188159289545251 0.9998726172874376 -0.01586804558134503 -2.596846400094106 -0.4828668141133929 0.014725419396331802 0.8755699868380507 108.97626017233193
0.8501890214765586 0.005437815410321432 0.526449482784716 -2.3131144436481694 0.004260677213897819 0.9998428468252033 -0.017208378254560255 -2.6189711848564166 -0.5264603255615856 0.016873405585012206 0.8500322427964442 109.26747536161434
0.8223034525966318 0.0077370584716436215 0.5689966342377301 -2.0921418075458242 0.004594426609515142 0.9997847034151575 -0.020234575883754213 -2.636988373500998 -0.5690306873023533 0.019253174888106014 0.8220908661242621 109.53469847149717
0.7912147297581379 0.012824897715230014 0.6114039363729602 -1.8599260413581788 0.0026273679905539633 0.9996995571620487 -0.024369906594936194 -2.6488720165700776 -0.6115327859985915 0.02088821219246851 0.7909433192335613 109.79318895213193
0.7575488035986986 0.0184945524321859 0.6525164838504187 -1.6047834456573873 -0.0002633548019601557 0.9996071445406706 -0.02802654505099127 -2.664306873157006 -0.6527784775943742 0.0210596323230033 0.7572560670446894 110.03572848365161
0.7184162522321875 0.02335769779395399 0.6952211924865527 -1.3601230598991896 -0.0038788760010039264 0.9995550595283229 -0.02957426740089391 -2.7166016314762333 -0.6956026472416755 0.018549957549737338 0.7181872013794706 110.32707065581242
0.6787714710968451 0.02332534607002587 0.7339790312098421 -1.064646167139104 -0.0014670659835034755 0.9995364974436022 -0.03040786075303275 -2.73427986261938 -0.7343481039278476 0.019563192706951265 0.6784910786065547 110.55259492936833
0.6381705902618806 0.019612453463231427 0.7696451451116647 -0.8004328515637886 0.003525256872999946 0.9995905620611054 -0.028395084122833224 -2.76231467628218 -0.7698869204557136 0.020834104432780175 0.637840160074373 110.7138938261457
0.5940339914503165 0.01743585797736143 0.804250960744343 -0.47319582333292914 0.004528440640433245 0.9996767591667429 -0.025017402088225227 -2.775348093777748 -0.804427193863417 0.018503189953928082 0.5937630181600715 110.91009276797874
0.5472036741135033 0.015997757475314935 0.8368465873697782 -0.18007523725906116 0.004513655561594691 0.9997463869088788 -0.022063290237711822 -2.7879993917996124 -0.8369873152862917 0.015850350734391637 0.546992687731237 111.07444713196749
0.4992584007831897 0.012747362256420125 0.8663593677007917 0.17748220331626496 0.006323878084000687 0.9998115296366118 -0.018355211022409692 -2.8118654522952156 -0.866430065160132 0.014642744319357972 0.49908369260616736 111.23755248653575
0.4482446518761901 0.009178656456346539 0.893863795178018 0.5400482696229284 0.00925366609740041 0.9998460582845811 -0.014907360482119521 -2.8176347878580104 -0.8938630217925737 0.014953661706833028 0.44809071210348317 111.38152881312892
0.39643413507842185 0.009252640861867856 0.9180165386210126 0.9224676929157855 0.005747761457040157 0.9999045991839204 -0.012560086348289269 -2.8367344620580064 -0.9180451730622283 0.010255787045605624 0.39634313296589185 111.51371402544618
0.34538385705664676 0.014220225590306666 0.9383537587012879 1.3260307009403676 0.004097254598244284 0.9998528125686046 -0.01666030322077017 -2.827233676265666 -0.9384525580920067 0.009598874038741536 0.3452747570091932 111.6403878121779
0.29492275474361396 0.019295186555112826 0.9553262607665728 1.7106920272850519 0.002522807219331893 0.9997768845575955 -0.020971803643044767 -2.8404457307202042 -0.9555177675889509 0.008595166089828174 0.2948082748867745 111.71511335061578
0.2483963645217243 0.0212815298862947 0.9684246705748929 2.1242262541111323 0.003563213992615634 0.99973178931587 -0.02288346427732752 -2.85913550494893 -0.9686519238603895 0.009134873671137552 0.2482539113177854 111.7858775513989
0.2073693517549413 0.020633361738313438 0.9780450993364834 2.537174507545809 0.012345745031468156 0.9996427261428036 -0.02370659506132726 -2.8666659324301964 -0.9781848161428155 0.0169907166758695 0.2070405298836122 111.83748755867875
0.1717803729047852 0.0201141482194419 0.9849299084331329 2.959962426926791 0.019936102682724076 0.9995158153184648 -0.023889050589934183 -2.891079957618439 -0.9849335283634714 0.02373933380848913 0.17129620175535798 111.88522710053314
0.14168449558620233 0.022270929881639936 0.9896613104454929 3.3898622413636037 0.023646852378212506 0.9993854626368047 -0.025875151068597186 -2.8771213616213465 -0.9896293902684409 0.027068482639903885 0.14107078777864246 111.90032043114323
0.11352005403936638 0.020809048478422222 0.993317764279046 3.8698314237002873 0.020924446762523072 0.9995088170789783 -0.02333006877537551 -2.8957680932152323 -0.9933153400902364 0.0234330553450481 0.1130288771005632 111.95451836292348
0.08658905476644385 0.016979229944679583 0.9960994133845977 4.41044207496859 0.014764898635984583 0.9997230672053642 -0.018324482687597916 -2.9186213309594558 -0.996134696395484 0.016294006504990455 0.08631437880847226 112.05399796586654
0.06250420758042496 0.013189210611392345 0.9979575485751845 4.918672012774335 0.009615023592667386 0.9998583172214399 -0.013816540971706362 -2.9290023126215172 -0.9979983844456141 0.01045897731896989 0.062368537239426036 112.08024737660934
0.04054642499431149 0.01068245537319206 0.9991205495671583 5.4540739871176145 0.012930990927395308 0.9998534952321009 -0.01121505888467725 -2.9551055751876127 -0.999093978008984 0.013374349305701493 0.040402350016215505 112.07535948399546
0.02057196804041761 0.010378912311435978 0.9997345009102048 5.977506421738654 0.021176581112043243 0.9997172596061296 -0.010814492961561265 -2.992652483343018 -0.9995640782577921 0.021393434152611576 0.020346361635653287 112.05732901883287
0.0031781646524539076 0.012955622213135122 0.9999110216026788 6.480936141125113 0.025424898710019482 0.9995917835517992 -0.013032297622379306 -3.022430155324782 -0.9996716830014879 0.02546405523092391 0.002847471890873421 112.00980872497325
-0.011618207288228932 0.018594501113391056 0.9997596019982765 7.038653311331877 0.025982668445664648 0.9994951041747738 -0.018287637110921406 -3.0272713406437797 -0.9995948770376181 0.025763952705324274 -0.012095476061214194 112.00141720760126
-0.021664227294790672 0.022940500906622356 0.9995020733714729 7.621499760502415 0.022530027348419086 0.9994940252841117 -0.022451977397168935 -3.044847148387593 -0.9995114102017042 0.02203240430631109 -0.02217011585635298 111.95869649863424
-0.02806257573016313 0.022685514142438558 0.9993487175613337 8.299264276418501 0.024556548430521345 0.9994563756435783 -0.021998388908785103 -3.058974826989604 -0.9993044920206096 0.023923223727079928 -0.028604398157202393 111.93476648015287
-0.030844093405035133 0.019312314551474048 0.9993376188299361 8.943412572522144 0.029831474459414777 0.9993857106914824 -0.01839250927029712 -3.08685132861653 -0.9990789383395083 0.0292444143785716 -0.03140126102651997 111.91760712383827
-0.030963723050501102 0.01751740136010905 0.9993669939038617 9.544418231817671 0.031102375391659165 0.9993791116014852 -0.016553958427592264 -3.0958008179880947 -0.999036480865363 0.030570115214290382 -0.031489330827072726 111.90825787119884
-0.027155032711171145 0.01919711216866487 0.999446884573082 10.223939682324469 0.03147924359978618 0.9993361361026711 -0.018339691975844778 -3.0724117019459793 -0.9991354569931151 0.03096381700900656 -0.027741316035693186 111.84927469483252
-0.026247409473142636 0.019658397185041504 0.9994621658252327 10.845077187688181 0.027172696111879488 0.999451223059338 -0.018944585274025393 -3.076983004001229 -0.9992861042173864 0.02666083542030374 -0.02676717715282728 111.84243604989359
-0.026849513690293314 0.01898233697546612 0.9994592410386454 11.59262959065502 0.024946755746429308 0.9995210257739812 -0.018313339767954975 -3.1616123312328512 -0.999328155808853 0.024441561297888 -0.02731020118927785 111.9127746078124
-0.025703213105735534 0.020058662751627564 0.9994683561197212 12.326049309119666 0.02471869633863591 0.9995057303289814 -0.019423724947801042 -3.182069657539711 -0.9993639631722566 0.024206302653358484 -0.026186332780566035 111.90119754672605
-0.02479408310880138 0.019829744755545532 0.9994958902695519 13.061053646694097 0.024406818640103717 0.9995172421742703 -0.019224718468943722 -3.1943860364475567 -0.999394597066976 0.02391785565787566 -0.02526609455507689 111.89419787964715
