1.0 0.0 0.0 0.0 0.0 1.0 0.0 0.0 0.0 0.0 1.0 0.0
1.0 0.0 0.0 0.0 0.0 1.0 0.0 0.0 0.0 0.0 1.0 0.0
0.9997776597561996 0.019800211876037047 0.007251390355023209 -0.5780680824222796 -0.019806593688815308 0.9998035026176825 0.0008093206163620037 -0.05455532277544758 -0.007233940756120672 -0.0009527660142597879 0.999973380814739 0.3140813773666758
0.9997767698497797 0.01936427967571117 0.008451931221998266 -0.5897854547655706 -0.01937704798798134 0.9998112226981379 0.001431425207907995 -0.07829386828335069 -0.008422617171165861 -0.0015948791475235828 0.9999632572652322 1.5164629846549944
0.9997804620021465 0.018732896630863645 0.009386500018201648 -0.588607931165813 -0.018752634258923085 0.9998221149928695 0.002019177935733481 -0.11461295760818921 -0.009347005249029563 -0.002194756251264871 0.9999539072066633 2.736364652727233
0.9997750620242081 0.018817452799602192 0.009784110824472352 -0.5718631962697563 -0.018836196534071953 0.9998209136372349 0.00182711623456234 -0.13462991912550115 -0.009747976950148644 -0.002011000681135903 0.9999504651839709 3.979131412333875
0.9997493529879067 0.019508700688178327 0.010983706010319874 -0.5735664424225415 -0.01952408032717776 0.999808548651639 0.0012947318181780396 -0.1578748966191224 -0.010956344629481902 -0.0015088540559519414 0.999938839065569 5.232271828838742
0.999748998282201 0.019286852121854554 0.011399902147184601 -0.5504052365457477 -0.019298430617843032 0.9998133569749044 0.0009065264809944656 -0.17520715892522798 -0.011380290392778571 -0.0011262991619281474 0.9999346080823355 6.492779484975877
0.9997332871288854 0.01962267724035009 0.01217805996021212 -0.5048005216367235 -0.019650122319269624 0.9998046315471836 0.0021380901847785246 -0.22774533006713657 -0.012133725697872718 -0.0023768202964362085 0.9999235587913544 7.726480604130284
0.9997692656936591 0.01881721726799709 0.010359908718261914 -0.4743035538537891 -0.018857462347852568 0.9998149578767898 0.003800805129495643 -0.2605223682788849 -0.010286471122841385 -0.003995289741942365 0.9999391112321374 8.962854823891899
0.9998140535668381 0.017608471170065136 0.00786129972083756 -0.45854830232698296 -0.01763579202972772 0.9998386293337197 0.0034196683396137623 -0.2801995316941405 -0.007799816006294505 -0.003557672711443462 0.9999632522423743 10.172135791863463
0.9998291822497375 0.01727192874792755 0.006579270411511112 -0.48009168818118103 -0.01729032676745146 0.9998467298045375 0.0027498180752302988 -0.30045903034614185 -0.006530767343583999 -0.0028631060927995088 0.9999745755275008 11.388997612105115
0.9998407492584874 0.017135443798062637 0.004985247042018723 -0.44529542892480967 -0.01715105258742134 0.9998480877977879 0.0031052732972312023 -0.32836564200921536 -0.0049312794860996685 -0.0031902810143349686 0.9999827521460956 12.630732520838615
0.9998094153797705 0.018952567863025318 0.004683277629918555 -0.4657935206222863 -0.018965306445088433 0.9998165217092311 0.0026907375752034434 -0.3455914759387183 -0.004631421963648186 -0.002779044557423369 0.9999854133145856 13.868807121078083
0.9998065369099296 0.019202277781724786 0.004261605350915308 -0.4588012000961905 -0.019211535671897803 0.9998131464966052 0.0021421927282990784 -0.3485537313171408 -0.004219674075194614 -0.0022236502762929956 0.9999886248003763 15.073086790278833
0.9998143723969095 0.01889055693943202 0.003790462648819876 -0.4698343732997913 -0.01890026761268625 0.9998181409648053 0.002542613193092963 -0.36354380112944384 -0.003741741939640546 -0.0026137819723389298 0.9999895837012794 16.2882389212352
0.9997838777854863 0.020468944255900408 0.0036359374670983315 -0.4773710481006796 -0.020477523048424855 0.9997875796204837 0.002338094612332772 -0.3714043971717743 -0.003587306791596812 -0.0024120442914325494 0.99999065659251 17.480581715576708
0.9997870658174026 0.020514735891829308 0.002229043632840839 -0.46586877403360577 -0.02051825177105413 0.9997882519953472 0.0015660511958015607 -0.395553533539482 -0.0021964445106243484 -0.0016114538084375705 0.9999962894171833 18.722127578647786
0.9997848742260901 0.02065792856351152 0.00185883194134846 -0.47661970149027816 -0.020659547774152767 0.9997862021962226 0.0008561447432493941 -0.42270350620735464 -0.0018407483502157365 -0.0008943631917453333 0.9999979058778036 19.940246062740073
0.9997648184519036 0.021672646860995966 0.0007772797892805005 -0.4917539238032207 -0.02167315960028765 0.9997648933414407 0.0006574153315427814 -0.47560973053655453 -0.0007628491153049458 -0.000674106828514521 0.9999994818204713 21.2360479279673
0.9997606000078911 0.021878272676229767 -0.0002895799819554225 -0.47843542163134506 -0.021878226527862445 0.999760629898403 0.0001615832415557582 -0.4862569039263811 0.0002930458273843873 -0.0001552090620858498 0.9999999450171435 22.403379995896472
0.9997649577123306 0.021637284896378783 -0.0013628032780593727 -0.48405537836708207 -0.021638206472179674 0.9997656453309692 -0.0006651590921569329 -0.5071995609758209 0.0013480916619697729 0.0006944913703538602 0.9999988501646426 23.63406098669328
0.9997385748004903 0.022811868833652865 -0.0015494180199807522 -0.49886967887343653 -0.02281240612797759 0.9997397087421169 -0.0003299861807496044 -0.5242086848932368 0.0015414871185431666 0.0003652458671802743 0.9999987452056727 24.79554583722293
0.9997723690492039 0.021161896484726744 -0.0027173926680187097 -0.49719625495806946 -0.02115814833955516 0.9997751600694061 0.0014007380321362168 -0.5528600859056729 0.0027464239628781227 -0.0013429241836393857 0.9999953268441074 26.009048902492427
0.9997585581997936 0.021608453096611503 -0.0039874880615834215 -0.4605693014318339 -0.021604437063570996 0.9997660481505454 0.00104750398929492 -0.5537098416368008 0.004009190122197928 -0.0009611036431778016 0.9999915013010616 27.06845608375637
0.9997745251449583 0.020643431242685792 -0.004974697749770829 -0.4800258143169621 -0.020641244198903095 0.9997868264626363 0.0004905809735093293 -0.5843312799908363 0.0049837645504498046 -0.00038778640876668764 0.9999875057782507 28.300531215044817
0.9998063223943489 0.01871035747135245 -0.006102476839908927 -0.49957989701721345 -0.018715157817659804 0.999824589260957 -0.0007304635643191418 -0.5889728293131082 0.006087739165528237 0.0008445309070224984 0.999981112921339 29.465964960397233
0.9997846113329967 0.019697146117089837 -0.006538606623037542 -0.5259018853579382 -0.01970131538189399 0.9998057455753118 -0.0005738351837208302 -0.6219317870880129 0.006526033554308845 0.0007025307373641324 0.9999784584362861 30.69100552556701
0.9998027765363302 0.01879552306797367 -0.006413761988590803 -0.5701003579456009 -0.018793945050363272 0.9998233313224095 0.00030622345320946144 -0.6732172570143268 0.006418384507720652 -0.00018562316837967836 0.9999793847296805 31.950201971264875
0.9997748521657209 0.019853704648818946 -0.007488350200699113 -0.5755706856894476 -0.01986233570433856 0.9998021410492832 -0.0010799877950364743 -0.7106909567884494 0.00746542680487882 0.0012284807636813108 0.999971378709228 33.3850250355282
0.9997920586475517 0.018372797424660112 -0.008847586116167141 -0.5682249605507134 -0.018383689241770043 0.9998303428553335 -0.0011512930332488575 -0.7291407702015432 0.008824932586293176 0.0013137049055178753 0.9999601965799781 34.560539067468525
0.9997815641856359 0.018580091442282617 -0.009571003945233811 -0.595725779066767 -0.018588172625517294 0.999826939123379 -0.0007560698505388703 -0.7693988105507459 0.009555299731941141 0.0009338121713388649 0.9999539110588355 35.720896328158375
0.9997796063558775 0.018711965522063872 -0.009518458971265855 -0.5964524562710029 -0.018724487673312525 0.9998239271078134 -0.0012281466043251791 -0.756171375038652 0.009493801991749451 0.0014061041962959338 0.9999539442367986 36.99949444089798
0.9997751815811096 0.01922117428445628 -0.008951689984905867 -0.6301553745538462 -0.01922264725322512 0.9998152247620008 -7.852826233979658e-05 -0.7872423062424723 0.008948526528841722 0.0002505857866400927 0.9999599297370501 38.239404609204016
0.9998009915004343 0.018042265807973745 -0.00851199384767024 -0.6635934115125548 -0.01802959566390803 0.9998362320931974 0.0015629055870212175 -0.842870404985632 0.008538798214288896 -0.0014091267481582143 0.9999625509422156 39.46957944169663
0.9997855999692887 0.019100099038373303 -0.007996268553129696 -0.6847249213375071 -0.019092344071241395 0.9998171784281067 0.0010450444606879817 -0.8602897735725374 0.008014767115442176 -0.0008921528926211157 0.9999674832569814 40.69494787318968
0.9997879557064278 0.019047273010359068 -0.007825919449554873 -0.7372407212668558 -0.01903960395171796 0.9998181754907 0.0010532994871039875 -0.9008207727000753 0.007844558988483677 -0.0009040737340807531 0.9999688222864549 41.89403111987791
0.9997237825282809 0.022505420784791303 -0.006772346908279843 -0.7691955732879352 -0.022488904608683365 0.9997439539773186 0.00250512580494437 -0.9148871535726839 0.006826991786148872 -0.0023521311818309725 0.9999739294911919 43.1182479442824
0.9997499626324088 0.02178589482369101 -0.005038551699479955 -0.7821087558983135 -0.02175815802294105 0.9997481580101772 0.005495736047729617 -0.9360671874283844 0.005157012308108739 -0.005384732304271224 0.9999722045547393 44.32378441117135
0.9997320860612692 0.02267188299794187 -0.004662812553665133 -0.7686178061831731 -0.022638504087160297 0.9997185690713454 0.0070908946288406795 -0.9342998680670525 0.004822264227373823 -0.006983435778277732 0.9999639880477956 45.641598273956575
0.9997355213452879 0.022781658233743854 -0.003143788890242065 -0.787821048879667 -0.022748701715555795 0.999689706319228 0.01014828308790872 -0.9388888600047242 0.003374008109383761 -0.010074081967929197 0.9999435628783163 46.83289894348668
0.9997511207583704 0.022265194504015477 -0.001399162635564512 -0.8115057608517278 -0.02224863492481277 0.9996929702132462 0.010907041312843615 -0.949471997906115 0.0016415804472526762 -0.010873197317994137 0.9999395375690068 48.065819789287566
0.9998264537060307 0.018628801932813573 0.000173804977690399 -0.8379217323347409 -0.018629611898808598 0.9997801486312143 0.009622471795063186 -0.9632530924856975 5.488354746165174e-06 -0.009624039770024783 0.9999536878417835 49.26281219498692
0.999820850921179 0.018883174693282427 0.001300683186824614 -0.8554108397206392 -0.018893379815221406 0.9997867187929942 0.008340091384155566 -0.9829405058366234 -0.0011429183729796467 -0.008363171565934762 0.9999643749149024 50.46800838714202
0.9998323006274803 0.018279283944131003 0.0011128344215409986 -0.8554549794502533 -0.018288071058698938 0.9997968170479722 0.008477681150851358 -1.0091145060398257 -0.0009576423716138924 -0.008496611044019647 0.9999634445927784 51.62279682867972
0.9998242565360255 0.018661583261958038 0.0017892323328510325 -0.8724721681825137 -0.018674495947054993 0.9997975281412983 0.007494392815514816 -1.0105019908946642 -0.001649012828130401 -0.007526488736909198 0.9999703159214206 52.84277351942402
0.999850187615565 0.017176710711728115 0.0021361025829901743 -0.9162175891062532 -0.017191956456811017 0.9998252924446763 0.007336294780383006 -1.0489569651180533 -0.0020097159765913794 -0.007371919495163087 0.999970807496224 54.01845766841214
0.9998389657855427 0.01794546646659933 -5.225124526942015e-05 -0.9093344933706176 -0.017944575008540013 0.9998110563598539 0.007472871493341235 -1.0517976195142484 0.00018634553752189793 -0.007470730478960538 0.9999720763408603 55.251598152056815
0.9998544515761952 0.01690701463987317 -0.0022865955551949453 -0.9088638854146905 -0.016888014635865183 0.9998246748806283 0.00808792071578099 -1.0552273011536968 0.0024229372515041188 -0.008048127472466512 0.9999646778858052 56.39719250189251
0.99981820551444 0.01838337587944877 -0.005060376780423772 -0.8346707345931329 -0.018342873578826635 0.9998002505344266 0.007937129214589944 -1.0648302099566735 0.005205277202621843 -0.007842864436723013 0.9999556963019267 57.63620539910802
0.9997782031371258 0.019801718293848285 -0.007171923348092521 -0.8030388663231941 -0.019748896464262256 0.9997778625816947 0.007362511801142832 -1.0700117828142248 0.0073161205801770554 -0.007219241247471361 0.9999471770726027 58.825269557180526
0.9997675411797966 0.020293609785992317 -0.007282376340012626 -0.8306335229132311 -0.020240240108556327 0.9997682825936466 0.007328969920690869 -1.0888311436305678 0.007429420142358804 -0.0071798691913070745 0.999946625172936 60.02335914702179
0.9997773570344742 0.020102580128739906 -0.006412693141647066 -0.8862421620669336 -0.020061672028016134 0.9997783813318306 0.006381029458097777 -1.091001627548245 0.006539547125118896 -0.006250959420152087 0.9999590790776021 61.15464336643331
0.999791831890008 0.019429056891487693 -0.00622933658822204 -0.9167038873267841 -0.01939860596029981 0.9997997629784646 0.004912029621545705 -1.0894068801849812 0.006323525347387157 -0.004790166647754165 0.9999685331702531 62.3369468987399
0.9997927382896081 0.01903712582395583 -0.007215837008271329 -0.91141899576079 -0.018997606397467594 0.9998043666370107 0.005506305906215708 -1.0853647141390208 0.007319249588172438 -0.005368081028524227 0.9999588052972669 63.56506675963075
0.999837002528735 0.016466894923385322 -0.007403360448919286 -0.9488773179758735 -0.016405380227238173 0.9998310192610387 0.008294360917647963 -1.1429030913154483 0.007538691793287373 -0.008171554014668809 0.9999381950055869 64.66398119727496
0.9998296348119209 0.016843259593633884 -0.007550229011258477 -0.9675968050277889 -0.01678844175779082 0.999832663175253 0.007265939115236582 -1.175937477365634 0.007671347678619088 -0.0071379446721391475 0.9999450985782425 65.88674809606495
0.9998172612430916 0.017849439053407943 -0.006844095692082769 -1.0219478549536016 -0.01781009181730793 0.999824752560203 0.0057675642508732 -1.1974471549265358 0.006945844068417581 -0.00564461632066917 0.9999599459762224 67.10353968495171
0.9997559397557599 0.021069416693853694 -0.006643839496712886 -1.0282578125509856 -0.021025079838435146 0.9997566717911222 0.006674071240704244 -1.217172146541308 0.006782841651162941 -0.006532755109395025 0.9999556571017616 68.40389552969224
0.9997247965483437 0.022652006570053063 -0.006100636419513178 -1.0553152238991221 -0.022612397539677927 0.9997232727886778 0.006485161694401634 -1.2296404233214682 0.006245850132718957 -0.006345426939555716 0.9999603616709386 69.63008689851962
0.999673962775764 0.02465665041510138 -0.00663458653630492 -1.0549354326924119 -0.02460933002501219 0.9996717756567397 0.007121926075241437 -1.247204401932458 0.006808011745015661 -0.006956331332581222 0.9999526290932341 70.85039533639907
0.9996713371396604 0.025217441639065516 -0.00461501230593022 -1.092215470431083 -0.02517919647285257 0.9996496037914201 0.008165641716259263 -1.260805426990328 0.00481931181654096 -0.008046755671520639 0.9999560110108733 72.04899193592497
0.9996556713350712 0.02610845826745307 -0.0026243426843405196 -1.123479247858563 -0.026082736225587183 0.9996155982923851 0.009399283033470882 -1.2793615948403823 0.0028687346713546467 -0.009327596552891476 0.9999523820182298 73.21878437785955
0.9996884691329245 0.02494521610143982 0.0008371835655018304 -1.150899331997124 -0.02494987368009174 0.9996700236539053 0.006111269192872743 -1.2847809695950938 -0.0006844603840575935 -0.006130252968088474 0.9999809755753006 74.42466044932168
0.999743586726182 0.022143230276149957 0.004736892737475509 -1.175310781905644 -0.02214678831678145 0.999754484746824 0.0006999970456966473 -1.2922372552528398 -0.004720229562280315 -0.0008047245178986667 0.9999885358599516 75.607565247716
0.99971549091408 0.02269785174177736 0.007331081279616712 -1.1889017713011178 -0.02270103888000417 0.9997422363096915 0.0003518128273700552 -1.3114510016976417 -0.007321206197655626 -0.0005181358945851749 0.999973065374766 76.80222066414159
0.9997484738763299 0.020244612462830956 0.00965114750581362 -1.1821540976780387 -0.020282971373842558 0.9997866986511249 0.0038933626253844084 -1.3303037063922099 -0.00957026928550426 -0.0040881372915603535 0.9999458470733744 78.01934630493663
0.9996997780412362 0.021201187026422284 0.012282648451115104 -1.1239151638979825 -0.02127222682086319 0.999757572782437 0.005682255736220512 -1.3469899080652532 -0.012159200236231224 -0.005941829082086232 0.999908420064945 78.9625094645907
0.999665246222074 0.020486764584094447 0.015801518048471953 -1.1350917562958396 -0.02054295818014857 0.9997831827222605 0.003402119185982467 -1.393328982490645 -0.015728393591494277 -0.003725590238184627 0.9998693602728349 80.22516593203609
0.9996093338595914 0.01925995887711127 0.020254225357589712 -1.0868729707624236 -0.019273546923078314 0.9998141346976822 0.00047586524232728043 -1.3977015979712581 -0.020241295654872142 -0.0008660501007098137 0.9997947488897084 81.19628147098213
0.999542861495009 0.01912459752274453 0.023416186793799483 -1.0851225542299023 -0.019055880903889915 0.9998134447216872 -0.003154228389072546 -1.4430317048490464 -0.02347214172899097 0.002706570403056483 0.9997208275510256 82.4729769980049
0.9995415233805696 0.01688794759910772 0.02513046485722435 -1.0454234783383685 -0.01678894480875003 0.9998504624932028 -0.004145356961376284 -1.4506591246186542 -0.025196713481308267 0.003721542424624128 0.9996755852533974 83.70203408075062
0.9994429029353687 0.016750295790950925 0.02886713292030718 -1.036485672461974 -0.016715768637575935 0.9998592491609366 -0.0014369920609511146 -1.5281112149794458 -0.028887139889197472 0.0009536552017660538 0.9995822245772371 84.80553020719539
0.9992663182121982 0.018470599840475232 0.033550890124864424 -1.0202465889717598 -0.0184246357503326 0.9998288428018176 -0.0016786598958323626 -1.545230272311145 -0.0335761535037183 0.0010592653639888193 0.9994356006630859 85.9893262106888
0.9991526639258369 0.017335878010745404 0.03732856149786846 -0.9814628892643239 -0.017209427781792047 0.9998450379430729 -0.0037061699958968945 -1.565883603809608 -0.03738702669813257 0.00306062644106664 0.9992961737145106 87.20252794110606
0.9990324691783289 0.017821188208515273 0.0402061037441841 -0.9366627126352836 -0.017567218539457665 0.9998234950354077 -0.006661201691063397 -1.5968293716117774 -0.04031771769629766 0.005948447362023736 0.9991692036956218 88.34492093729389
0.9989103599071052 0.017874748012588985 0.04311132396185453 -0.892258774652216 -0.01760732202424545 0.9998233606052341 -0.006574937200488917 -1.6350304520661947 -0.043221234149339684 0.005808697921419057 0.9990486394300658 89.49265240266645
0.9987281462486614 0.019728925282205392 0.046398915913215204 -0.8746119647681759 -0.01949191668224099 0.9997945823830826 -0.005555017685839249 -1.6555259968353175 -0.04649897928734601 0.004643548712630066 0.9989075444607416 90.59227911521764
0.9986513953807468 0.018394502227869945 0.048549282094343886 -0.8094542788416336 -0.01821941013816096 0.9998258239373968 -0.004046588949101439 -1.6805753103210652 -0.048615260960986006 0.003156592418162337 0.9988125911931631 91.74944614880665
0.9984854860312163 0.0182581820747483 0.05189771644620835 -0.7697007416160432 -0.018156112837512155 0.9998321928884599 -0.0024375459965092906 -1.7195155842944527 -0.05193351279893582 0.0014915935032414555 0.9986494306798477 92.89952135968464
0.998312915081376 0.017278425697691016 0.0554326581279913 -0.757616646061484 -0.01720438106659306 0.9998503504523026 -0.001812725164776905 -1.7300436008849962 -0.05545568369284472 0.0008559823695216604 0.9984607826251075 94.02962573230454
0.9982369606174086 0.016265741460732033 0.05708236253038933 -0.6606136147137794 -0.0160088792094981 0.999859575552021 -0.004954287374410524 -1.730699559222847 -0.05715493192869599 0.00403172812391498 0.9983571800335594 95.21499833792899
0.9980901320187583 0.015242747884875214 0.059864405147764393 -0.6125770548762441 -0.014782957460974923 0.9998577876912371 -0.008115944916770118 -1.7797816701496572 -0.059979600994709475 0.00721547157871009 0.9981735242103009 96.4209520836548
0.9979663489903967 0.017108758988988178 0.061404044236796886 -0.5132807151654084 -0.0164691399014601 0.9998048763668621 -0.010907640622508017 -1.8193087235722196 -0.06157867905114502 0.00987418649309241 0.9980533887159623 97.46449655764503
0.9979411836754841 0.014997507106609534 0.062357587388873086 -0.48599807454075605 -0.014337653520545831 0.9998365282412486 -0.011015828884457837 -1.8426037163502769 -0.06251260365637099 0.010099087833763622 0.9979930775356247 98.77768241554494
0.9978569749085147 0.015797946206580316 0.06349710640715746 -0.4480603194746114 -0.015128877056670643 0.9998249985445138 -0.011004061271514997 -1.8599246682550916 -0.06365983588913836 0.01001983937581368 0.9979213536714459 99.97968704683451
0.9978611115438528 0.016213379060903057 0.06332715379593414 -0.39834532123727184 -0.0156505548908823 0.9998335844160685 -0.009373558839831424 -1.8881092737929401 -0.06346859223327633 0.00836240474646928 0.9979488002832522 101.14515763427546
0.9979192567755685 0.015548854968558372 0.0625730778023892 -0.36577754692651737 -0.015100489418068175 0.9998568533721965 -0.007632036686538897 -1.926727589939113 -0.06268279010886421 0.006671272278703833 0.9980112033190567 102.21246744912594
0.9980241219893176 0.016359565690771932 0.06066478828662471 -0.3053810248088365 -0.015972744253746417 0.9998489228121866 -0.006855872833896207 -1.9532798779073381 -0.06076778232300477 0.00587334331700975 0.9981346504704786 103.41782426844532
0.9981490095442137 0.01580646771748434 0.05872572114671164 -0.26160069811139 -0.015449601399858756 0.9998593511055228 -0.006525934678519202 -1.9796378486241504 -0.05882061341477741 0.0056065662520782275 0.9982528246152726 104.62805985809322
0.9981944053149406 0.018121884515380906 0.057267150265777854 -0.24761336896879074 -0.017760000646419034 0.9998190055897194 -0.006821908722916151 -2.0283152737705468 -0.05738041107373821 0.005792526495045303 0.9983355823879128 105.87035462849677
0.9983257320611029 0.019080683463759684 0.05460458060656537 -0.21594295741745106 -0.01873297629236359 0.9998009020635185 -0.006872541902704539 -2.049686142625458 -0.05472484174388109 0.005838129112180868 0.9984844054588818 107.00416804468844
0.9984995112986396 0.01939564036172097 0.05121069293943148 -0.1892354590288433 -0.019104505442461426 0.9997984635606577 -0.00616847903029528 -2.0818620906164256 -0.05132001371957064 0.005180868335232154 0.9986688213792979 108.19454103637564
0.9987213899050139 0.01973689408433024 0.046540738693118984 -0.1117526943293605 -0.019526799099077213 0.9997970078756779 -0.004964590595987613 -2.1220441717448177 -0.04662927688846922 0.0040494511659509265 0.9989040556940957 109.4447863465658
0.998864686002426 0.020703076802571323 0.04290363234251638 -0.07870596886334463 -0.020505738899257185 0.9997770588672585 -0.005034603751007141 -2.1200527006105556 -0.04299829914625083 0.004149117212251018 0.999066529865198 110.65563298106561
0.9990353966331912 0.020806843922877554 0.038669775276452455 -0.03204454272512878 -0.020665750026394654 0.9997782582967408 -0.004044874903121823 -2.1502397906034414 -0.038745361655414826 0.003241833293731929 0.999243857858074 111.85614912494768
0.9992122816405382 0.021238855292200855 0.03352204117572044 0.012582811841319918 -0.021141091385752892 0.9997711603678184 -0.0032682031462304517 -2.1878825092281686 -0.03358378289783612 0.002556936186676838 0.9994326348501975 113.03819038098761
0.9994266802518366 0.020837464962617642 0.026685405275636846 0.07306149947202506 -0.02076259379790671 0.9997796906852819 -0.0030797389540501113 -2.2293034314673426 -0.026743700184836624 0.0025239150488180016 0.9996391370655963 114.18463229391814
0.9995474900616563 0.021150026305858653 0.021389050907054098 0.09427133740083851 -0.021089128465120423 0.9997728899494096 -0.0030687428675830156 -2.2557395073481206 -0.021449097230995817 0.0026162777886113487 0.9997665184024258 115.4274893126548
0.9996129112941824 0.022011834773936093 0.017014896527863716 0.10435148254298712 -0.021948618224267913 0.9997515195430999 -0.0038932414911122225 -2.2760203740279223 -0.017096366047037757 0.0035182809932864903 0.9998476563791295 116.6565479289791
0.9996650648236667 0.023309369464773636 0.01124417476958975 0.21355085250067188 -0.02327694407257134 0.9997245357724606 -0.003006068725213671 -2.2849981544151627 -0.011311146968225032 0.0027433318598011633 0.9999322637481852 118.05189495132024
0.9996483093904001 0.0250659479543166 0.008657700968872178 0.2217895302784458 -0.025044626782046504 0.9996830501617929 -0.002562398985759545 -2.3320240381608297 -0.008719185871566091 0.002344668924542239 0.9999592383319289 119.30759614675665
0.9996347145502624 0.025755909955324553 0.00818966228781645 0.20739598369465206 -0.025735084794430763 0.9996653167222065 -0.0026381723435280518 -2.352722869840699 -0.008254869874124477 0.002426447004142353 0.9999629840540586 120.4914484681392
0.9995924644304773 0.02753044358743959 0.007548491881415193 0.20270648960481705 -0.027513455582480126 0.999618682153011 -0.002345219091774245 -2.4034743556068165 -0.007610178428649235 0.0021365782354819942 0.9999687596208833 121.5964513152793
0.9995466012154857 0.02918772208488277 0.007393840549163179 0.1808350320581283 -0.029177353139460467 0.9995731152863319 -0.0015064065031140973 -2.4245015106344616 -0.0074346528060171965 0.0012899908034768046 0.999971530525435 122.83738450362934
0.9995666655912382 0.02880107129706544 0.00608106330794318 0.19979339954782804 -0.0287939880510498 0.9995845866209405 -0.001249176512545911 -2.446835588743486 -0.006114514774686606 0.0010735371371538144 0.9999807299278748 124.11763662543495
0.9994678526647989 0.03237011908405792 0.00402329219667194 0.20514674778414208 -0.03237497250248881 0.9994751349197706 0.0011470974542664683 -2.486045844116197 -0.003984048829894722 -0.0012767410036496963 0.9999912486053718 125.3965591230106
0.9994196499392559 0.033832892671419514 0.003962157086656435 0.18588866514889762 -0.033849013183953815 0.9994186512252969 0.004074787047295148 -2.5011413588757234 -0.003821991858658898 -0.0042065373518478605 0.9999838485804358 126.6490070307079
0.9994355192585861 0.033333526665019306 0.004185551862389404 0.1520434697090929 -0.03334786510430401 0.9994380086266452 0.0034039396867384906 -2.510488785318246 -0.004069734304035997 -0.0035415974472344227 0.9999854470692142 127.97840472323827
0.9994397680911228 0.03322424306499677 0.004037280114232671 0.15748310126131257 -0.03323185785873053 0.9994459867750376 0.0018338872725969246 -2.526683711111289 -0.003974113891157944 -0.0019670261893215916 0.9999901685650467 129.14931290132296
0.9995301910967017 0.03047393687834107 0.00327662285376482 0.15438673695229596 -0.030483769716954427 0.9995307776656103 0.002994041252890285 -2.5493144628302766 -0.0031838451649887343 -0.0030925184421763115 0.9999901496813107 130.4424384874757
0.9996147548206642 0.027673422715892904 0.0021268803470880257 0.15176631706955046 -0.0276827957618897 0.999606576487704 0.004511658379969963 -2.5675187238699198 -0.0020011905528530315 -0.004568798279586684 0.9999875605819563 131.7154522192171
0.9996902569114459 0.024823610190556986 0.0017828666340021226 0.15005425053843724 -0.02483407723854864 0.999672911068427 0.006110604199793607 -2.5781592601619088 -0.0016305962213752129 -0.006152987330070672 0.9999797407462208 133.0451844544922
0.9997112076670432 0.02393683172292413 0.002128227424502147 0.13493454853760528 -0.02395200548598145 0.9996856052505152 0.007415665048444642 -2.601717927400579 -0.0019500507945959843 -0.007464498776181967 0.999970238837096 134.30694204355868
0.9998218155592757 0.018871433098769083 0.0004540314440759599 0.20791893759087382 -0.018873612048791844 0.9998072822471317 0.005402326705791676 -2.6162296626596575 -0.0003519942971502848 -0.005409933308562437 0.9999853042528234 135.7264578175264
0.9998686045786491 0.016188981242837932 0.0008309417934783794 0.1976498435774273 -0.0161918890209982 0.9998623466575421 0.003620837804241387 -2.617247642846546 -0.000772209736266897 -0.0036338165600353664 0.9999930995108572 136.93517838684386
0.9998942461131093 0.014518022209295454 0.0008506591722503404 0.20032680422553556 -0.014521041825239273 0.9998878723913031 0.0036581401152721437 -2.6433734053221603 -0.0007974548304333042 -0.0036701057101554335 0.9999929471700636 138.22730892975264
0.9999070176799885 0.01363651679013338 3.747190501225916e-05 0.21940134975276557 -0.013636545680483982 0.9998965836159913 0.004568007768487216 -2.6799544380873477 2.4823684829094755e-05 -0.004568094011871506 0.9999895658960064 139.5357394639836
0.9999071130260453 0.013613249800860773 0.0006668956281019783 0.20210732990552735 -0.013617646081553393 0.9998820447494903 0.0071032600104354564 -2.724344222105567 -0.0005701185113385789 -0.007111681758744702 0.9999745491498498 140.85190444070452
0.9998505699062937 0.017262977387191302 0.0009096536643259692 0.21431210353368588 -0.017269942400350808 0.9998163747424933 0.008304570203621818 -2.7116205934578845 -0.0007661250213021494 -0.008319038917305278 0.9999651027130617 142.09989573300436
0.9998422392985764 0.01769932361604367 0.0014934717750139765 0.20019959287479355 -0.017708787211866268 0.9998215281079503 0.006581093174226666 -2.721860645312356 -0.0013767243344425932 -0.006606502510222017 0.9999772291180882 143.385268377634
0.9998338799945431 0.018139897088622153 0.001776667856330808 0.19572358418856844 -0.018147902748041754 0.9998247379438294 0.004598589066282777 -2.7396050035026396 -0.0016929385414539426 -0.004630067944114256 0.9999878481411301 144.6620353168866
0.9998372142569442 0.01779222262074867 0.002996965319647609 0.14672897109637706 -0.017799149361033335 0.9998389356620242 0.002300655614029349 -2.778441221156222 -0.002955548838553978 -0.0023536245334499486 0.9999928625658377 145.94007338160907
0.9998607265252826 0.016481315339970794 0.0026256041207015834 0.15924340867556658 -0.01647672198228131 0.9998626978112934 -0.001761578337914822 -2.793205537622371 -0.0026542767475923696 0.0017180716476463812 0.999995001509888 147.2409798886648
0.999874385426905 0.01568853604398464 0.002254596186849283 0.16421530797536368 -0.015676818048697028 0.9998639800945565 -0.0051243229153073895 -2.821157990736745 -0.002334682641646951 0.00508833433147746 0.9999843289325557 148.5110595413674
0.9998991505294614 0.014102664702601216 0.001674401011536771 0.19153753713023122 -0.01409109862496979 0.9998780709505901 -0.006729351504264697 -2.8318101306100574 -0.0017690986413436936 0.006705078702937109 0.999975955815731 149.767940360286
0.9998990778565735 0.014154962314346249 0.001212907025906785 0.18516973392530364 -0.014146699312399343 0.9998783460796576 -0.006569926907735554 -2.8650413746635324 -0.0013057565387990786 0.00655210522564047 0.9999776822094448 151.06650561704046
0.9998825026484447 0.015260214398971949 0.0014514661485657417 0.17387937255188624 -0.015250819031854499 0.9998639925701717 -0.006277649280841863 -2.90284589923571 -0.0015470670123325914 0.006254775626114732 0.9999792419673152 152.36369272641522
0.9998763516571115 0.015690590287266958 0.0010424841972228643 0.17686989081267895 -0.015685336047105005 0.9998651157285748 -0.004870378031844176 -2.951322389527115 -0.0011187626887432223 0.004853424102714061 0.9999875962453362 153.65042339601908
0.9998730514657291 0.015933582681269327 4.3537920208893236e-05 0.1833994578103942 -0.015933203527590072 0.9998620683659761 -0.00468799192196521 -2.978035377958315 -0.00011822842185017219 0.004686703089718186 0.9999890103577084 154.8718916814907
0.9998857614697304 0.015114831238145846 -7.672509205973921e-05 0.16183753701740286 -0.015115021771373228 0.9998763856086095 -0.0043300830377906415 -3.0325742752498144 1.1267133370816407e-05 0.004330748076905353 0.9999906222031015 156.11357903477085
0.999891031724379 0.014651089822855446 -0.0018083816410167225 0.13938893604806196 -0.014657271838515866 0.9998866107741531 -0.0034539798536014853 -3.0857686743727513 0.0017575720209409634 0.0034801094206729725 0.9999923998606246 157.35616143777693
0.9998997515938383 0.01409987640839488 -0.0012962437458218321 0.10301442225208263 -0.014102653143466825 0.9998982227278208 -0.0021585550862562304 -3.1266044492269187 0.001265676457732378 0.0021766191704859343 0.9999968301910217 158.68528676592746
0.9999093656978674 0.013369769571496298 -0.0015841878972148787 0.05986751215990693 -0.013372199852252109 0.9999094121366751 -0.0015335552159704679 -3.1596532624224256 0.0015635411091554732 0.0015546003004287628 0.9999975692755987 159.9924761701992
0.999877644121113 0.015512443738989969 -0.002015161546277758 0.07927858461967349 -0.015519903419619039 0.9998725627296859 -0.0037404409119665112 -3.125948499670192 0.001956881360385162 0.0037712583596044634 0.9999909740721296 161.25837539412524
0.9998664536725274 0.016099290553316808 -0.0028084985318913356 0.06333917053180795 -0.016112015263135333 0.9998597556977914 -0.004568577471541551 -3.183057403213688 0.0027345537998447913 0.0046132179260107795 0.9999856201145509 162.52810395349383
0.9998691372529827 0.01576932996456221 -0.0036106234149952967 0.04766271006279787 -0.015784921543873884 0.9998660292435617 -0.004331260390079675 -3.2212513752892273 0.003541838622791571 0.0043876869967771565 0.9999841016646157 163.81792913730038
0.9998635538417954 0.015614672739705336 -0.005390333392950766 0.05335048105931054 -0.015641382088499398 0.9998654183824237 -0.004948968508922581 -3.255316688131155 0.005312331429497534 0.005032605505366002 0.9999732256498723 165.00870007445425
0.9998541625271179 0.0158344698724428 -0.0063971275627762725 0.03877460066596472 -0.015870623443380347 0.999858141956135 -0.005640857695759987 -3.296737607181618 0.006306900087535613 0.005741561449996842 0.9999636280802426 166.37367048428942
0.999867625458084 0.015277195896887688 -0.00559811096179379 -0.015472689544542577 -0.015319832593285539 0.9998533470507162 -0.007654222416024198 -3.2660470143283375 0.005480354927022874 0.007738971314611472 0.9999550360055524 167.64538748456388
0.9998692245048312 0.01473178849155506 -0.006671453810654204 -0.02513349421991901 -0.014772036574827594 0.9998727390901467 -0.00602433065156274 -3.3054290212458532 0.0065818556304102025 0.0061220937764369775 0.9999595987559963 168.92586651871824
0.9998626490023895 0.014694323205525951 -0.0076655068622951275 -0.03364830017019626 -0.014733352005144192 0.999878654489156 -0.005060102335679947 -3.3550787670534836 0.007590221908275526 0.005172345936476173 0.9999578167947368 170.2449574842146
0.9998546754431041 0.014631697024386575 -0.008748796302998242 -0.05477284706499824 -0.014672570466263052 0.9998816504311157 -0.004626100632375887 -3.3962069639574017 0.008680073183870278 0.0047537956766020555 0.9999510276789497 171.50440941493417
0.9998681323551899 0.013355369082132092 -0.009238615546961518 -0.09202022779568456 -0.01338968112180117 0.9999036479082282 -0.003662149542889301 -3.449574813728727 0.009188816028249244 0.0037853687400348675 0.9999506171024152 172.75545606361752
0.999848733378291 0.014530245957878123 -0.009559409721869949 -0.12239282813855085 -0.01457734350252693 0.9998818571661875 -0.004875732386541825 -3.465009892963501 0.009487434755314586 0.00501434565017245 0.9999424208020501 174.02705262330431
0.9998430029313347 0.014497232109434035 -0.010188216252919553 -0.15720208787444473 -0.014545825664734767 0.9998831022266378 -0.004711776455452062 -3.508620642389147 0.010118717556202599 0.004859232737809935 0.9999369977214653 175.2726480748653
0.9998189659922613 0.015734474006005552 -0.010698671409098758 -0.17630528279170912 -0.0157866573524946 0.999863809941515 -0.004810719163789169 -3.5351979559399376 0.010621520220781009 0.004978744519681215 0.9999311953385629 176.5501537359003
0.999792937815709 0.017390616756637882 -0.01056635900665387 -0.1660189514941819 -0.01743634347991976 0.9998389386206804 -0.004250969762492069 -3.5611488021023927 0.010490730188314316 0.004434328212379853 0.9999351385532068 177.78519791992906
0.999799259834524 0.017255132453338377 -0.010183341217676181 -0.18870010066040124 -0.017316177156773208 0.9998324361114675 -0.0059371464596556746 -3.590300619242409 0.010079188608867267 0.00611229117646606 0.9999305225132199 179.05379341708465
0.9998359781775367 0.01496861218031801 -0.010195949743090689 -0.22743590673785793 -0.015020899871829451 0.9998743201050357 -0.0050711499221587 -3.643555101886793 0.010118760240704872 0.005223470483095653 0.9999351609215986 180.3036602047003
0.9998193440901343 0.015395157774004931 -0.01114756925465145 -0.23785783012479114 -0.015417946836661455 0.9998792128970413 -0.0019612576921625223 -3.6680098129062118 0.011116028900449828 0.002132776009495881 0.9999359405321812 181.58927023981508
0.9998481411219697 0.013180099900060678 -0.011400862316773086 -0.26385510689629815 -0.013155655011515745 0.9999110040317964 0.002216474078976441 -3.6972086563007003 0.011429061035779653 -0.0020661516762363673 0.9999325515158966 182.9402114801353
0.9998196945336013 0.014880003298443951 -0.01179677602459243 -0.2779519529509926 -0.014860787184966183 0.9998881017631044 0.0017149218113434474 -3.7249048029366305 0.011820974028363589 -0.0015393032235962365 0.9999289450348993 184.20971115524554
0.9997912931390698 0.017118756831292388 -0.011149812906849146 -0.3278158322329428 -0.01713275176069965 0.9998525497398035 -0.0011608599915835952 -3.760567560751847 0.011128296384123793 0.0013516446888500637 0.9999371650639965 185.4094673708635
0.9997697777800479 0.01742616488975864 -0.01251879446545859 -0.3216286577057173 -0.01746215563053531 0.9998436840216661 -0.0027713972500578873 -3.7977826093686433 0.012468542752399628 0.002989364350093132 0.999917796192474 186.57329391027176
0.9997868434938231 0.016317027506679994 -0.012649987747187884 -0.32894779516370914 -0.016346489768265894 0.9998639023393597 -0.002229141306256936 -3.8401597190265413 0.012611893153437893 0.0024354490455624155 0.9999175009664711 187.94402709134866
0.9997831668079691 0.017244115645903505 -0.011673039150935857 -0.3148342014330057 -0.01724298509327477 0.9998513091759947 0.00019749461406002908 -3.883755998885832 0.011674709097090152 3.8262494003462e-06 0.9999318482540989 189.17164117417624
0.999800694141286 0.01676308413513878 -0.01084301641061723 -0.34952514735926765 -0.01673658097899858 0.9998567316878791 0.0025304062057222645 -3.912667777199512 0.010883880362080382 -0.0023484268587276322 0.9999380110984646 190.3727196748961
0.9998129136301649 0.016593727685553096 -0.009939111623182012 -0.3855694397620019 -0.016561067359167583 0.9998572125965361 0.003359384855931295 -3.9350652680417495 0.009993437160730895 -0.003194154063731917 0.9999449627822181 191.52533992612206
0.9998194650804431 0.017196322015404976 -0.008082311265914771 -0.4178710241457704 -0.017178132741073025 0.9998497659813929 0.002314567450743092 -3.94992389289491 0.008120899075023011 -0.002175310574714009 0.9999646588865613 192.77952929024227
0.9998567592238642 0.01598985350230099 -0.005548479010195694 -0.47079030246089787 -0.015984722396965818 0.9998717676913428 0.0009678965240870884 -3.978986080900602 0.00556324403954822 -0.0008790669851343892 0.9999841386527049 194.00350256062043
0.9998631760691736 0.016013259934239934 -0.004147848495678977 -0.5149011111239208 -0.016014800583189704 0.9998716975646019 -0.0003384842123016036 -4.014677994863586 0.0041418960809400975 0.0004048648660687361 0.9999913403531527 195.21582197507303
0.9998743491977865 0.01569694891734039 -0.0022116986660434905 -0.5315690297717522 -0.015699531195425925 0.9998760875899458 -0.0011550697237927513 -4.039210613110563 0.002193293538681126 0.0011896472205577759 0.9999968870966268 196.4705673405253
0.9998661717670154 0.016272997782237612 -0.0016816953209316363 -0.5119781413029391 -0.016274297172572987 0.9998672745779552 -0.0007618921122865957 -4.05281712294652 0.0016690738485568707 0.0007891585590180506 0.9999982957091761 197.65988477999593
0.9998657526754445 0.01638525421004426 8.440326007731294e-06 -0.5336792841839141 -0.016385255380782754 0.9998653785566257 0.0008649681624792327 -4.073668190783417 5.733533466955511e-06 -0.0008649903397147279 0.9999996258793494 198.90445260916843
