1.0 0.0 0.0 0.0 0.0 1.0 0.0 0.0 0.0 0.0 1.0 0.0
0.9999786777987482 0.0006971607869804877 -0.0064929126518487755 -0.0089881949892016 -0.0006929028854054998 0.9999995434585651 0.0006580032315321614 -0.00517289711161586 0.0064933684216158475 -0.0006534902435436825 0.9999787043317686 0.09533132224730678
0.999905982361999 0.0012248613212307057 -0.013657457722045416 -0.013926570251311925 -0.0012183097494330463 0.9999991387804397 0.000488016120113447 -0.004317504921349122 0.013658043712045344 -0.00047133122409529 0.9999066134838979 0.1921075460317048
0.9997742995395655 0.0013042195963423873 -0.021204928469948352 -0.02597988362735781 -0.0013090050588009468 0.999999120823249 -0.00021179821756952755 -0.005995301378383086 0.021204633595682414 0.0002395077732529775 0.9997751277912946 0.288176778387826
0.9995246129947741 0.0016123580185787199 -0.030788769369155027 -0.03235885963070746 -0.0016509676321559464 0.9999978823779276 -0.00122863564081509 -0.011677883190338509 0.03078672316965005 0.0012788828250596786 0.9995251583302919 0.3899600482621321
0.9991180886379706 0.002386387658454223 -0.04192075989711963 -0.052714532643086495 -0.002515548558367978 0.9999922497910625 -0.0030285926202896956 -0.007960335756052034 0.04191320760642006 0.003131375377171793 0.9991163483380644 0.5054112827100687
0.9984470040541116 0.001872475944214695 -0.05567830752822105 -0.07235482338951271 -0.0021000532772403506 0.9999896778798903 -0.004029132649332853 -0.009740173688033893 0.05567018835608131 0.0041398028348588285 0.9984406302634559 0.635662835234099
0.9974383815824491 0.002396927981732753 -0.07149076641381773 -0.10690008180152213 -0.0027000986125733342 0.9999877668072489 -0.004144358012227933 -0.006585930447127736 0.07147995812580643 0.004326773867620638 0.9974326516683878 0.7760082978376004
0.9959153031706829 0.0004589547051157054 -0.09029118600962852 -0.13711243002115284 -0.0008357760689793311 0.9999910989534395 -0.004135636862074512 -0.009080239598236716 0.09028848425358134 0.004194207251803399 0.9959068220655584 0.9248434996669871
0.9939422739014442 -0.0006700694945478933 -0.10990135194117918 -0.17766117921777028 0.00018316785949351217 0.9999901246550589 -0.004440387583867445 -0.012300277430390331 0.10990324199568319 0.00439335853672244 0.993932581113833 1.084147718971898
0.9912577803650023 -0.0010681313550984606 -0.13193510511329795 -0.22832266628419337 0.00041318173518540684 0.9999874572423894 -0.004991456576420725 -0.01283689785876755 0.13193878181453106 0.004893306991068521 0.9912457885913003 1.258799394272419
0.987753392104623 0.0026520412697741687 -0.15600065084131667 -0.2869681872034344 -0.0037199305919140314 0.9999716040443157 -0.006553870721148677 -0.015162481465978454 0.15597883991811942 0.00705391962965289 0.9877352093125242 1.4337751148769269
0.9833919057265661 0.0068793047316239924 -0.18136437058552024 -0.3551220115674904 -0.008504052821563942 0.9999303624993069 -0.008182373592840898 -0.01845610276876243 0.18129545178266473 0.009588812148239501 0.9833819267428628 1.6087709338079366
0.9779423178279528 0.009648442197168861 -0.20865217603576358 -0.4228444177068855 -0.011809406141301345 0.9998887349307007 -0.009113489193090433 -0.025837067125317522 0.20854102936324348 0.011376525034063494 0.9779474493807263 1.7937305207119807
0.9712731110765046 0.010395302430099293 -0.2377403654980677 -0.507419781180302 -0.012979599568298281 0.9998724424295935 -0.009307462861912032 -0.02991506230045522 0.23761328602335072 0.012125863155504122 0.9712841447011885 1.9974315169842314
0.9631434135209846 0.011779826599417498 -0.26873034937727663 -0.5762845018347428 -0.014614150264945657 0.9998566600544525 -0.008549032505996685 -0.038072561389244856 0.26859112346311653 0.012161210056678372 0.963177508752555 2.1744826417188423
0.9537515542048163 0.01350951515427783 -0.300292300687503 -0.6857008169464833 -0.01651357096391047 0.9998357528614439 -0.007467882833147852 -0.03996146050133546 0.3001420910600799 0.012081403076053251 0.9538179935783329 2.381473556635161
0.9422909587495264 0.015278280786108428 -0.3344462934390501 -0.7849009835186962 -0.01856942047470951 0.999805489546019 -0.006645276283097647 -0.03770670029316617 0.33427971174172655 0.012472257609033373 0.9423913821274058 2.5799756252094674
0.9297176591979701 0.017490605399724076 -0.36785751711525233 -0.8898683073257293 -0.021322712133547177 0.9997524457307745 -0.006355250003318938 -0.03635482281479579 0.3676552952463991 0.013752308100313504 0.9298604507662411 2.763986111325896
0.9159981364975663 0.02062915553430208 -0.40065178381598077 -1.0165552672023819 -0.02497457910379215 0.9996722526508989 -0.005626515659439911 -0.03904281492153072 0.40040440098926766 0.015159987527008976 0.9162131250132836 2.940154001784016
0.8996921761046826 0.022096904590061764 -0.43596526818493075 -1.1285719380669357 -0.026646682648601035 0.9996355637804024 -0.004323647680124429 -0.050128806512243704 0.43571084742044885 0.0155069801371772 0.8999531048933492 3.124679137067188
0.8812591199144145 0.016958065470532396 -0.47232910939637074 -1.2759160373453202 -0.022072401389945415 0.9997423884187774 -0.005288279077317721 -0.0454577909076243 0.47211775296482206 0.01508578185629096 0.881406402586929 3.3298234540147367
0.8601229646139505 0.012771216456575123 -0.5099268396289102 -1.3883683704753378 -0.01779855141384567 0.9998291863832747 -0.004980925990985168 -0.05960616424226469 0.5097761246971827 0.013360167902323831 0.8602033530522559 3.4709356613511604
0.8349893876126114 0.014165723495072982 -0.550083679863507 -1.5462553865233901 -0.018072525635766123 0.9998352584618192 -0.0016851568864152274 -0.06792885010481717 0.5499691867654594 0.011348489522768821 0.8351078405775454 3.6516372010312295
0.80591565574824 0.01967742697344058 -0.5917032657401758 -1.7293387431876823 -0.02261885282086524 0.9997411847316647 0.0024394770741921123 -0.0758359110984752 0.5915981265326593 0.011417636315472018 0.8061521532961475 3.8206910681538675
0.7734280011661085 0.023131850147773598 -0.6334619519126141 -1.9249096370286103 -0.02639960492673861 0.9996423466460967 0.004270790511972327 -0.08047082355080216 0.6333341834070778 0.013419996297539762 0.7737620537526145 3.9792183978238334
0.7375241522949697 0.022602076763280708 -0.6749424204386424 -2.146248627242439 -0.025560066516444033 0.9996579043573833 0.005545922419174371 -0.0861554598527929 0.6748368749418345 0.013161321430286187 0.7378495590816243 4.142500458011068
0.6974747576992417 0.01862746140160668 -0.7163672103426537 -2.3630665437021006 -0.019449689816459705 0.9997859075697583 0.0070603534584533535 -0.09395817075155306 0.716345358007175 0.009008701718141401 0.6976877319796628 4.310989866447663
0.6551191070713385 0.015449680178168793 -0.7553676342897175 -2.600341785973659 -0.013851469847459252 0.9998684654782243 0.008437329274472797 -0.09967791242322598 0.7553986314080249 0.004935496389751166 0.6552469370720246 4.461179138364526
0.6101882755571988 0.014950689108073912 -0.7921153610855718 -2.8265088604051933 -0.011120856257971089 0.9998850548812744 0.010305512173607038 -0.10063071104298255 0.7921783857999546 0.0025206983684165087 0.6102844018579485 4.597806383949726
0.5613076578066765 0.012749314664230474 -0.8275090140072043 -3.128212623978338 -0.0073130242071857594 0.9999187063845577 0.010445108863856788 -0.09106578131373153 0.8275749107872521 0.00018867385919189617 0.5613552631245624 4.8102020474440454
0.5098632505343386 0.014085803746206894 -0.8601401373540138 -3.423420330683283 -0.006426509062460365 0.999900403968883 0.012565115364958291 -0.09537786723092405 0.8602314605592082 -0.0008787921756251235 0.5099029927236 4.9424776453650585
0.45774944591838185 0.015514693526543638 -0.8889458583323238 -3.689428656067063 -0.0036640956709090224 0.9998721613994443 0.015563908934386814 -0.10392090991164374 0.8890736860150169 -0.0038671880198517436 0.4577477751911966 5.027211030893319
0.4040230262878286 0.017336095025869944 -0.9145845253657414 -4.03310520518049 -0.003156497696767298 0.9998408684587701 0.01755774136678017 -0.09246610080862229 0.9147433687934091 -0.0042068478539695475 0.4040134548249832 5.117258460728876
0.34874185135763414 0.01968071065567611 -0.9370121614684291 -4.341532099873925 -0.0021382198977310295 0.999793601212089 0.020203539071936526 -0.1005129227932743 0.9372163833007396 -0.005042281571855688 0.34871195314934555 5.182971252092868
0.29342432038582833 0.02275770747914905 -0.9557113868508675 -4.71834592929763 0.0002622379107989298 0.9997146534455789 0.023886040221524657 -0.09860807363711445 0.9559822694158052 -0.007259368876123956 0.29333462483335904 5.257337761901259
0.2394254841837078 0.024495588593987122 -0.9706056890740088 -5.112562952090622 0.0049231145249484 0.9996382075525632 0.02644271061130049 -0.09702973776380873 0.9709022610267068 -0.011109461757118093 0.23921826726380202 5.327867193345869
0.18879424353264485 0.025113415597971277 -0.981695497578521 -5.477900944913316 0.006752295103581061 0.999616119860649 0.026870419155173752 -0.09786689359829225 0.981993452177646 -0.011701678159313141 0.18855219597895245 5.352086561914732
0.1420047922869525 0.02572205324765325 -0.9895317149764654 -5.937263923675363 0.0036663840279017325 0.9996417978752192 0.0265110084485534 -0.0794149724707753 0.9898591801845855 -0.007392693522946393 0.14185961894343424 5.374234264118697
0.0994288467326292 0.02568439755770657 -0.9947131325962865 -6.374408406460012 0.00171810834156751 0.9996608852693181 0.02598389051489469 -0.0629337882075322 0.9950431912943006 -0.004292573198103314 0.09935100036835542 5.376566840011153
0.06101537076696728 0.02434191426531663 -0.9978399649944224 -6.831108597109229 7.49290654513084e-05 0.999702469780287 0.02439193105986973 -0.05158311097027212 0.998136823745024 -0.001563049933387262 0.06099539293340994 5.379548962711428
0.026171125504179327 0.021789730852601243 -0.9994199716931899 -7.2198650752682525 0.0023650470510496787 0.9997582652801978 0.02185903832230193 -0.04469229826279362 0.9996546797481075 -0.002935750892146767 0.026113265295792498 5.372279893984136
-0.005406532184591528 0.018697746108315757 -0.9998105639070866 -7.679202664580893 0.002602004198317357 0.9998220550723393 0.018683890523015556 -0.03198170612658533 0.9999819993299327 -0.0025004962293622155 -0.0054542217334860865 5.339931921561597
-0.031913169973490474 0.017304337959274246 -0.9993408374874083 -8.197099911225278 0.0021040209524058407 0.9998490637956251 0.017245948012325374 -0.03647419474788315 0.9994884304873545 -0.0015522611903969908 -0.031944761810378974 5.300026034256646
-0.05287520235650378 0.014659042999133464 -0.998493527988093 -8.721987420496996 0.0021839720197380607 0.9998915554360274 0.014563915474168191 -0.02671494561099134 0.9985987398559925 -0.0014106119492158793 -0.052901483267985494 5.256266147572083
-0.06908783749162417 0.013806556436494484 -0.9975150373353261 -9.253447411524059 0.0016506018318916196 0.9999044411585672 0.01372530746343995 -0.024110410442847334 0.9976092151861488 -0.0006982483364084121 -0.06910402466526255 5.205435864757585
-0.08165694379170096 0.014148853673975295 -0.9965600601420427 -9.856905687237663 0.0024214870827763833 0.9998990932561049 0.013997846474624234 -0.013632846200325075 0.9966575539927981 -0.0012701359500615632 -0.08168296532179409 5.127748161610848
-0.09167559163757533 0.0157353010739401 -0.9956645952317544 -10.405099934574169 0.0009450409267447019 0.9998760676084854 0.015714843983905824 -0.023635039700786342 0.9957884779387376 0.0004997238279120512 -0.09167910056576978 5.066848641866404
-0.09763513217517517 0.017086537233675873 -0.9950755907017812 -10.904092132148072 0.0004406790736146644 0.9998532535628691 0.017125336250682716 -0.02064031076800223 0.9952221795996563 0.0012335254788926975 -0.09762833424678918 4.984572174974898
-0.10263582112021208 0.01795629841416438 -0.9945569162045186 -11.559368176061387 0.0008265522412913178 0.9998382504134349 0.01796635248440775 -0.02012722701080497 0.9947186562211311 0.00102193809159172 -0.1026340616372785 4.921519134316356
-0.10414109235097424 0.018585242070900822 -0.9943888684318183 -12.17340104122677 0.002871510359553288 0.9998268369899905 0.018386148668109968 -0.008699012043434626 0.9945583880859892 -0.0009406443307020553 -0.1041764266810985 4.858137185436948
-0.10292896515386363 0.02127882762115778 -0.9944610799963083 -12.80401679734218 0.003966273267552465 0.999771987257448 0.020981948709792086 -0.021377374426890965 0.9946808014678487 -0.0017846541296003674 -0.10298989368338951 4.790030156384492
-0.10024277292781991 0.023262833744813204 -0.9946910208913633 -13.530038376254442 0.004739533897966063 0.9997264582611433 0.022902957692417427 -0.013324256637533836 0.9949517190769467 -0.00241851582418062 -0.1003256073345018 4.706825874576375
-0.09902366064487578 0.02358515416643643 -0.9948055363413666 -14.190577441996117 0.0028644198405677135 0.9997216906782519 0.0234165814412462 -0.012858464870129656 0.9950809563706189 -0.0005307451017017517 -0.09906365922058202 4.640948432696244
-0.09724563848467982 0.020869521827201327 -0.9950415814700467 -14.857606109384578 0.0017786983377429016 0.9997821759640366 0.020795116177590355 -0.007443613262399306 0.9952588216277869 0.00025235554310701894 -0.09726157663100876 4.565807065412193
-0.09725086327534038 0.02077798454808398 -0.99504298648366 -15.518167414400317 0.003827074928016014 0.9997824683977573 0.020502911548917205 0.00657468467837114 0.995252542367864 -0.001814178218079648 -0.09730922704295142 4.530772030341862
-0.09520864135278773 0.023395329029771615 -0.995182381873466 -16.23066981059808 0.0034116491773159333 0.9997255851553447 0.023175742397917736 0.0195585008005795 0.995451493173649 -0.0011886822083499724 -0.09526233134329853 4.452925652343785
-0.09360175488578859 0.02756270251594478 -0.9952281190321736 -16.99404379134152 0.0016558084467464048 0.9996196450288751 0.027528595509638466 0.005477656305496931 0.9956083415584104 0.0009288177233101938 -0.09361179154865296 4.383188838625838
-0.09152778056917699 0.02981871439190532 -0.995355971326889 -17.731914189372407 0.0015037197627627116 0.9995545648050395 0.029806220899055304 0.01217507150871391 0.9958013879338369 0.0012313608009770322 -0.09153184986452612 4.30226136877681
-0.09030676789095171 0.029326751420853656 -0.995482108992517 -18.487049139562235 -0.00048035482980571454 0.999564942034642 0.029490607225359164 0.019329309158023895 0.9959138802789765 0.003141386060703465 -0.09025339196556748 4.2440485545800986
-0.08782501752567118 0.025628702020214097 -0.9958061738759079 -19.241927699096703 -0.003213044079762101 0.9996564886849976 0.02601117024900568 0.03913288069249773 0.996130735719141 0.0054840006145446775 -0.08771250248911278 4.1559773368681014
-0.08702651556955576 0.025193569209353027 -0.9958873779992975 -20.016604842809265 -0.0035493623974519628 0.9996659825578931 0.025599323099132612 0.046853315219174525 0.9961996725628821 0.005762585101824482 -0.08690802608822046 4.1007136416826
-0.08508110369260291 0.027812915130836856 -0.9959857667388492 -20.78994045209556 -0.00045626514264317144 0.9996091323587194 0.02795307366226152 0.05273286202896518 0.9963739245968695 0.0028327119467175086 -0.08503515817859553 4.018797798817448
-0.08414148977314051 0.03023387329903399 -0.995995041455576 -21.607161668306016 0.0017574244376082186 0.9995425396841591 0.030193092274348177 0.04678906702505621 0.9964522673756645 0.00079010573923091 -0.08415613212843276 3.9437450078759384
-0.0824278481553038 0.03235399768998514 -0.9960717186437745 -22.404232177264028 0.002061546484751481 0.9994762871579502 0.03229398450253258 0.05556532122118826 0.9965949025931136 0.000608475500774048 -0.08245137890288778 3.860524913861782
-0.08230971121578556 0.02700446858290639 -0.9962408695271083 -23.23107243257217 0.002445609468906903 0.9996352880234199 0.02689442196180815 0.0725369780776345 0.9966037981233564 -0.00022274399883563453 -0.08234573426238545 3.8073864423345856
-0.08229617745804929 0.020201755564513205 -0.9964031454425989 -23.94995791993824 0.005290897660325926 0.9997892988025819 0.019833416291435937 0.0783246668403674 0.9965938719346719 -0.0036396527242442598 -0.08238572297616664 3.7402244517526064
-0.08380629255540528 0.017342004516954643 -0.9963311498730993 -24.83819547159584 0.01213271743259404 0.9997921968675708 0.01638170474698521 0.036626360037942604 0.9964082007369365 -0.010715314370119704 -0.08399928298581405 3.6675606509422183
-0.0845050461695327 0.01796013969746244 -0.9962611758740443 -25.688135485715105 0.013178036508183458 0.9997702434622497 0.016905609756020016 0.04172403244638201 0.9963359054684694 -0.011700156814397364 -0.08472230995932772 3.587653731253046
-0.08474889417228804 0.02559710404514944 -0.9960734978911329 -26.515701823898635 0.012868434787709247 0.999614714197066 0.024593221562707882 0.04307353052109913 0.9963192401648627 -0.010733658519803931 -0.08504563629070838 3.52138735347402
-0.08441180551193073 0.03254274380185277 -0.9958994010019602 -27.365461848997846 0.010627236134055518 0.9994390993985958 0.03175765176260355 0.054378578487002754 0.9963742815540589 -0.007902937376111764 -0.08471029830228582 3.4305370321189863
-0.08483088372222514 0.0377302490329496 -0.9956807467631471 -28.21283579879833 0.008407234268031133 0.9992743295660046 0.037150137043818296 0.06642649832780217 0.9963598946057941 -0.005219442338377081 -0.08508653150062928 3.344289787579261
-0.08565017202456571 0.038497056131026455 -0.9955812496734796 -29.045174668086023 0.007295546925206287 0.9992506770240607 0.03801130702854811 0.07347641322584925 0.9962985611889765 -0.004007634738974664 -0.08586684946226075 3.2795867206640072
-0.08659637411380561 0.03526233602240587 -0.9956192222173017 -29.87951561776596 0.009011970905223642 0.9993602270408319 0.034610995208175205 0.08893170965462427 0.9962027165043996 -0.005975304773805447 -0.08685875524156961 3.209323538663651
-0.08736452820811036 0.032435826718064144 -0.9956482091361841 -30.71895425711751 0.00912885875737235 0.9994538727317499 0.03175878176654645 0.10636434459314462 0.9961345808417469 -0.006314540887736285 -0.08761291813776606 3.136219869272403
-0.08717009315771374 0.033462816224206396 -0.995631264469543 -31.56029959255364 0.006678801293158327 0.999432843248894 0.03300583961540776 0.11834274168496983 0.9961710538216629 -0.003772501262624397 -0.08734414555115588 3.049253136343157
-0.08751549620824228 0.03545932702549726 -0.995531854864687 -32.409322859471416 0.005978757845055573 0.9993669622968296 0.03507034536809231 0.13565963604075992 0.9961452165111548 -0.002882845210191952 -0.08767209832916478 2.975774043176166
-0.08735631943785038 0.03394695681930343 -0.9955985524180823 -33.24488418496625 0.00538379071726006 0.9994206951776271 0.03360489321782382 0.14725619219255304 0.9961625812345017 -0.0024244944580149577 -0.08748847681173832 2.893009221906647
-0.08632919472475975 0.029240050399116806 -0.9958374815153486 -34.085037493690024 0.003949740277434366 0.9995713966782395 0.02900728347250829 0.14538653246195793 0.996258836693515 -0.0014291239871855068 -0.0864076843499113 2.787988521891756
-0.08703285604508926 0.02487569355171732 -0.995894814646083 -34.909717350117454 0.0027222672236665935 0.9996903960225706 0.02473259714221129 0.16003644456863791 0.9962017221576149 -0.0005585432454312944 -0.08707362861191248 2.731613460027484
-0.08610564331413251 0.02486824482092425 -0.9959755963822537 -35.77257092950836 0.0038990882691713647 0.9996891825613682 0.0246238782577536 0.18945008096835447 0.9962783824314009 -0.0017631418859622443 -0.08617584366028197 2.634369281102636
-0.08483028662299663 0.027810168156570184 -0.996007237432823 -36.716941752288385 0.0055101670200824885 0.9996082267713704 0.027441410867651457 0.20573107632770218 0.9963801787123585 -0.003160303482223529 -0.08495029105912 2.5447417683969893
-0.08385971166298756 0.03259009883577853 -0.9959444935425243 -37.56302430477526 0.0059024462504914214 0.9994637505893719 0.032208265803764305 0.2122185438484827 0.9964600894607175 -0.0031775329581391126 -0.0840071032487093 2.4492367096752052
-0.0841335534644867 0.03788182456049236 -0.9957341575688796 -38.39685921611536 0.006762859316980683 0.9992758002954474 0.037445142245048 0.23102834602998895 0.996431537495325 -0.003583617147691553 -0.0843288134200979 2.3945385921391624
-0.08381726235548426 0.040888157578197554 -0.9956419161029193 -39.22736883713864 0.006338287195409341 0.9991594740876484 0.04049903031335877 0.24832816853829504 0.9964609840062282 -0.002916146559130456 -0.08400597266019405 2.3035557037387537
-0.08360939748660678 0.04056753781226316 -0.9956725081711241 -40.05947503949084 0.006647942095446329 0.9991714735585893 0.04015185291680837 0.26835922051194033 0.9964764289825536 -0.0032621009500042493 -0.08380981553236944 2.2294870349393663
-0.08365949309574017 0.035852010033545295 -0.9958492469201944 -40.908628728558625 0.007284246356360011 0.999347879225776 0.03536602949107775 0.29480408794543134 0.9964677761824432 -0.004295307148329726 -0.08386609187578653 2.1580300895591655
-0.08277774223615486 0.03110088938454116 -0.9960826170904576 -41.73212455371016 0.005398930164981736 0.9995122394202136 0.03075930432020862 0.3131801454151733 0.9965534089768386 -0.002831594723841948 -0.0829052780464643 2.0664736108503465
-0.08288116298842163 0.028120631608933314 -0.9961626086636668 -42.5779391942861 0.0017093936922101074 0.9996043420150145 0.028075565852443786 0.32803463529004445 0.996557971617754 0.0006241014697433155 -0.08289643962477378 1.9788297115612408
-0.083690515842062 0.026570570772050873 -0.9961374916782004 -43.42431912590787 -0.0016763365235477785 0.9996392808742554 0.026804813542745182 0.3290553194772224 0.9964903850283501 0.003913170332218072 -0.08361578585411777 1.9002579953463543
-0.08397765229150322 0.025008631567704512 -0.9961537643670874 -44.285990916677456 0.0012088127813034318 0.9996868347199532 0.02499542476655913 0.32861461682436494 0.9964669049633649 0.0008948936874140672 -0.0839815841599878 1.805997097227048
-0.08523067635709491 0.021169305646887578 -0.9961363321885922 -45.11319136803947 0.003964662540950449 0.9997735558118344 0.020907380282983726 0.3379554757867021 0.9963533576290337 -0.0021673942395341967 -0.08529530551889652 1.7319917824069748
-0.08609965937383923 0.019488301444628375 -0.9960959064078683 -45.929771238188984 0.008775690723419173 0.9997847142342141 0.01880192638900651 0.34519873519412775 0.9962478787470698 -0.007122590147833885 -0.08625214664893988 1.6633829433607668
-0.08772503748779625 0.02278427469782184 -0.9958841271072951 -46.75536191067073 0.009430907640212751 0.9997125822489934 0.02204111780585028 0.3521677290700776 0.9961000832139544 -0.007458533337311648 -0.08791470014513902 1.5745159584372945
-0.08980312080676378 0.029433224536193302 -0.9955245274661835 -47.59159737891432 0.011761257564153044 0.9995248677894442 0.028490550907341646 0.35157089899523564 0.9958900904788016 -0.009150079993978284 -0.09010662418617388 1.4967212067732691
-0.09243246853140885 0.03304986925724219 -0.9951703094964548 -48.39535146053902 0.01400462144927209 0.9993932858716312 0.03188935140084382 0.3589932482073679 0.9956204645040464 -0.010989371992207264 -0.09283923935472638 1.4324967402984023
-0.0933980913607877 0.0322650224485797 -0.9951059063519596 -49.21069776515563 0.014304077526703731 0.9994150955460491 0.031062198260774065 0.3610416896104641 0.9955260869993676 -0.011332922000712542 -0.09380498378366564 1.3446414300848846
-0.0941019061673889 0.030346054304677284 -0.9950999689698526 -49.99487144840379 0.011043162117904372 0.9995056598640749 0.02943610827058989 0.32687882025839593 0.9955013208560307 -0.00821905638244355 -0.09439050421562856 1.2799779081717308
-0.09476705890794124 0.027127601046513777 -0.9951297894281932 -50.8123614592173 0.007430349417423302 0.9996200730357719 0.026542409300831984 0.32151113632987277 0.9954717446786091 -0.0048788159853677205 -0.09493262190157359 1.1557009408445404
-0.09628973972617816 0.025670645346960466 -0.9950222630629607 -51.61522128536922 0.002992300040795227 0.999670318437842 0.025500991644429687 0.3284006961972354 0.9953488494813921 -0.0005219213101538788 -0.09633480904748448 1.0683956314920067
-0.0971028198941315 0.02653274875467102 -0.9949206277950667 -52.43123817816091 0.001523219164326831 0.9996473840012322 0.026510138869317655 0.3293555819404483 0.9952731897182732 0.0010587270727542338 -0.09710899507769688 0.9723970160893407
-0.09851178253604065 0.028443513089440396 -0.9947293075328095 -53.224775410067345 0.0014349763876093462 0.9995944566808005 0.028440517150399497 0.33330899413258686 0.9951348499295656 0.0013743129723601147 -0.09851264751043476 0.8981061359512833
-0.1016430229797165 0.028270857704526624 -0.9944191543228619 -53.89305221209259 -0.0003918076372209705 0.9995949108902953 0.028458049985865593 0.33009384564231703 0.9948208594346626 0.0032821832479337626 -0.10159077176007036 0.8841813558176084
-0.099865999717214 0.02909615867592314 -0.9945753845992708 -54.78314758188049 0.0004082564202952081 0.9995734652984507 0.029201383493634495 0.3171766060829071 0.9950008117721197 0.0025101835694873267 -0.09983528209641501 0.7152128146572653
-0.10099801043047352 0.03043479397403173 -0.994420999981821 -55.54015355638479 0.0027485331023207418 0.9995367004528121 0.03031220898731942 0.3353193947298724 0.994882831018242 0.0003282737633790415 -0.10103486913667425 0.6589289896794625
-0.10217093732907823 0.03332384514812332 -0.9942085399501666 -56.262973883075595 0.003999995749541219 0.9994444286333998 0.03308827749612768 0.33994944957632145 0.99475881478844 -0.0005961696075742458 -0.10224746932075046 0.6041814419970349
-0.10224077584624025 0.03765496956021224 -0.9940467428756952 -57.010810017220685 0.003771114821043287 0.9992907967983815 0.03746574604972248 0.34646189187731274 0.9947525332701422 8.186253891349685e-05 -0.1023102675744687 0.5187133529260968
-0.10272002620426202 0.03959746613199303 -0.9939218464711006 -57.795942658581666 0.0033302403224610973 0.9992154359754248 0.039464186395215074 0.36070856338926977 0.9947047329313312 0.0007437636501533182 -0.1027713048454788 0.42984289562560735
-0.10403735862355168 0.039056222494349556 -0.9938062384062131 -58.50385603294638 0.003915721907037672 0.9992370031999954 0.03885972925586346 0.3885823545223993 0.9945656816583718 0.00015139472952846358 -0.10411091175786824 0.3767279722704145
-0.1043815457537991 0.036952977051697485 -0.9938505774979782 -59.29858116278983 0.005196915585152051 0.9993161023760201 0.036610375583986304 0.4048760678052424 0.9945237478182454 -0.0013435099614279792 -0.10450220096502849 0.2867536939741175
-0.10494897363314903 0.03400145655227737 -0.9938961786251481 -59.96070764120416 0.005013379759624152 0.9994207313283264 0.03366107268847598 0.39230172234117056 0.9944649712064948 -0.0014500839550407366 -0.10505864219467598 0.22693611325801055
-0.10505017101609115 0.03120394510265451 -0.9939772509366203 -60.7084373318323 0.004886993723407204 0.9995117326428701 0.03086119896561365 0.40169721542898623 0.9944549154495832 -0.0016155863574374883 -0.10515137193058521 0.14116955135452883
-0.1045840053562952 0.02879591145044613 -0.9940990802266005 -61.41526728053529 0.00444831954512909 0.9995842704830666 0.02848681547768837 0.4107905282656399 0.9945061077121948 -0.0014428051058644963 -0.10466862011399436 0.07492208959025576
-0.10275309286776912 0.027197895096722147 -0.994334992046652 -62.13522059333649 0.0028200744093550326 0.9996300685265509 0.02705130824800927 0.4261897313258176 0.9947028948819007 -2.4493076794661166e-05 -0.10279178135267375 -0.003647463717003297
-0.10028450213956508 0.028962626907781435 -0.9945371711872917 -62.856830752431115 0.0021111338595986603 0.9995801763689663 0.028896610943380027 0.41641950426958524 0.9949565627425382 0.0007982811452546159 -0.10030354431806843 -0.05087949837544081
-0.09389655035435474 0.02998476351496983 -0.99513031899772 -63.52468518517672 0.0028643301989691857 0.9995503547462148 0.029847678958798262 0.42679780268422235 0.9955778389679352 -4.7787734299599277e-05 -0.09394021647978579 -0.10713807338034853
-0.08645969257665143 0.03232940809553381 -0.9957306517988406 -64.23915798988202 0.0035367200692629605 0.9994769922907353 0.03214394954913148 0.4203135072279654 0.9962490718543747 -0.0007424645835799555 -0.08652881355733211 -0.18458030946728796
-0.07813985328918949 0.03350926289076903 -0.9963790908225952 -64.87323202949452 0.0023146385852542578 0.9994383601105072 0.033430626494874494 0.42834520592178454 0.9969397202319525 0.000306006760516653 -0.07817352866347371 -0.23074031450269225
-0.06759021990782377 0.03527151990435284 -0.9970895055392213 -65.48673106811582 0.00017506093450578276 0.9993753136581369 0.035340512225625086 0.43455387694233044 0.9977131509238921 0.0022141215723595316 -0.0675541718858399 -0.2507402344479635
-0.05159660483953665 0.037547926990901107 -0.9979618948375328 -66.0835017751919 -0.0031598706690836023 0.9992818046695617 0.037760959650128 0.4310037098540848 0.9986630090207546 0.005101767833789554 -0.051440901805691164 -0.30721724078048435
-0.03453351869857357 0.0383740957406012 -0.9986665433779117 -66.6740486348894 -0.0047225793398260945 0.9992451410448139 0.03855963359147947 0.44712232157595994 0.99939238206556 0.0060478818127735635 -0.03432622605100066 -0.30238596977034604
-0.012724732716544063 0.039699138940532334 -0.9991306518892676 -67.25043365109406 -0.005403808939868608 0.9991942289750072 0.03977048694675806 0.44630240478162697 0.9999044354468251 0.005905179965180275 -0.012499952933708425 -0.29032049788715913
0.011634354314455142 0.03990548318774759 -0.9991357236187877 -67.80877686201156 -0.0046845844324312925 0.99919456084998 0.03985328388616139 0.4511392041607626 0.9999213451408974 0.0042168684314243705 0.011811924155314957 -0.2521800610959508
0.04087383413001999 0.039441462012385776 -0.9983855471499161 -68.32322499058283 -0.0027804559950848386 0.9992212011576527 0.0393606430526386 0.4570539970957613 0.9991604469493233 0.0011671466845945575 0.040951666884824545 -0.20553594395653976
0.07442815866104657 0.040100548749992485 -0.9964197886374376 -68.83331621614948 -0.0009397456703930471 0.9991935438673886 0.040141982659106845 0.4510792240475181 0.9972259353207785 -0.0020513126720550115 0.07440581993312367 -0.1345221487440931
0.10967548842993269 0.03954617288481995 -0.9931804405282154 -69.33724728329013 0.0007970695023306829 0.9992043958259952 0.039874052242234566 0.46785080728598416 0.9939671281877809 -0.00516483999480413 0.10955670910521143 -0.0056284833721408755
0.15853592535174443 0.04040190544996777 -0.9865262522654316 -69.87001342484949 -0.0006725752399174231 0.9991666376173539 0.040811492437524015 0.47240918246220687 0.9873529804560336 -0.005806574587766327 0.1584309807965094 -0.07491336036689253
0.2037985471908622 0.041522955619021334 -0.978131891065594 -70.32096616943439 -0.00020144752006070403 0.9991019176633141 0.04237118762065804 0.47861966140407836 0.9790128250343766 -0.008438144236094111 0.20362388401182296 0.037984109795208734
0.25205670545270276 0.04014277128736168 -0.9668795039453989 -70.74377787028602 0.00276931467896934 0.9991052333148056 0.04220264990704521 0.4857390598921903 0.9677085036996104 -0.013315054500014223 0.25172000554410323 0.18009210829428543
0.3016773420906501 0.03575294126625945 -0.9527394756490005 -71.1541632627295 0.010317239349493836 0.9991156914550965 0.040760147943914346 0.4801969508735715 0.95335425516506 -0.022126054302923755 0.3010416945867431 0.36100370522061226
0.35298931030308156 0.030735408920870174 -0.9351223884873154 -71.53605214640352 0.013855926696980539 0.9991789640450588 0.03807113217663748 0.4875567980908186 0.9355247511996263 -0.026395689957074323 0.35227362581460353 0.5385872227027997
0.4053602549718087 0.025971767563068644 -0.9137880120568667 -71.92513550810723 0.018296618538835272 0.9991656021677301 0.03651483527063552 0.5016339818671554 0.9139739041347049 -0.031520893617523506 0.40454682772989103 0.7525604112842206
0.45663737908144697 0.025389932370558917 -0.8892905348421547 -72.30618086234286 0.018116544501822294 0.999120020977255 0.03782822356023328 0.5086626186124804 0.8894684338642607 -0.03338465241136921 0.4557755699271645 0.9830508105680832
0.5053647719598746 0.02415693663883041 -0.8625676145521414 -72.67277517120226 0.01936732508222537 0.9990387267043782 0.03932593627689062 0.5176837141281809 0.8626884454895077 -0.03657957021511039 0.5044111230551667 1.2287534462261953
0.5496726697141407 0.020423373643831927 -0.8351304341109438 -73.01473792749229 0.02591593486465025 0.9988030216673951 0.04148358986602241 0.5241552229403517 0.8349780359323353 -0.04444558152488932 0.5484854326173979 1.5232846651444236
0.5934509488743696 0.013924606161105267 -0.8047496981194641 -73.34992179465364 0.035473860529378454 0.998426243847905 0.0434354787576465 0.5378924709503626 0.8040880402662712 -0.05432440463568712 0.5920230422557263 1.8425499448497453
0.6360977610002267 0.007313645826599977 -0.7715738130828583 -73.67561255845149 0.037488329603129096 0.9984812727478016 0.040370448542185175 0.5594080660404791 0.7706972580683453 -0.054604565346252174 0.6348575256301852 2.1698924878482413
0.6779843724310277 0.003952602767991674 -0.7350656893575321 -73.96890445994131 0.032162698450524066 0.9988683711177448 0.03503623851048732 0.5609798900665375 0.7343723521264169 -0.04739571828700946 0.6770900193625455 2.4678411889881646
0.7183481550428075 -0.0036020478043796616 -0.6956744593545243 -74.25235662199157 0.028167317904159415 0.9993171972626801 0.023911115765429036 0.5806984810772229 0.6951133219473503 -0.03677178954955405 0.7179591249818076 2.811397020127387
0.7579076916832528 -0.0052673691627835965 -0.6523405442784209 -74.50476707963941 0.021707289679594705 0.9996172852203296 0.017148663606951515 0.5822746709897954 0.6520005555688811 -0.027157649214193384 0.7577319695162856 3.1503708340739327
0.7954422379252886 -0.005685909943060551 -0.6060027364233004 -74.76973868664732 0.018641199992800412 0.9997123787825684 0.015088584152495492 0.5817573280987799 0.6057426448478241 -0.023298715351236114 0.7953194440448096 3.549442373670093
0.8296544373344954 -0.007718797511994729 -0.5582239109677681 -75.0007498107069 0.018504873017679023 0.9997351934413242 0.013678913313480789 0.5929036667006454 0.5579705048528832 -0.02167863371633395 0.8295775747658634 3.963732722727388
0.8611323659325862 -0.006386495018206173 -0.5083406938508159 -75.25479216985734 0.014316850326553655 0.9998291529343354 0.011691567018003939 0.6018528758730981 0.5081791772003981 -0.01734582439643169 0.8610766784880047 4.413081167941995
0.887440389474387 -0.0047350792141724425 -0.46089818198207705 -75.4595537111152 0.012495099429749768 0.9998268807792419 0.013786985221297256 0.5988254702771043 0.460753109180816 -0.017994096145322613 0.8873459217712808 4.879576937159915
0.9091199257252175 0.0016227627510206426 -0.4165313040942168 -75.68049088447766 0.005087568906861695 0.9998745576594898 0.01499951958755514 0.5946008305879867 0.4165033940942054 -0.015755493844796364 0.9089976276766147 5.358237992308647
0.9272597702592786 0.009052563377479138 -0.37430918978166494 -75.90839363786013 -0.004112935883982386 0.9998936292636178 0.01399335258060086 0.5874702438722469 0.3743960499486126 -0.011435963200687654 0.9271983695674559 5.9387501529131015
0.941148557886685 0.014201479537057386 -0.33769469934657187 -76.1050384400786 -0.009419327499834804 0.9998308733056109 0.015795602375036445 0.5858711341128006 0.33786190708226327 -0.011685151428113437 0.9411231529289024 6.493034167176753
0.9511267914007984 0.014081903982565232 -0.3084793780139088 -76.25584424690186 -0.009148025481622 0.9998061538298583 0.01743468937874848 0.5859477004217758 0.30866509408971043 -0.013760622957252479 0.9510712407314283 7.082852237129223
0.9587622630991494 0.013882308629282586 -0.28387004837446095 -76.41615560043388 -0.008739817877870372 0.999774101782659 0.019374235162683866 0.5842342908809464 0.2840748817485613 -0.01609431302661486 0.9586670092622058 7.660542905558339
0.9646767662972056 0.014820325970395818 -0.2630191903730559 -76.5644817218423 -0.009441095242308432 0.999719861772832 0.02170400187834805 0.5872133457468707 0.26326716902605285 -0.0184541571208464 0.9645464435671135 8.271397077066304
0.9694757805882765 0.016562500672935163 -0.2446270517015869 -76.71727338161185 -0.010985899109015592 0.9996481430855433 0.024143323018831292 0.5875843943946242 0.24494085178572883 -0.020718918820346797 0.9693166177928642 8.858977328977321
0.9731667098278849 0.020887897647481786 -0.2291511523310273 -76.8765285548607 -0.015416498255157212 0.9995523285266756 0.02564125812922233 0.5947013821085722 0.22958415987240516 -0.021420510469384257 0.9730530690907423 9.503172899040848
0.9760921344649035 0.02523783230838319 -0.2158870002017783 -77.02584004265137 -0.019852445520253947 0.999436172410268 0.02707799262830118 0.600788311913411 0.21644866699200077 -0.022144730711546566 0.9760428194803233 10.130928829133516
0.9789056925448301 0.0234944567323698 -0.20295727532211652 -77.15859708354829 -0.018448270738225192 0.999472721267262 0.026719669709469093 0.6117217520590913 0.20347802439107704 -0.022411826018082046 0.9788229684904414 10.786947133313634
0.9816103056695503 0.02324375841950479 -0.18947542188333458 -77.27450129613005 -0.01860857765895147 0.9994833518038588 0.02620592117126524 0.630398927519793 0.18998665384927094 -0.02219813418869919 0.9815356917594479 11.455277829555682
0.9843167910525747 0.02393331461953187 -0.17477886400616163 -77.40936597634682 -0.019615312865731767 0.9994592158285172 0.026391578138203937 0.6481600126171961 0.17531598430588494 -0.022549331404012142 0.9842539475664249 12.16512592537051
0.986666778029427 0.02562994623378627 -0.16072266482696984 -77.53375121561777 -0.02163701525544241 0.9994134283861132 0.026545032159541727 0.6665376295394629 0.1613087372210973 -0.022713542602786057 0.9866425828427265 12.868432933713583
0.9886057534498616 0.025621021210578677 -0.14833147851335715 -77.62896412276044 -0.02232017612947286 0.9994657439699361 0.02387543440801403 0.6704537148573338 0.14886394453789262 -0.02029260709591421 0.9886494505707623 13.577862718717546
0.9902310047156581 0.02680491149050421 -0.1368358652539775 -77.74824658150884 -0.024462493963510624 0.9995244912675894 0.018771727287385798 0.6695736124140306 0.13727397309360453 -0.015240999844269193 0.9904158562113408 14.300328844406751
0.9915476249097218 0.02564592299430346 -0.12718330932028732 -77.84854999875267 -0.02424629066782587 0.9996273501077251 0.012541064765755592 0.6770534364877455 0.1274575416550191 -0.00935133949644826 0.9917999432974783 15.05112785938286
0.9925892161840978 0.024793874810619437 -0.11896180768176691 -77.94568102080936 -0.023431138488118584 0.9996429880742299 0.01284048843213269 0.6728043034828799 0.11923770236040686 -0.009957919757683151 0.992815798710874 15.805524212886729
0.9933382882551691 0.02810179886107031 -0.11175568883534549 -78.05266484009144 -0.026258598244656362 0.9994943504700623 0.017931240800735687 0.6992747207950909 0.11220307974612974 -0.014877240308611869 0.9935739210628888 16.613696279617113
0.9936897969449573 0.032848731187688815 -0.10724527172257282 -78.12782953389 -0.03012340687774219 0.9991832276423944 0.02693432672640933 0.6803232868180435 0.10804243520750313 -0.023533772699801746 0.9938676942817624 17.355691875818856
0.9942010230893126 0.033134312888453823 -0.10230563521905428 -78.22515323063149 -0.03016041128991395 0.9990802219555055 0.030480480445049106 0.6883143450964578 0.10322148651800839 -0.027218144807239025 0.9942859233209855 18.123429687075898
0.9946079045242318 0.032121621438823744 -0.09860688461794932 -78.30921766841166 -0.029370188896615603 0.9991411507389589 0.02922931583540991 0.6985237328273549 0.09946108918614249 -0.026175605745998046 0.9946971043497294 18.884895346012566
0.9948268506120218 0.03157797852488276 -0.09655241360860999 -78.36232904489047 -0.028908435918199322 0.9991635043892949 0.028923931773995964 0.6928529500600438 0.09738500723483781 -0.025983124692489416 0.9949075522866861 19.647324294286292
