1.0 0.0 0.0 0.0 0.0 1.0 0.0 0.0 0.0 0.0 1.0 0.0
0.9999948671306297 0.0031774930890255872 -0.00041140012584024927 -0.010838562319326136 -0.003176674494532208 0.9999930032993148 0.0019753712492403745 -0.024807056655664298 0.00041767397588942805 -0.0019740542256309903 0.9999979643271101 0.7584931660844105
0.9999863040737896 0.005229123428922662 0.00021893608048500417 -0.032430417341964314 -0.005229370463086196 0.9999856730636365 0.0011433949561635698 -0.00571182651499543 -0.00021295399044792446 -0.0011445241941832132 0.9999993223572539 1.5414923057194958
0.9999763012891301 0.006870133100458657 0.00044511941437761046 -0.04898240474886423 -0.00687053864411225 0.9999759779796676 0.0009160580477960334 -0.024686236835276324 -0.0004388152809938829 -0.0009190945485389446 0.9999994813530455 2.270555017080754
0.9999560850258583 0.009305761620356439 0.0011094234644945203 -0.07830139751012818 -0.009306621469920359 0.9999563941352198 0.0007724149822323051 -0.04330211519216431 -0.0011021871774282979 -0.0007827060458822318 0.9999990862769184 2.938571759030006
0.9999651090094996 0.008127545101989144 0.0019297083288931402 -0.12847524348767334 -0.008128487130207687 0.999966847699604 0.00048083125004482375 -0.05880509580403803 -0.001925736376951759 -0.0004965000826827086 0.999998022511582 3.6386402354155796
0.9999614181743389 0.008485515465810169 0.0022711649091049866 -0.13976728221939264 -0.008489309193117965 0.9999625773482119 0.0016659929606497184 -0.07515208015204725 -0.002256943107057916 -0.00168520930474171 0.9999960331308373 4.342028965556133
0.9999523210533615 0.009570112420423238 0.0019412800558887596 -0.11518554377535269 -0.009578376556597273 0.9999449092310747 0.004293390897397566 -0.08455257932640718 -0.0019000848757248648 -0.004311780504419186 0.9999888990515579 5.042859337762657
0.9999516584857735 0.008896451846693035 0.0041873423660466445 -0.14495276950872957 -0.00893041971697908 0.999926791793187 0.008164475357485523 -0.09657037409382477 -0.004114400956349333 -0.008201475399211362 0.999957902866939 5.727773340074433
0.9999537723622498 0.007950722410831204 0.005407323890044798 -0.15477333976542448 -0.008012557536849608 0.9999016365059761 0.011511569588439387 -0.09915964394780069 -0.005315266712463006 -0.011554363929559882 0.9999191190361142 6.3730051911501615
0.9999533885426329 0.007020416707162694 0.006628309842182368 -0.15335457824463455 -0.007109357107110405 0.9998837123526185 0.013491434818785685 -0.10686348088109639 -0.0065328235572193055 -0.013537928985031457 0.9998870169650002 6.988024929443491
0.9999358561738845 0.008181490004676523 0.007832417194203018 -0.15425920826833125 -0.008283503771726262 0.9998801159361026 0.01308194637161443 -0.10898815773724864 -0.007724448398718559 -0.013145987102891032 0.9998837512031217 7.56713163032447
0.9999103681181498 0.009684390812918026 0.009244906944303211 -0.1632777333995378 -0.009779441759901284 0.9998992114433835 0.010292204514319099 -0.11936979385654992 -0.009144301432633097 -0.010381692033697614 0.9999042965313364 8.122221958449233
0.9999025676929091 0.009902484499698917 0.009838491848881631 -0.14213273457466685 -0.009982181831014646 0.999917493010278 0.008084752187502585 -0.13336215823168432 -0.009757620971315124 -0.00818217408602319 0.9999189171428883 8.66466492243201
0.9998971159279884 0.00841298116181443 0.011618059513614309 -0.14403590055281046 -0.008490554967070983 0.9999418828599576 0.006643897864510572 -0.1381923248834929 -0.011561489317647389 -0.006741858086155287 0.9999104356462652 9.169058940159406
0.9999030477108283 0.004713689143177538 0.01310253079593739 -0.1269547504604478 -0.004772910191844762 0.9999785193767713 0.004492228104273318 -0.1494619744738988 -0.01308107437856623 -0.004554329775250017 0.9999040671851479 9.65480182007367
0.9998904981718012 0.0027057583353178607 0.014548901593521998 -0.11467076205636104 -0.002756247130299573 0.9999902455895685 0.0034513515426941987 -0.16341017931015234 -0.01453942115435977 -0.003491073981656673 0.9998882025681425 10.09033779483087
0.9998464645136956 0.007043472230699443 0.016044840242223028 -0.09354995847031199 -0.007065988883165727 0.9999741282270709 0.0013470997040027925 -0.1731152479442277 -0.01603493687440247 -0.0014602655391783561 0.9998703658094829 10.534030884660032
0.9997892829735464 0.010426679406543083 0.01768259052840195 -0.006844742929971195 -0.010441214458162047 0.9999452226623179 0.0007298735823691123 -0.2081113431891214 -0.01767401176531881 -0.0009143475054610581 0.9998433843741522 11.076355396262684
0.9997301057805871 0.010862442128326205 0.02053589411116382 0.01745716800868188 -0.010899848416493786 0.9999391319770758 0.001710451820302114 -0.21605026803243282 -0.02051606444797897 -0.0019338283121520831 0.9997876531582222 11.454101068410198
0.9996845025878401 0.007483659994903577 0.02397686632534386 0.014331702727429367 -0.007540353784943708 0.9999689832791452 0.0022749823011520196 -0.22393682624301692 -0.02395909744753783 -0.0024550586048706926 0.9997099250966482 11.752709622197782
0.9996604015428902 0.0018784035288093182 0.025991406027582233 0.04115307342778245 -0.0019281760844519704 0.9999963549508045 0.001890032299155971 -0.2285203241162324 -0.025987761044288307 -0.0019395064546069549 0.999660379624309 12.058193060668856
0.9995935472219255 -0.0013632102323654458 0.028475990064448755 0.057337605161168086 0.001279997271625673 0.9999948582882665 0.0029402387682820113 -0.23203115115471695 -0.028479851812691036 -0.0029025945104771064 0.999590152505433 12.335618183139031
0.9995206478781625 -0.0021387025236417516 0.030885278317243647 0.07747952040153833 0.0020118174157831574 0.9999894115618252 0.0041387624865529046 -0.2396086780858053 -0.03089380287215842 -0.004074643021163254 0.9995143671945623 12.585060152886888
0.9994699752866012 -0.0019603071426490576 0.03249501033246901 0.08719028790632426 0.0018530838555757677 0.9999927403209319 0.0033294722791304973 -0.2452476935439389 -0.032501301217412716 -0.0032674915975061157 0.9994663520688604 12.783066582866866
0.999419661265994 -0.00018503527850218917 0.03406327108355178 0.11696807681741038 0.0001322047753234494 0.9999987850483155 0.001553197923710403 -0.2504820488385149 -0.034063517094733584 -0.0015477932156933135 0.9994184714819405 12.986772815669202
0.9993048290349273 0.002394274381588771 0.0372038454687176 0.10113492974491094 -0.0024316909288432387 0.9999965821537504 0.000960499892852957 -0.25718336923841484 -0.03720141861140691 -0.0010503004347598565 0.99930723569996 13.150190122482652
0.9992493316732272 0.004690782832474254 0.03845477482741738 0.119513178185677 -0.004722306170780033 0.9999885841555384 0.0007289602398421626 -0.2693838530899485 -0.038450916439510534 -0.0009100082529421061 0.999260075710994 13.321109301090507
0.9991719685563855 0.006714416292227664 0.040128467015476905 0.11991940283309849 -0.006691452344392119 0.9999773623715941 -0.0007065478556215313 -0.2770381087406218 -0.04013230265858513 0.00043744508709308346 0.9991942788692875 13.482138601704223
0.9991206024929987 0.005471690703574448 0.041570208982776 0.13783359480422852 -0.0053783512545209685 0.9999827591451071 -0.0023568517818526604 -0.28157232295033763 -0.04158238824081953 0.0021311999866381157 0.9991328054742306 13.635100898525435
0.9990135353618944 0.004639410385681892 0.04416369589382474 0.12147391243978005 -0.004452028966710562 0.9999806704477607 -0.004340295949193994 -0.2720786057531424 -0.044182978643461504 0.004139396347324897 0.9990148796670003 13.789372126769505
0.9990252145028989 0.0037501490467369484 0.04398360114365276 0.17002929766435787 -0.0035214843626611117 0.9999798855459827 -0.00527519206538983 -0.28178150819039244 -0.04400249919402542 0.00511516232102917 0.9990183257473856 13.920678218289103
0.9989128794989092 0.004413514569614824 0.046406681203697946 0.14062230552122088 -0.004098546151658604 0.9999679325732571 -0.006880097717950445 -0.27786118139950694 -0.04643555847236661 0.006682418298013088 0.9988989359264779 14.07054466809023
0.9988333506873084 0.006121813701206205 0.04790053185270712 0.15197885264955485 -0.005702939510512515 0.9999443409886193 -0.00887645231921274 -0.28901142516222256 -0.04795220574388545 0.008592922776538022 0.9988126689437077 14.179567486658264
0.9988134803689214 0.005781398972517544 0.048355008626230156 0.1704449053153578 -0.00526460415472108 0.9999277323398237 -0.010808054442494979 -0.2902738936840683 -0.04841399979774769 0.010540660494409968 0.9987717352327935 14.327853917668183
0.9988034956002648 0.005576684324480993 0.048584748312992615 0.18432684542104993 -0.004958808765665843 0.9999054122951461 -0.012828744229247933 -0.2971314962518358 -0.0486516946500048 0.012572472104522425 0.9987366747811275 14.44452750835962
0.9988061302522105 0.004964551995704877 0.04859698955785509 0.17918898369394812 -0.0042595426782821265 0.9998843401347011 -0.014600090738254226 -0.30279010107253307 -0.04866385174620096 0.014375659180549128 0.9987117551908301 14.579187751106135
0.9988960401632585 0.004675514560574544 0.04674227754138361 0.18540727068604917 -0.003946783808805544 0.9998694198157511 -0.01567055247526055 -0.30922133823315123 -0.046809441822440366 0.015468771150521284 0.998784057379454 14.688124291973349
0.9990463613924192 0.004975535470862711 0.04337754990021861 0.18883289872483972 -0.004257207922799633 0.9998525394699304 -0.016636571047946812 -0.31204751324189445 -0.04345392927307978 0.016436038522390884 0.9989202233754308 14.822870080605261
0.9992253551762696 0.005132433830352997 0.03901727432605687 0.19541019778579438 -0.004442324178765218 0.9998325263159429 -0.017753452525356015 -0.31805429052191914 -0.03910185837973032 0.01756637252412575 0.9990808111597356 14.947531391177122
0.9994084637470082 0.005740465097712061 0.033908253439345636 0.1739198307202941 -0.00510519842971289 0.9998103840821024 -0.018791828825103222 -0.3169307588497097 -0.034009697732238116 0.018607604414880304 0.999248266207203 15.025691145806638
0.9996196292114287 0.0044403096838785275 0.027219120946811323 0.1624645310731598 -0.003914015794638115 0.9998049488517624 -0.01935832461459622 -0.33425939170036767 -0.027299768782266486 0.019244425204095163 0.9994420316971859 15.15096747541094
0.9997830639053822 0.0049130640061737325 0.020240724543300927 0.16225100755533345 -0.0045034013457371435 0.9997850962734128 -0.0202356281316373 -0.3346117006994166 -0.02033579367238361 0.020140086187351285 0.9995903322982272 15.284922096708009
0.999905262597863 0.0058032185998146526 0.012481525667210037 0.15422908347215117 -0.005541339827993877 0.9997659105469022 -0.02091453229776127 -0.34037541086700873 -0.012599975476529567 0.020843386534010633 0.9997033529281497 15.421339745590142
0.9999872640956355 0.004461085931671675 0.002360160764862132 0.15485115159894702 -0.004405917215080598 0.9997283870864059 -0.022885365347909376 -0.32567656662806477 -0.002461613296114962 0.022874675209140695 0.9997353098165818 15.603451032870362
0.9999371119008248 0.0024550861897168633 -0.010942796499909086 0.14880810865202176 -0.0027230683157351923 0.9996950880522181 -0.024542123445532263 -0.3325129163914797 0.010879206882176664 0.02457037802047349 0.9996389044957913 15.742789313050032
0.9996180232935626 0.001953758386423685 -0.02756792220748425 0.14169544741143392 -0.002668004590463534 0.9996610911300783 -0.025895648903371375 -0.3429880979832655 0.027507985352905977 0.025959308711691317 0.9992844565152784 15.885140196200126
0.9989169448718633 0.003184270138437871 -0.04641979827129933 0.10569158806878477 -0.0044209519026953414 0.9996373657830475 -0.026562983917545455 -0.3573527714197382 0.04631838114762568 0.026739434437085183 0.9985687809128864 16.01387604518819
0.9976663466039806 0.0026453734544244693 -0.06822655533699955 0.07085378188802618 -0.004431371197331136 0.9996510950963704 -0.02603941285703055 -0.3701349426094835 0.06813386678574393 0.026280983084999886 0.9973299785551963 16.262226713631225
0.9956931897305978 0.004075360516615913 -0.09261999438980408 0.04693716729645062 -0.00637732114416651 0.9996777347495278 -0.024571455412264704 -0.37693732178132755 0.09249000864489038 0.025056298264355684 0.9953983022982086 16.48474953521462
0.9929121357168089 0.0048124445483635715 -0.11875323626644559 -0.018275924823429154 -0.007598390147519051 0.999706166896571 -0.02301834781498263 -0.38058546832462853 0.11860756811203661 0.023757530310079707 0.9926569520937806 16.65072132834438
0.9887440453361888 0.0057968808378766855 -0.14950454503051125 -0.06986105501291509 -0.009066515483235423 0.9997341967353656 -0.02119750397772414 -0.3876071900999518 0.14934192682974515 0.02231439110629812 0.9885337914509216 16.899472339857287
0.9831752543870462 0.004895320777520844 -0.18259916482681968 -0.12896529185553754 -0.008253038363715527 0.999810462528836 -0.01763310453783092 -0.3938748263194565 0.1824782357398655 0.01884342995211345 0.9830293071057983 17.125252503595778
0.9757407198741147 0.006861073952355034 -0.21882178420752502 -0.24150885875662095 -0.01024866362128353 0.9998445131307451 -0.014349719729706898 -0.38226951905091927 0.21868930580511273 0.016244236718408012 0.9756593218433954 17.43710544079702
0.9658890370905735 0.008268853102596464 -0.2588242533005985 -0.35087760885017844 -0.01100708745968941 0.9998977188467923 -0.009132133958484175 -0.38532178775403714 0.2587222681832768 0.0116695292685109 0.9658812608352809 17.71140729682801
0.9537212412433189 0.012780041962444016 -0.3004204795428255 -0.4753666952148047 -0.0146571234252502 0.9998845968568758 -0.003995209789227303 -0.39314808147052244 0.3003347511264723 0.008213616487341369 0.9537984974668385 17.982580564195796
0.9393506817797438 0.016376693272577736 -0.34256692858095117 -0.6225959294940381 -0.017182844127042372 0.9998521315892342 0.0006817801481453068 -0.40070422296010483 0.34252743905800653 0.005245843489901952 0.9394931796550963 18.261519979156596
0.9224483793384931 0.019010656203414585 -0.38565215208332904 -0.7802983111056823 -0.017988786403655907 0.9998186029164697 0.006258180716655488 -0.4005014324576994 0.38570116802974713 0.0011645655302509644 0.9226230285266104 18.553074622092
0.9028540161122508 0.023410098625003713 -0.4293094372039208 -0.9195058475392807 -0.019041799571540872 0.9997139961508189 0.01446844045631036 -0.40806640319955356 0.42952536067042285 -0.004888065315452704 0.9030415667943613 18.78873002162198
0.8810163872026877 0.027573069891362153 -0.4722815381709197 -1.1082791463135897 -0.020298563932968614 0.9995839262892039 0.020492501226514283 -0.40106514403298377 0.47265007540736 -0.008467592398407088 0.8812095131672101 19.068338653001433
0.8557908857079097 0.032248103836632624 -0.516315813953256 -1.3205097962696632 -0.02172610266630136 0.9994150557508131 0.026410656968964608 -0.4168426993891184 0.5168654915954486 -0.01138446913741461 0.8559909213655565 19.44832676961053
0.8274314317448703 0.03503811543807091 -0.5604726186239453 -1.5474806412672868 -0.02226005669481621 0.9993136438063754 0.029609646711301958 -0.41287046965372604 0.5611254009903469 -0.01202380010533125 0.8276434694930236 19.725320578363203
0.7962364220756488 0.038176526655430934 -0.6037798547257901 -1.7709313454054545 -0.02455819536341479 0.9992240124637082 0.030793959739202015 -0.40263834397246423 0.6044869355086687 -0.009691528695433637 0.7965560991360772 19.9696584146043
0.7636737301071147 0.04124956510567161 -0.6442832508476988 -2.0776912840056805 -0.024889853662968774 0.9990959569889155 0.03446395092033342 -0.4079037830065771 0.6451224140648981 -0.010283098122458525 0.7640100318478038 20.221077897835432
0.7266273116073785 0.044921901154680303 -0.6855616477187759 -2.3880975864660283 -0.025718410779193766 0.9989392052522408 0.03819721923143264 -0.393660574350164 0.6865502992303087 -0.010123586650521153 0.7270118290785254 20.49387667093637
0.6875728113330826 0.04504014156677178 -0.7247171964036498 -2.7347511954931703 -0.023945679730768204 0.9989379683239327 0.03936419519163453 -0.3547249635197098 0.7257204927089717 -0.009711904473314336 0.6879211040328306 20.7683420705666
0.6468920455514178 0.04655768915123561 -0.7611590260800954 -3.1056943812134903 -0.02295764349102338 0.9988711135756146 0.04158659723457423 -0.3527112315440946 0.7622359398556602 -0.009427621391875262 0.6472306327324518 21.02446986773029
0.6039660649071512 0.045810925107130855 -0.7956923724539526 -3.501555452162695 -0.018019040411468238 0.9988764161154009 0.04383171809434787 -0.340984308734063 0.796806316882102 -0.012135257281218056 0.604112927280569 21.286869299064087
0.5588846201756377 0.045727122904414864 -0.8279837024736767 -3.886486949092814 -0.0130486407583582 0.9988397891971731 0.04635524232388599 -0.32939622432421567 0.8291427587005104 -0.015103170111980334 0.5588328730014691 21.52057256295287
0.5123124878096471 0.046922140620008476 -0.8575163132873487 -4.30605797678192 -0.011117012671539183 0.9987849661991199 0.04801045015289659 -0.3056699682537901 0.8587271550752026 -0.015063333437824487 0.5122116448521938 21.728846887792756
0.4627937238157671 0.0468850115186773 -0.8852252622308229 -4.757748424637445 -0.01074950979321514 0.9988237472117197 0.047281815163381646 -0.28764460234374084 0.8864008219964269 -0.012365989682678522 0.46275335229820513 21.921240958922237
0.4100298270625057 0.04577920894890336 -0.9109225021631119 -5.243288431321102 -0.005535465724746698 0.9988460714191808 0.04770622841599336 -0.26821364623830346 0.9120553160517744 -0.014518596298589752 0.4098100911681126 22.1103125800831
0.3570355601341987 0.044780875486099624 -0.9330167640457258 -5.746713659245267 -0.0013751252884828201 0.9988743040243389 0.047415543762922216 -0.24402233109976212 0.9340897803905682 -0.015646020279644856 0.356695225955309 22.262423552309475
0.3034525192234041 0.04395338942023524 -0.9518322689084683 -6.277091809909295 0.0016660761644829048 0.9989095112778609 0.046658466207530745 -0.22523504828052485 0.952845104288826 -0.015744454169589354 0.30304837797902506 22.389792246790805
0.24983893196369245 0.04985704417029471 -0.9670029902858848 -6.839098949657778 0.002406485249694455 0.9986384584928765 0.05210986516691845 -0.20379939195081961 0.9682844194264332 -0.015346151490608344 0.2493787856463392 22.498397331155026
0.1991964902611323 0.05521038524859519 -0.9784030721682904 -7.577590835320574 0.007468291044894246 0.9982971495938847 0.057853485129192486 -0.16380199514490917 0.9799311113014607 -0.01883121008928122 0.19844496121105715 22.653487889831695
0.15180123923338273 0.05648681075622736 -0.9867956343528278 -8.155067924569629 0.012446631921231565 0.9981772498086301 0.05905302124614058 -0.1395920150100416 0.9883326692571824 -0.021246603847907282 0.1508214729536328 22.697042370167953
0.10742156819553017 0.05774858932668332 -0.9925349903742393 -8.789835695440036 0.014248849501359285 0.998119703322071 0.05961567015599608 -0.10720636967852565 0.994111450982384 -0.020546490479860194 0.10639673281948248 22.73858968466762
0.06744524471619884 0.05591969077705487 -0.9961546702940117 -9.421838855091213 0.014504896386158444 0.998267642374221 0.05702036626891381 -0.06929086198109571 0.9976175354042246 -0.018294872834016658 0.0665172961115249 22.73967946981592
0.032211896152326225 0.05150620820861491 -0.9981530465125288 -10.114129624954746 0.0123177804519431 0.9985749923291575 0.05192549450473095 -0.025839532877476076 0.9994051560958696 -0.013967648721024057 0.03153155178859102 22.71465153355078
0.004187680259227777 0.05176917444487542 -0.9986502971067214 -10.751993258225149 0.009786392700015741 0.9986091075527516 0.05180807688592682 -0.011550420836655308 0.9999433433209943 -0.009990139638317538 0.0036752221755106396 22.704471766249895
-0.016815516086910343 0.056536131964618395 -0.9982589364494618 -11.403564858324868 0.0094173658366035 0.9983647705493258 0.056383491792292566 0.010894921352345708 0.9998142585697761 -0.00845285209093385 -0.017320440297474038 22.678054964485742
-0.029746835187556275 0.061918915145846694 -0.9976377968699291 -12.1583657321372 0.010393999354662417 0.9980446804937539 0.061634247910848296 0.06679609036334985 0.9995034219920109 -0.00853602280233989 -0.030332255784532247 22.65569245264923
-0.0368741770561718 0.0640511300148439 -0.9972651341595432 -13.094474271114368 0.009686044318876342 0.9979198493603881 0.06373503587504244 0.12746692777714783 0.9992729735221918 -0.007309377289601723 -0.03741787529718121 22.54644609583047
-0.040847275102735114 0.061640363818819995 -0.9972622351543076 -13.86925504431514 0.011347826623347608 0.9980594900175958 0.06122484150035129 0.16101178598608795 0.999100959336747 -0.008815890998657002 -0.04146749471926037 22.51381161658299
-0.03949251408524246 0.05824499432283567 -0.9975208579110312 -14.617337800096374 0.01860954729405533 0.9981693901336992 0.05754609760556505 0.1816617883785086 0.9990465585150359 -0.016290771511863464 -0.04050413167580591 22.461651522472085
-0.03401986257575906 0.056734932750831656 -0.9978094990307945 -15.294107474652877 0.030305322796203744 0.9979868666082462 0.055711771535936816 0.2041351493712618 0.9989615790212076 -0.028343632145741926 -0.0356707465052597 22.38965805578439
-0.026359113863621664 0.05768390759857874 -0.9979868555850241 -15.860532400141624 0.03037947930317916 0.9979188481692189 0.056877585267722366 0.19137179376023344 0.9991908147864415 -0.02881907827773034 -0.028056663622564315 22.234316584361093
-0.02217782862356943 0.05656729858528999 -0.9981524355770045 -17.062581185260864 0.02961961804207353 0.997996907253516 0.05590036976137632 0.2657468889380754 0.9993151765807348 -0.028325145068994306 -0.023808906153689025 22.28081308073971
-0.019765594679377108 0.049768834126252263 -0.9985651628294893 -17.971879746208387 0.033097295342483755 0.9982454496999226 0.049097771786627095 0.3216030502910405 0.9992566688834171 -0.03207935945608796 -0.02137812875122891 22.28734361107521
-0.016166234230642118 0.03944139175278745 -0.9990911016956378 -18.731668900775304 0.030504676659937908 0.9987760022100878 0.03893535810940179 0.33331056418292654 0.9994038811074694 -0.029847512891996053 -0.0173495936981094 22.196455274859073
-0.01576982984894859 0.031559129421677844 -0.9993774731384941 -19.68493089324776 0.022958653628387057 0.9992496727920985 0.03119281405156754 0.3429706299362029 0.9996120310851143 -0.022452455879696263 -0.01648255243775454 22.174469311658115
-0.018846641705741574 0.028459700430418924 -0.9994172549780328 -20.66290847387051 0.019024899485478062 0.9994240240097699 0.028101128655026685 0.3664230801270996 0.9996413643382225 -0.01848420091672124 -0.01937722943269815 22.178549977636354
-0.021667904957490602 0.033865550412922565 -0.9991914863478286 -21.635265490076762 0.007790129402796236 0.999401506925923 0.033703736262942055 0.41564602243775217 0.9997348727430893 -0.007053541622764133 -0.021918753886457365 22.1381296672617
-0.028065741813345202 0.04285982398110115 -0.9986868125817905 -22.617713286891558 0.0021243772822199195 0.999080672057923 0.04281702630323247 0.44972137539747564 0.9996038221003509 -0.0009198959712596587 -0.028130990629066543 22.11146409184916
-0.03182025044622461 0.05223807251372144 -0.9981275747326047 -23.620183845314155 0.0003530267278317421 0.9986338001333627 0.05225331188861132 0.49155097664898384 0.9994935452686374 0.0013103477592737857 -0.031795219060116287 22.042613773391583
-0.033929064952994414 0.06131657200635535 -0.9975415262277583 -24.634239868185677 -0.0004992453954083233 0.9981150337229567 0.06136880486253614 0.5451085610694538 0.9994241188331664 0.002580204179966407 -0.03383449779350989 22.009100302811916
-0.036138408335167904 0.06967137027672157 -0.996915199807268 -25.66090209073642 0.002911721685063315 0.9975699225250404 0.0696115762658306 0.5847206948547067 0.9993425525413344 -0.000387088037498797 -0.0362534528427545 22.00020028625322
-0.036622238291023734 0.07008677568764497 -0.9968684243852172 -26.711064401488375 0.003367052367443735 0.9975405834861185 0.07001033678342893 0.6508058412500526 0.9993235084900738 -0.0007925729518385969 -0.03676815479740103 21.93924722519457
-0.03914141551055139 0.06831784869587477 -0.9968954915844478 -27.691915713644427 0.00391774596825202 0.9976628414036666 0.0682166119716505 0.6901427194789301 0.9992260008918696 -0.0012354885390191606 -0.03931758779110606 21.919859234456563
-0.04127823948181253 0.06307333162223816 -0.9971548835478637 -28.737175330972786 0.0027383050057372023 0.9980088867799675 0.06301399522253504 0.7501383709298476 0.9991439378943247 -0.00012940742361282703 -0.04136876385319033 21.851199740959938
-0.045179099354231145 0.058779796226398014 -0.9972481058077395 -29.749635669586358 0.0037567358977137017 0.9982703716404749 0.0586698563163651 0.7786865329898556 0.9989718394013597 -0.0010957464903994282 -0.04532177647327429 21.780751774909355
-0.04980559997967804 0.05451452394903881 -0.9972700581533943 -30.795124211100234 0.0029213928617840266 0.9985129572545178 0.05443656545544179 0.8209139044276967 0.9987546583993548 -0.00020217182581898883 -0.049890795264672105 21.699034015338007
-0.056299457387101626 0.05164531377905734 -0.9970772952297033 -31.941781142617547 0.0019174005878609451 0.9986649953063333 0.05161928636456316 0.8874325390802628 0.9984120866019722 0.0009943412210180725 -0.056323322102239226 21.612294152988735
-0.06293681230341996 0.052970452284345174 -0.9966108010862998 -32.9798766767755 0.0033083069629797 0.9985960796405182 0.052867048637373404 0.9954014350005687 0.9980120303694355 3.01890645115521e-05 -0.06302369654739093 21.521060907366333
-0.07004764278402642 0.0583875105509342 -0.9958334330359 -34.05995310053005 0.001798682443074079 0.9982913446656484 0.05840510172168597 1.032587187574406 0.997542025421421 0.002299951589937514 -0.07003297609564751 21.445646336088522
-0.07621668290648831 0.06124573949537884 -0.9952085091278091 -35.050558866027515 1.6076605599130207e-05 0.9981118137614338 0.061423179430925935 1.06855479325765 0.9970912781627744 0.0046654714151050485 -0.07607375623827362 21.355334409621893
-0.08134528462228086 0.06388407491444874 -0.9946365012616647 -36.1218777940013 -0.0026726066324670715 0.9979261367087859 0.06431393975854426 1.1153918657062907 0.9966823976791747 0.007889907845004769 -0.08100584862026405 21.263315905072638
-0.08421280055849367 0.06519374512238982 -0.9943128178893261 -37.18312959838834 -0.007988857119722009 0.997781170185493 0.06609776535700018 1.1713575162329422 0.9964157678318906 0.013509700965797154 -0.08350512317096892 21.154167832225056
-0.08620564901236127 0.06691846605812862 -0.9940274166132366 -38.25800368468119 -0.012337008270025363 0.9975934431497465 0.06822844283419263 1.2179256293984306 0.9962009758604452 0.0181450016550138 -0.08517261654802355 21.058404394712802
-0.08856010263226333 0.0668739899715378 -0.9938234137345779 -39.37928846666791 -0.012819539202071965 0.9975845548975966 0.06826943125887847 1.2714510135863726 0.9959883370985877 0.018786306051239907 -0.0874888968300529 20.96137080259445
-0.08969736181741217 0.06580549710359758 -0.9937927449090906 -40.47477120560671 -0.013953768881172054 0.9976339042869743 0.06731927919354877 1.3339084774252175 0.9958713147877125 0.019905516021358146 -0.08856689457645195 20.83438417196277
-0.0919827665148325 0.06535374439149116 -0.9936136365601521 -41.51870904498072 -0.014551578732195083 0.9976491217307971 0.0669662711084458 1.3825001988604917 0.995654268418852 0.02061838994152484 -0.09081552607093513 20.738403245458326
-0.09310865211423835 0.06469612318126851 -0.9935518056683227 -42.61021230631117 -0.016920391398173057 0.9976397484182622 0.06654797315380183 1.4324156523516252 0.9955121693160778 0.02300747750755458 -0.09179420854464082 20.63058856588551
-0.09461953742041596 0.062012514453609814 -0.9935801886055737 -43.72742390170424 -0.021088124093561877 0.9977091614642759 0.0642784579191651 1.4872066521342533 0.9952901256219521 0.02703474026862803 -0.09309505173770938 20.52350327900416
-0.09765348028436516 0.05661695701544689 -0.9936087348482109 -44.682195576935364 -0.025287975758656694 0.9979170095832869 0.059347790745567564 1.544621779579219 0.9948991486931632 0.03092187191392401 -0.09601834078423854 20.48999385301654
-0.09269845514754649 0.05497326233971393 -0.9941755060556396 -45.9999517438882 -0.02718651599882609 0.9979627113197745 0.05771758972037882 1.6233970007524796 0.9953230077523094 0.0323784997029417 -0.09101507015809385 20.2517967022235
-0.09121193629322821 0.05954807191308 -0.9940495006834794 -47.07409208786632 -0.02684135831556708 0.9977008591502077 0.06222971263562706 1.657838207014235 0.995469700272899 0.03235773141572253 -0.08940387606928768 20.120135314050618
-0.0871406853656358 0.06228035288141671 -0.9942472824197076 -48.172081081434115 -0.028565910916007183 0.9974772003624821 0.06498633310599515 1.7259189487263302 0.9957863674943267 0.03406453290433951 -0.08514175186395412 19.961588779452534
-0.08572553006563877 0.062046515024047226 -0.9943849171564982 -49.3023876572818 -0.02648436436982115 0.9975643845925388 0.06452811043596239 1.7812799919691762 0.9959667223049632 0.03186735894108408 -0.08387347313202365 19.851785992112305
-0.08726039857919088 0.0628588956811931 -0.9942003732012688 -50.273375224809385 -0.023714720295672714 0.9975933330851958 0.06515484498690371 1.7909884765954518 0.9959032256605554 0.029262621511244116 -0.0855597107357835 19.79297550626453
-0.0836181736372037 0.06303302486181836 -0.994502307093527 -51.41772179418096 -0.028153588625908877 0.9974496085325462 0.06558699479129562 1.851668865440441 0.9961000835684444 0.033483073560229386 -0.08163030870882881 19.69011485265149
-0.07844081487834176 0.06314135683518518 -0.9949171863116214 -52.557614275668435 -0.03388589529431194 0.9972466683060327 0.06596081149152444 1.9213709116467552 0.9963427044252016 0.03888767940529892 -0.07608523989017879 19.595735591396807
-0.07478975068593585 0.06281102170903731 -0.9952192063782747 -53.82129534394591 -0.035890133461245054 0.9971981768430369 0.06563302843125055 1.9890995159816036 0.9965532557332147 0.040627227973246804 -0.072325907078586 19.523787127351863
-0.06950448679405974 0.062276521778281094 -0.9956358577063674 -54.95599082268883 -0.037456427211023935 0.9971828142155748 0.06498808424389609 2.0406699682776197 0.9968781983653168 0.04180992547596503 -0.06697602373696565 19.450623621369893
-0.062092294957841965 0.06167442988218938 -0.9961630446897614 -56.10016908984416 -0.037588845034089415 0.9972363507048889 0.06408384790100467 2.1028860778587286 0.9973623341774401 0.04142373150143278 -0.05960242304324237 19.312189900680007
-0.05713914388698904 0.06136797978318473 -0.9964783436147484 -57.22950224264699 -0.0365652922829672 0.9973107365734779 0.06351593591791108 2.1668257222358474 0.9976963955212643 0.040065768089450594 -0.054741543559523764 19.246028216513608
-0.050244404209280225 0.06157796124546225 -0.9968368244274021 -58.33323462285604 -0.0353338576121456 0.9973630458015487 0.06339142982850735 2.224970584484415 0.9981117263873316 0.03840715504056894 -0.04793612510195855 19.162824050706114
-0.040810283377119116 0.06258607304565432 -0.9972048456718426 -59.58953903054759 -0.035289714771548616 0.9973233203555241 0.06403772877277453 2.287908857743361 0.9985435177307108 0.0378044724306095 -0.03849240265586573 19.08532067747842
-0.03263898316024738 0.06226337375604894 -0.9975259240073812 -60.73846165376539 -0.03712290314913794 0.9972934729700152 0.06346352364299648 2.3865956573990523 0.9987775462234044 0.03910244314515406 -0.03023924767640862 18.981932057538177
-0.025222504177293992 0.0613757576310981 -0.9977959920034934 -61.93375726651014 -0.036995766296515804 0.9973725006800184 0.062284895146579734 2.4478261817634563 0.9989970663416187 0.03848520835977829 -0.02288558887912817 18.88600789243634
-0.019594051375968924 0.05629293099954693 -0.998222008908918 -63.10258722926184 -0.037191497200002005 0.9976816370320308 0.05699248779540401 2.517247162176813 0.9991160421526111 0.038242084783223836 -0.017455006867216794 18.83359897939701
-0.014213574147913244 0.049889045907239575 -0.998653622337799 -64.27932791203847 -0.03813042137270883 0.9980010006464938 0.05039914358931886 2.5802653702028353 0.9991716795805821 0.0387954353895204 -0.012282870880055086 18.79402673064494
-0.012055031306868358 0.04976549847484088 -0.9986881752487815 -65.37307247871952 -0.03812337476969861 0.9980117104837353 0.05019197180324782 2.608101510737102 0.9992003225161407 0.03867842937451735 -0.010133833665545433 18.7937886358601
-0.008608589129956101 0.052434517846194975 -0.9985872588469317 -66.5518872010588 -0.0365170977205814 0.9979416744460282 0.052715424478258804 2.6433794587660286 0.9992959490397514 0.036919313943985455 -0.0066761134388453325 18.76679553467668
-0.00717960131132811 0.05055737066230781 -0.9986953517448277 -67.72181347411507 -0.03507584743564775 0.9980937683222976 0.05077907603400193 2.7144240784934324 0.999358863597898 0.035394659313373864 -0.0053925727077765995 18.767832458143467
-0.006282444979519353 0.0493905620780463 -0.9987597825617001 -68.91358538323571 -0.037613060387364054 0.9980610359099077 0.049592603145414076 2.773876217301612 0.99927262975295 0.037877974814616 -0.004412533350298675 18.758360314614595
-0.005559057990040861 0.05149615958584627 -0.998657720353762 -70.2675768227732 -0.03854248853944386 0.9979200428230885 0.051672668879707596 2.7980584149051464 0.9992414990638903 0.03877800510436446 -0.00356270524681479 18.733950947039457
-0.003916667913306915 0.05225467624010972 -0.9986261104755365 -71.37655588921035 -0.039243618945143104 0.997856451404481 0.052368318309309346 2.807636546022606 0.99922199639747 0.03939481186016824 -0.0018576097428335547 18.68187869583646
-0.0028613364010394715 0.04992612823737567 -0.9987488145040401 -72.57057562267295 -0.0401730806342139 0.9979409001311964 0.05000083436998241 2.8593496876637023 0.9991886390198587 0.0402658858658615 -0.0008497582481972188 18.674712775531795
-0.0007608379239760765 0.049986909084430736 -0.9987495832518973 -73.66551372802884 -0.03957489266802971 0.9979659531876102 0.04997783657441203 2.8748342200049994 0.9992163174187898 0.039563432592857314 0.0012189362178008922 18.63002513521517
-0.002104575244122442 0.05023255338526819 -0.9987353309778514 -74.84556391272822 -0.03561908810018081 0.9981000144465588 0.050275657377010445 2.9082361182470415 0.9993632229204523 0.035679850646760956 -0.00031133883703571286 18.653143110478215
-0.0017283362705835525 0.051390784342929166 -0.9986771250701372 -76.04690794290605 -0.03353458553587776 0.998113937240738 0.05141983915502712 2.9329573916308638 0.9994360632009797 0.03357909424642821 -1.7078666043612856e-06 18.645947196553877
-0.001809290700197419 0.053729208297720356 -0.9985539037242119 -77.27556450761291 -0.03195277780325452 0.9980425474627389 0.05375958932825334 2.9872495820307856 0.9994877420247926 0.03200383773529017 -8.895164524380661e-05 18.64541807377339
-0.004228059388374339 0.05779966418610268 -0.9983192487044322 -78.53620881627546 -0.030534238199907478 0.9978552025959528 0.05790211524410214 3.0681674733816098 0.9995247789881747 0.03072773132145836 -0.00245412234344089 18.667491584663253
-0.003815369681302583 0.05874872113225656 -0.9982655111339467 -79.68646510184323 -0.031080150814826884 0.997783533278532 0.05883914465333663 3.0964648917508995 0.9995096133502284 0.03125073572786741 -0.001980993928405228 18.65433050723914
-0.002900244793880624 0.05663104116695215 -0.9983909623772057 -80.8789538177222 -0.033406656669630753 0.9978324074011928 0.05669640226766874 3.145077896791181 0.9994376338072793 0.03351733754770611 -0.0010021044956227687 18.617896973052275
-0.0027232902619964694 0.054262699315219626 -0.9985229807837047 -82.02875857361133 -0.03266864976339673 0.9979888755570836 0.054322772268584514 3.188821861396781 0.9994625270678162 0.032768334216649465 -0.0009451242672400273 18.606444884602357
-0.0026108695291215955 0.05346349867912949 -0.998566391217574 -83.15159554938303 -0.030946024608640613 0.9980872138136884 0.05351875542788825 3.2453600873585566 0.9995176471284655 0.031041390603763677 -0.000951392748163693 18.621233098335463
-0.0031593571392509734 0.05465988953327041 -0.9985000325181155 -84.29550801450412 -0.02831311607139564 0.9980998251019995 0.054727566999508336 3.295009925550229 0.9995941105872898 0.028443551247491438 -0.0016057620113161253 18.60723487349594
-0.0027960675103089194 0.05785525325948977 -0.9983210664294119 -85.48917411717017 -0.026000442146792358 0.9979832578299759 0.05790849764273897 3.335262278089789 0.9996580210325174 0.026118705200451637 -0.0012861663977892235 18.6031237482755
-0.0035682267405146018 0.059745848879680874 -0.9982072436621439 -86.74103660157488 -0.029287639005794716 0.9977791405744604 0.0598249181859662 3.411784700813713 0.9995646562175928 0.02944860227816649 -0.001810487356442625 18.643485223329694
-0.002785822915741143 0.06081477366021838 -0.9981451810710398 -87.9678650988566 -0.033734945935039055 0.9975752027552471 0.06087420036918402 3.462460924531702 0.999426932103314 0.03384195846111718 -0.0007274847585314603 18.572699571461186
-0.002116223078811208 0.05867964785554311 -0.9982746217987466 -89.18399747248685 -0.03331895578097313 0.9977184433131533 0.058717587300941315 3.523457447666656 0.9994425290058186 0.03338572749435846 -0.00015625020375287235 18.556523237319247
-0.0022167414358527093 0.056871744509405985 -0.9983790315976511 -90.33476688836977 -0.031301883512944086 0.9978883050382229 0.056913291562557956 3.5807068952697496 0.9995075178036176 0.03137730620049308 -0.0004318676323198378 18.54960681097826
-0.003650868893983139 0.057455066114782564 -0.9983414178196081 -91.5551005150387 -0.028401532422207762 0.9979393697808931 0.05753579057755404 3.634294362492241 0.9995899279766626 0.028564481774746762 -0.0020115338801349747 18.58039743804653
-0.004380695633571685 0.06093099634160905 -0.9981323675698455 -92.67839223642844 -0.026126899875053285 0.9977942331269553 0.06102502307668748 3.669186536480169 0.9996490357163784 0.02634543648167787 -0.0027790947995578463 18.580052540568637
-0.003871686656107487 0.06254273851411583 -0.9980347768998795 -93.88020774706652 -0.023807541533056684 0.9977536032237421 0.06261747535785213 3.734980888582052 0.9997090631821786 0.02400318964626097 -0.002374000466918602 18.578965395995038
-0.0038101485879755703 0.06540108597629847 -0.9978517829421656 -95.01654772807105 -0.024088302896933655 0.997563475210457 0.0654741673454627 3.757764854740533 0.9997025739845244 0.02428602230001635 -0.0022254638977035057 18.567508667826175
-0.004079186388277201 0.06671489446918745 -0.997763741120299 -96.20252850033157 -0.026574989182701778 0.9974124138024572 0.06680005046925751 3.8263836467290524 0.9996384997529602 0.026788050483774438 -0.0022956835430381073 18.556474265724503
-0.002544378117182111 0.06589570023888441 -0.9978232723433667 -97.3563448951843 -0.028237135877663102 0.9974238845524912 0.06594132756962957 3.868985842706246 0.9995980143524815 0.028343450993940148 -0.0006771176640110177 18.525323241730657
-0.002883481903556362 0.06304855902815086 -0.9980062949383565 -98.52818475804284 -0.027871930357661865 0.9976176487655631 0.06310453525387248 3.902478611033363 0.9996073434255321 0.027998322734466882 -0.0011193273905003576 18.52379088394587
-0.001931327884433065 0.0611401986530539 -0.9981273195746464 -99.70646936266847 -0.029044359132570502 0.9977046627735977 0.061170508273186264 3.9596475800327986 0.9995762578088684 0.02910810863808892 -0.00015111694852731894 18.502104105853736
-0.002689856101457666 0.05991090988695642 -0.9982001039624624 -100.86811553445403 -0.029848486166897274 0.9977541367797185 0.059964576313882995 4.008896022617294 0.9995508153904424 0.029956058076388195 -0.0008955650875646093 18.50141026222666
-0.003169420569036241 0.06077102038192098 -0.9981467015699631 -102.05507445472367 -0.030433537300532644 0.9976834971999006 0.060839454487636446 4.06051757769173 0.9995317676695593 0.030569960692095152 -0.001312601481828768 18.53432442934168
-0.003950087435506511 0.06236974043820559 -0.9980452957090288 -103.234413659151 -0.03011991688498139 0.9975928301510187 0.06246067433291533 4.124511249394514 0.9995384872110196 0.030307766479098344 -0.002062007505994279 18.53951554107119
