1.0 0.0 0.0 0.0 0.0 1.0 0.0 0.0 0.0 0.0 1.0 0.0
0.9999354576379832 -0.003268317473891324 0.010881114796149696 0.02053255703057382 0.0032559189344941847 0.999994030183078 0.00115697454485077 -0.00550847404608607 -0.010884831198008238 -0.0011214718432876634 0.9999401295831144 0.2977196916709539
0.9998326241616692 -0.005251746936159814 0.01752549046700163 0.028491084558782843 0.0052372331476685935 0.9999859037037065 0.0008739467022514102 -0.007055457556077213 -0.017529833169411233 -0.0007820153450865336 0.9998460348478923 0.5842577178531533
0.9997957418669844 -0.007720386260851479 0.018678066833310306 0.04990444759753847 0.007721597307829997 0.9999701879966248 7.28083325892119e-06 -0.019624650367986284 -0.01867756621356389 0.00013694516448604468 0.9998255496667205 0.8809130927042671
0.9998319212378888 -0.00901585123384914 0.01596382473849024 0.06016043479913125 0.00903614518500155 0.9999584536916688 -0.0011995710742497582 -0.027099586072443067 -0.015952346346155645 0.0013436208898734512 0.9998718504533252 1.1843919810102843
0.9998925868464849 -0.011661099187385518 0.008878825101704966 0.06569125783643541 0.011685211591999489 0.9999281643485992 -0.0026687023983620814 -0.031523406929149206 -0.008847067282151197 0.002772166694623459 0.9999570213225778 1.4793821245236014
0.9999065995060392 -0.013149471817473059 -0.0037260777220381697 0.06080190343495704 0.013131858467862197 0.9999026674947443 -0.004712730638907363 -0.0332782826366622 0.0037876849722783606 0.004663360142251725 0.9999819530945219 1.8118512371666007
0.9997098463357883 -0.012537095141964376 -0.020568042801295375 0.04521338467649285 0.01244194695957785 0.9999113257241308 -0.004747488227096001 -0.044575428955501005 0.020625738656582383 0.004490204228395063 0.9997771836618685 2.156105891973796
0.99918904341106 -0.006832756330650592 -0.039680838804351234 0.004404928100695131 0.0066253020766015676 0.9999637021124106 -0.005357222231331377 -0.0418545967383016 0.0397160030678407 0.005089980212932703 0.9991980440341881 2.507583877323084
0.9981997570619704 -0.002476942488817906 -0.05992586884919093 -0.04004680091662031 0.002065080225674958 0.9999738284615054 -0.006933818262788512 -0.0419152783415797 0.05994147516607236 0.006797583978660491 0.9981787477235569 2.8496644443652386
0.9967741937242064 -0.0023570657523436893 -0.08022250910123346 -0.0740902410498033 0.0017464509445181636 0.9999689769041239 -0.007680829279327828 -0.04035325871874011 0.08023812457028609 0.007515947735243806 0.9967473872025371 3.250927849601444
0.9948472879812973 -0.003956697026752466 -0.1013075423889864 -0.12426536047154992 0.0032457071167875905 0.9999689416167272 -0.007182004402281153 -0.04322554977619743 0.10133281295597109 0.00681618299056295 0.994829231912628 3.638202985318373
0.9926533576185761 -0.0056124638552034305 -0.12086278111164477 -0.18149628544746338 0.004971434222320299 0.9999719358887615 -0.0056046656149803965 -0.059947435568795164 0.12089084518829564 0.004962628774816434 0.9926534016792079 4.018487463773159
0.9905825629202497 -0.003357325021834537 -0.13687554349498388 -0.2841337380668125 0.0025591995750897678 0.9999786854723126 -0.006006587933297941 -0.05377027473888388 0.13689279212538663 0.005599729436619578 0.9905700411855551 4.363356070087026
0.9882117361409527 -0.0026067928048854683 -0.15307112459427602 -0.3568290378078469 0.001795281401745846 0.9999835942141527 -0.00543950983392248 -0.06279053121937385 0.1530827930172837 0.005100581713607895 0.9882002036774786 4.77465116661069
0.9859876259421201 -0.0018857664810268437 -0.16680780969067646 -0.4355847324219682 0.0009076572653114205 0.999981947710886 -0.005939731528571121 -0.06627511524347435 0.16681599937449232 0.005705097468212972 0.9859715382380809 5.215801375432715
0.9837124955303644 -0.0028078953984371473 -0.1797271316770349 -0.5109372001977307 0.001452446362067994 0.9999695083861985 -0.007672854581573257 -0.06453224414067651 0.17974319607981862 0.007286838909711794 0.9836865788663154 5.671584253741341
0.9824788189205691 -0.006207837270369675 -0.18627085958052642 -0.6591331023258585 0.004517056011943854 0.99994467112426 -0.00950004711464313 -0.08400170184407268 0.18631952816983127 0.008492199162766176 0.9824525006207432 6.099608325962138
0.9808644308817013 -0.004989706246547205 -0.19462803257159392 -0.7555949014894436 0.002842782628780512 0.9999320140634138 -0.011308662078706103 -0.0932899842161627 0.1946712275043278 0.010538979203795285 0.9808119305449441 6.5771771965362795
0.9794590608125263 -0.004779753700827493 -0.20158646320327006 -0.8949538760989539 0.00216200397534764 0.9999104871157078 -0.013203919677069869 -0.09459286051134544 0.20163153010145637 0.012496868031125147 0.9793817204534492 7.059810207993704
0.9775964693202415 -0.003607134903293766 -0.21045695937741665 -0.9848172768121887 0.00010970184535326765 0.9998617460484819 -0.01662759015570936 -0.09113549714293365 0.21048784083196656 0.016231985912714332 0.9774617084547231 7.565767582020399
0.9758499136103846 -0.008469912709381142 -0.21827781995727435 -1.1002201212019207 0.004613976251848796 0.9998242850267864 -0.018168937608528245 -0.10232953460590158 0.2183933545915539 0.016723027518086565 0.9757175221450505 8.068706597647763
0.9739780732690078 -0.014206633357605187 -0.2261965613351226 -1.2177999547940872 0.010088330101966374 0.9997618275051271 -0.019352360563051646 -0.11887051395563543 0.22641761942690117 0.01656682927572977 0.9738894196882949 8.576669251023294
0.9718177894142573 -0.015775398434533582 -0.2352048489768396 -1.3348080951516035 0.011080843565063057 0.9997124054508365 -0.021267846472760105 -0.1419592844245912 0.2354727140962893 0.018062203407502895 0.9717131046374713 9.092888445425691
0.9694382230068295 -0.011606122097069314 -0.2450608693839729 -1.485546319887402 0.005482594151310084 0.9996558161291329 -0.02565522248138113 -0.15859990927860795 0.24527428102989665 0.023527584003995454 0.9691681896637974 9.625805699155642
0.967511026262104 -0.008205589241481476 -0.2526956318705382 -1.6491496359495539 0.0010993194264836323 0.9996002785700899 -0.028250213793829627 -0.18118244500726197 0.25282643366161106 0.027054600122689107 0.9671333119348916 10.13928281789799
0.9653677382786285 -0.010002085099678554 -0.2607011472634214 -1.8157933363400254 0.0021105803296279303 0.9995315397100886 -0.030532713201610096 -0.19556738665030618 0.26088440992416073 0.028925065573622753 0.9649366120321501 10.671067615901697
0.9629002447858086 -0.013906631945214574 -0.26949902444975593 -1.973573500155713 0.005414405373295286 0.9994658467391768 -0.032228953076294545 -0.2272257945004493 0.269803266855469 0.029574089840275763 0.9624612046229375 11.280829097873387
0.9607397240497301 -0.013333756125608297 -0.2771306435247305 -2.157341708324047 0.003827987469521136 0.9993864966115626 -0.034813458638868006 -0.2531595114228268 0.27742481710326783 0.032385820015089745 0.9602013484249897 11.84886725041594
0.9581353699181747 -0.014013046948673094 -0.28597245921063247 -2.288838201241663 0.003280605242958698 0.9992733315609652 -0.03797428683055255 -0.2840992558698097 0.2862967875142899 0.03544634461074215 0.9574850944598219 12.374082494727698
0.9558660788516115 -0.013689433734925214 -0.29348362595698946 -2.4983353364032723 0.0011695545053426225 0.9990832897271367 -0.04279266678136986 -0.3209351136001064 0.2938003938784018 0.04056081350292933 0.9550058371365469 12.942474341599993
0.9543473511934875 -0.017145191338620615 -0.298206598994617 -2.699629467353895 0.002223520325705181 0.9987314019494926 -0.05030549390834252 -0.34958892157193194 0.2986907920029263 0.047345846427782855 0.953174790685686 13.523469149787047
0.9530678596539011 -0.013452563941144328 -0.30245773823485056 -2.892238130555489 -0.004732236514799365 0.9982283749789239 -0.05931034753316633 -0.39131586818423336 0.302719772780537 0.05795808753182245 0.9513157200726547 14.165848343087985
0.9527427530008401 -0.015262723694753828 -0.3033946207001662 -3.251797226165444 -0.0058595605216420895 0.9976278754844701 -0.06858780946229436 -0.44572322798552827 0.30372176766717485 0.06712429755133667 0.9503932957062389 14.857685569777837
0.9514331884534287 -0.014045002984128202 -0.3075347554350862 -3.4898072915156613 -0.010619551187601514 0.9968669366565062 -0.07838071021397601 -0.4752235549841641 0.30767208687483555 0.07783989010943683 0.9483031363787818 15.474044379189861
0.9506122158155564 -0.013431199893781285 -0.3100903384687295 -3.630706655304906 -0.013293451969623433 0.9963846953980798 -0.08390961155438026 -0.5331382342176906 0.310096274206849 0.08388767278861037 0.9469969160863946 15.806824537218704
0.9491123881115173 -0.016815544381408823 -0.31448833396552145 -3.7815673714715574 -0.011394309708254152 0.996086356947137 -0.08764781349271204 -0.6450060428531444 0.314731384579811 0.08677100305365681 0.9452062994868038 16.108847872626228
0.9481292286688421 -0.008516638626741523 -0.3177710380294718 -4.126705413271798 -0.023081322714102483 0.9951580685485334 -0.09553884625910068 -0.6851186719574501 0.3170460822744763 0.0979177484895058 0.9433418766519124 16.886075852167714
0.9463637235805152 -0.008332654092973815 -0.3229957732952383 -4.3757159225821844 -0.0257208002342621 0.9945520295584067 -0.10101831980667335 -0.7527741474041175 0.3220778525855687 0.10390778304352853 0.9409936394561058 17.56979337840122
0.9446762750048453 -0.005159472119085273 -0.3279635883606932 -4.6413985848231905 -0.0304521901637498 0.9941781881121187 -0.10335566939619484 -0.8310138338857052 0.3265875067377818 0.10762485832537522 0.9390194302107078 18.288427428927182
0.943137325561855 -0.004433677793742604 -0.3323737769939931 -4.905179409128381 -0.03210234329552562 0.9940221120555119 -0.10435267270000989 -0.9242710391015838 0.33084954992710447 0.10908887773701058 0.9373570248667857 18.916051192031805
0.9409771282396585 -0.003151213295658869 -0.33845548301750195 -5.164360651633906 -0.03385497572162025 0.9940656785294029 -0.1033792406083853 -1.0028899450752906 0.3367727494152901 0.10873590310768186 0.9352863832145869 19.60512725964293
0.9389679829383429 -0.00036497062358613656 -0.34400435144507063 -5.4501402800077905 -0.03735204265028576 0.9939789785302786 -0.10300784023439784 -1.0719965925046406 0.34197068869502684 0.1095703291787878 0.9333008041553918 20.316037470694095
0.9364825474955631 -0.0008848452306628306 -0.35071306688679 -5.719549477367678 -0.03670578093207279 0.9942576025889864 -0.100521168617201 -1.1597220392545229 0.3487880787561223 0.10700951706702937 0.9310724136041698 20.98333882137603
0.9333571964185073 0.0001838522942162038 -0.3589488962124245 -6.007728405508992 -0.037775354974916575 0.9944971600160919 -0.09771602364221874 -1.2377602575341677 0.3569556925590388 0.10476337584414468 0.9282280262044642 21.70248810091222
0.9303924954160877 0.0008494024916204779 -0.36656388664028605 -6.284345047116735 -0.03658940077195378 0.9952183379337818 -0.09056310281494498 -1.347257493547682 0.3647341774835128 0.09767158417742683 0.9259747520422451 22.282915298422104
0.9277717012601234 0.007987674063230758 -0.37306281964832116 -6.662217114159623 -0.0435112889951768 0.9952664877731006 -0.08689871141607879 -1.406804051885167 0.37060280364680787 0.09685460948688156 0.9237276365630018 22.98344898812811
0.9240675542433685 0.008180736971315274 -0.38214163701078857 -6.935825639785985 -0.04252138711246055 0.9957654495024559 -0.08150522201187013 -1.4765138449297706 0.37985666616858443 0.09156552364169672 0.9205023998054055 23.63654873620755
0.9207505124100445 0.00980993204991874 -0.3900285363019178 -7.298456246940589 -0.04433731312363395 0.9958386847359529 -0.07962108168283197 -1.5509534990675626 0.3876244271993411 0.0906039690992803 0.9173539252773922 24.3755296529136
0.9170588472282384 0.01322836342769231 -0.39853240912307175 -7.697343054787639 -0.04899478054839625 0.9956145520420459 -0.07969426103008204 -1.6258497049961755 0.3957304413352971 0.09261033507736192 0.9136852541424918 25.117547048669095
0.9131235640512825 0.011688012014520318 -0.40751533363719183 -8.015765258632735 -0.04677122150799231 0.9959923451004302 -0.07623451541130069 -1.7158598390873827 0.4049911228816425 0.0886715223535378 0.910010742524819 25.857929926153023
0.9099239440837352 0.015214052616388215 -0.414496017575664 -8.393172214302703 -0.0509594602813423 0.9958567271736309 -0.07531608294951819 -1.7670292195411634 0.41163278464055036 0.08965440059478497 0.9069291808421737 26.51074169458313
0.9055865695923696 0.015583186322872694 -0.42387513406420885 -8.729336061340303 -0.05108752308561263 0.9960571700931203 -0.07252709073899026 -1.822700631154211 0.42107366334039625 0.08733429000175913 0.9028121021735294 27.30421425807876
0.9022115662762022 0.014716889433151066 -0.43104257660102946 -9.121047684351293 -0.04871925625532789 0.9964984259603891 -0.06795087290384616 -1.8989129865737837 0.42853322362142426 0.08230613721879655 0.8997694015850678 27.985304624698095
0.898881351220276 0.016822001938335916 -0.43786908623377074 -9.533807093883436 -0.048893165294097596 0.996873326425424 -0.0620727754255757 -1.9707662085584623 0.435455824184193 0.07720486585893746 0.8968933235740852 28.77165987722741
0.8951246798900673 0.02188358489834136 -0.4452784703572606 -9.940805735884506 -0.05355238005614199 0.9968403735868143 -0.058663550673505004 -2.014530737464843 0.44258778794949505 0.07635691389322548 0.8934683383638591 29.514973663210213
0.8919957792718982 0.02046019669154944 -0.45158045807193903 -10.385329509157815 -0.05141098379326082 0.9970851400839257 -0.056374942742563966 -2.0740843741441948 0.44911072187883494 0.07350240659435173 0.8904476153701072 30.331079444739984
0.8888279290831625 0.020160205513680234 -0.45779742091386094 -10.800390170679204 -0.0511417537910989 0.9971546732522556 -0.05538121188957456 -2.132752286354736 0.4553783410537958 0.07263693086050312 0.8873299514691586 31.12982708962157
0.8858552982705116 0.020307530472209803 -0.46351698429742927 -11.26716029690644 -0.050884000277948205 0.9972675878866929 -0.05355536076221425 -2.191329649294357 0.46116288775418257 0.07102789843982027 0.8844681049090724 31.96224090399963
0.882708943740618 0.020396488963341095 -0.469477266625649 -11.719438440420364 -0.05086525738505462 0.9973347841269136 -0.052307303138996855 -2.2483615250625584 0.4671591230314084 0.07005220630708978 0.881393806513317 32.80281591013253
0.8807205708025863 0.022143674083188986 -0.473118308526804 -12.233510676370718 -0.053328123105621135 0.997190764795937 -0.05259933356731675 -2.3017586812403907 0.47062446541929615 0.07155582648388349 0.8794273001476643 33.65294274862538
0.8790361038444161 0.02118433527750749 -0.4762843185292573 -12.635351489980563 -0.05296101498937267 0.9971681437578196 -0.05339310784998331 -2.3476236058140696 0.4738044523105754 0.07215897042942518 0.8776687438648143 34.31006145819751
0.8776042176477429 0.021233855652426203 -0.47891540019195983 -12.982783675474654 -0.05309241349739439 0.9971779430941383 -0.05307867213453169 -2.436135181448439 0.4764368088171975 0.07200884098966838 0.8762549252491594 35.062457298066015
0.8773865034449041 0.022950583900882938 -0.4792350094383067 -13.522970955481382 -0.05451605902535853 0.9971551149327353 -0.05205454900224362 -2.518435954961787 0.4766769586219466 0.07179796279903693 0.876141615069641 35.95726960655854
0.8769623078202258 0.02234322349336003 -0.4800394681966779 -13.965223221812744 -0.05331405161334993 0.9972756520032177 -0.05097926855228758 -2.549128661726364 0.4775926324423281 0.07029974598448391 0.8757643650841958 36.76037584578438
0.8771117581360435 0.02191115322029608 -0.4797862702329607 -14.473214203298554 -0.05248050914702018 0.9973496248234114 -0.050393670478247034 -2.617812839522767 0.47741047317708524 0.06938030865567928 0.8759369913821852 37.6144450002026
0.8760412203233297 0.019663533944552742 -0.48183516447766966 -14.897485660961296 -0.05077022542914544 0.9973762371865249 -0.05160451245310458 -2.6665044510024525 0.4795562162085748 0.06967055998382884 0.8747410179974725 38.45579080817427
0.8749162607628511 0.01799457099658264 -0.4839398021111714 -15.390606122178351 -0.049501205855241974 0.9973982028758961 -0.05240663620964181 -2.721454276940714 0.48173765398983265 0.06980702195754901 0.8735306591149452 39.341634952846434
0.8727733003101051 0.014577911737619444 -0.4879080351410267 -15.910861891929946 -0.04488194500730465 0.9977163367383968 -0.05047496822857256 -2.786427004562271 0.48605799785433884 0.0659514662057206 0.8714344650214079 40.32609869430845
0.8714447666558932 0.016318669486984818 -0.4902221126124672 -16.397740337311323 -0.04486956826276236 0.997908008194991 -0.04654383980957115 -2.8373912382068265 0.48843703843174013 0.06255644016790167 0.8703539230000348 41.16347183794814
0.8685980697789263 0.015912070185973855 -0.49526174816829965 -16.93615997240507 -0.04267688868131054 0.9981727140327274 -0.04277751901433793 -2.8935119111222454 0.49367608444080685 0.05829270094047501 0.8676899703628351 42.08990455693495
0.8653466104042545 0.01849328222923385 -0.5008325492360268 -17.422034467759865 -0.04491007901661908 0.9981600073871093 -0.04073922502560643 -2.9637492048279253 0.49915761905893846 0.05774597964668943 0.8645849137997123 42.88455167985502
0.8596751828735698 0.013849858083809051 -0.5106532692369185 -17.95324928421537 -0.041621112182130465 0.998207945587659 -0.04299512049509344 -3.0082484668012373 0.5091426744754528 0.05821579507937208 0.858711044665934 43.824913589169064
0.8538510685254243 0.011387496015072723 -0.520392810973113 -18.476329997004335 -0.041938489499924125 0.9980153883979236 -0.046972839166974686 -3.0510909816361154 0.5188251303439879 0.061932297353226126 0.8526340801704418 44.67647269870959
0.8496978801397244 0.01482474908444047 -0.5270614189073622 -19.04697669612496 -0.045279574844292486 0.9979635794433332 -0.04492721009110283 -3.1346387908693676 0.5253220655826087 0.062039672139957015 0.8486387962453684 45.26191729198103
0.8446712334081558 0.019363694151380065 -0.5349350940081953 -19.541546104659886 -0.04739916424488303 0.9981255277730001 -0.03871369314282202 -3.20618487746673 0.5331827329177414 0.05805581931797873 0.8440057435596553 45.9475993623703
0.839029725238712 0.023410645981987725 -0.5435816974664962 -19.896952420726713 -0.049016448051771036 0.9982636755740776 -0.032665300392323994 -3.2829146131775864 0.5418731475043208 0.05405160204877162 0.8387204041453397 46.592139597038745
0.8347094530540939 0.023361069746839914 -0.550194864936432 -20.498843111141944 -0.05048620443974997 0.998138580038346 -0.03421283677659941 -3.3203070111172996 0.5483714727658644 0.056335028706105614 0.8343351199591679 47.4921077691188
0.8321249637728709 0.02112363829294475 -0.5541857419415148 -21.062428210820226 -0.051104119767309254 0.9979433761009331 -0.038696085578260125 -3.3634958921395133 0.5522285881850078 0.06052115333947592 0.8314931006266094 48.31603038424985
0.8283859471707293 0.021188392412656524 -0.5597568887981825 -21.53184225596351 -0.056929765009457844 0.9972947124623177 -0.04650008979207449 -3.4264991789055133 0.5572573233130468 0.07038684906763736 0.827351175192438 49.14057211949822
0.8253743894800185 0.019609965180548153 -0.5642451297584273 -22.13652713604957 -0.05710809566179571 0.9971706356106761 -0.048881375652527315 -3.4720537199343156 0.561690112606916 0.07256840043309477 0.824158992342019 49.99462663115581
0.8235694523755053 0.02421029559703187 -0.5666985254092467 -22.82202659494082 -0.05939192641778988 0.9972774190395813 -0.043707534249087854 -3.5611828811916184 0.5640974704696823 0.06965350716838092 0.8227651139595372 50.830424035944276
0.8212094975276577 0.027219268452451366 -0.5699772562087767 -23.441745538564486 -0.05973693775143593 0.9974740048580206 -0.03843316147004554 -3.614774460614076 0.5674913738890249 0.06561037309309337 0.8207611220715392 51.66502063443638
0.8184297626355055 0.030172510508860027 -0.5738138576594182 -23.938348376804765 -0.061793534203687904 0.9974507255539024 -0.03568766205023002 -3.6561496161170446 0.571274262297023 0.06466583102061325 0.8182078266158334 52.348576156054826
0.8151701600597046 0.030815044614231603 -0.5784012821334843 -24.576646877526642 -0.06353650699592914 0.9973150341282295 -0.036412016980177354 -3.6965305543424978 0.5757262565030293 0.06643158681855636 0.8149393362979706 53.22233413766303
0.8117519750106944 0.031168300006998138 -0.5831700164968281 -25.241735579726072 -0.06597370631736578 0.9970766820872543 -0.03854296450225954 -3.7327194207531433 0.5802639064606612 0.06976121495893135 0.8114352541925122 54.10930601163547
0.8100163110349844 0.02992127227587644 -0.5856434865365348 -25.97157820876552 -0.06694203205710732 0.9968868933776126 -0.04165676602903305 -3.7405953333748405 0.5825738924817527 0.07294682499824962 0.8094976346607408 54.86155993772124
0.8069525220664473 0.030838096404297705 -0.589810680592306 -26.517364225212617 -0.06889331110320074 0.9967335135501342 -0.04214278884034684 -3.775359155997356 0.5865844686111605 0.07464124045166791 0.8064411611568439 55.45800118010674
0.801715337993452 0.02718988962772726 -0.5970872856861693 -27.283479232721287 -0.06312512581839945 0.9972296639211059 -0.039347374578354855 -3.8972847391622474 0.5943633024644577 0.06923660374274676 0.8012106822713446 56.56469489094851
0.7970479676939672 0.026555060207180337 -0.6033318870839743 -28.01176028635708 -0.06152818424554013 0.9974050046262967 -0.037383676783644265 -3.9943627137722526 0.6007735178404283 0.066918499115044 0.7966135165422606 57.491950424208305
0.7931785933944565 0.025419544766321495 -0.60845835167632 -28.604444382577395 -0.06331953013676286 0.9971555057485093 -0.04088440361181985 -3.9408998429054307 0.6056883324648502 0.07095593068452831 0.7925319550760344 58.134974293617745
0.7885448345241313 0.024306640773138093 -0.6144967299828666 -29.303269826102774 -0.06288901267051848 0.9971673553495228 -0.041258181134968604 -3.999155380833702 0.6117532313201443 0.07117901825372512 0.7878397878565147 58.981854735211044
0.7829672384071099 0.02523639800731737 -0.621550824789703 -29.911450545013444 -0.06550334787757685 0.9969665679173343 -0.042035388328887556 -4.097187668835892 0.6186045707865186 0.07362599181503429 0.7822452290242999 59.78393615371911
0.777502123324928 0.022318002729537156 -0.628484172417566 -30.621872191748636 -0.062754095242975 0.9971354085470931 -0.042224407063419525 -4.156164739338952 0.6257414575968769 0.07226952176253902 0.7766754434567568 60.65202382980143
0.7713890252774582 0.021244526143454054 -0.636009152285117 -31.19275640675467 -0.062402540267506516 0.9971509662674298 -0.04237774699170947 -4.2421400794300155 0.6332968456021673 0.0723783156813642 0.7705170243216393 61.367006166846906
0.7648852018962697 0.019501108710578592 -0.6438713650094722 -31.90764302218399 -0.06051028288636955 0.9972970882905867 -0.041677612121247494 -4.310988799882069 0.6413182779128583 0.07083942720107088 0.7639978023323823 62.23391816545718
0.759271766580989 0.018859251597387067 -0.6505003559585272 -32.60235128006212 -0.059147675178436186 0.9974426952837707 -0.04012009653569065 -4.363188107921816 0.6480801933356476 0.06893764032974574 0.7584455581990024 63.03974844420744
0.7534542719302024 0.02049475370408781 -0.6571808161995734 -33.5082135623166 -0.06289390647069544 0.9971772972358057 -0.04100968673800095 -4.3600310947625625 0.6544853066639342 0.07223159245165744 0.7526164895967359 64.03422102211427
0.7466765146559289 0.01710037246460163 -0.6649674877186452 -34.231135818377254 -0.05994059099072807 0.997332293534303 -0.04165839441564129 -4.40609430091669 0.6624811755913951 0.07096388895190835 0.7457096073216869 64.88435147017816
0.7445672374884187 0.01604920856824839 -0.6673545173018592 -34.97339605507078 -0.059325952862719536 0.9973460725745145 -0.04220477268179118 -4.415664079612578 0.6649060536465247 0.07101573364068099 0.7435433446677341 65.2649525330487
0.7383023179904582 0.016338779307101845 -0.674272001154334 -35.72273885119606 -0.06163039542703042 0.9971584958154813 -0.04332007135860375 -4.440579890291094 0.6716482573560542 0.07353895915608592 0.7372113942939401 66.11903965306536
0.7323761694565827 0.016783146671098276 -0.6806933761980641 -36.23967725470265 -0.06113930384057734 0.9972788776917844 -0.04119254344786794 -4.499255653836412 0.6781497857685959 0.07178555633016524 0.7314093942275942 66.68121213306517
0.7265652667980973 0.016310563362933607 -0.6869038350492691 -36.847920367009394 -0.06052337510245039 0.997351464652784 -0.04033580321692628 -4.5606503113950865 0.6844266462878383 0.07088033209382022 0.7256281033514702 67.4456391133961
0.7230940316805428 0.01592363195887672 -0.6905660426731223 -37.68373827884049 -0.06150724672873106 0.997247283435479 -0.04140910866474152 -4.611723264861596 0.6880057266824378 0.0724174953018648 0.7220829775215416 68.19813786471369
0.7176744166122526 0.013901702708013351 -0.6962400264291626 -38.5018550925946 -0.06155210472012094 0.997153881822636 -0.04353704595596584 -4.674949622803766 0.6936532059644691 0.0741004630745762 0.7164875094705749 69.03563424739161
0.713318266797516 0.011541276613054829 -0.7007452098923893 -39.33916544213821 -0.06121319262036265 0.9970692423573944 -0.0458897700372752 -4.7333512467113374 0.6981618689832683 0.07562886273766502 0.7119341822238887 69.83834231946342
0.7099183322805959 0.011823160903697871 -0.7041847586806907 -40.169840774057796 -0.06315946455551813 0.9968991428495408 -0.04693592465171106 -4.787875883519015 0.7014462513471703 0.0777966056592196 0.7084637214557328 70.58911545687019
0.7046398426444204 0.010320711628300639 -0.7094900810226539 -41.04770985447052 -0.060045369079996275 0.9971749586778741 -0.04512931904900785 -4.850000557358853 0.70701997553824 0.07440151004694444 0.7032689169106231 71.45638746144333
0.6995540261102144 0.010592977890207944 -0.7145011920020897 -41.890423479500505 -0.060426972540945284 0.9971855872676438 -0.04437888614217558 -4.906661676498879 0.7120201861903392 0.07422057238462867 0.6982252939362572 72.27800387677338
0.6958792632721751 0.011148506538317124 -0.7180722538503628 -42.65631651536565 -0.06343198822750176 0.9969257575193139 -0.045993661128988214 -4.933303886010397 0.7153519649915563 0.07755478577436227 0.694447133615088 72.9233532124268
0.6939473206183471 0.014157676515861566 -0.7198865719002469 -43.51274873661089 -0.0679182703363621 0.9966358379227743 -0.0458706346422885 -4.999628254191784 0.7168153351883133 0.08072525480691717 0.6925743342596695 73.53704254863844
0.6910960791523328 0.015848765381069198 -0.722589112854718 -44.17322231011345 -0.06964197688672019 0.9965678845486294 -0.044748704356428935 -5.087856178550629 0.7193998918790453 0.08124818842389886 0.689827896973044 74.0725728549378
0.6869680365220392 0.013426775959882484 -0.7265635818594114 -44.89524116635378 -0.0680015367887643 0.9966298163806392 -0.04587810039070595 -5.093223470635621 0.7234989342019936 0.08092422868595338 0.6855658694977186 74.81116258544854
0.6826888743223765 0.010195627071968359 -0.7306380431274133 -45.769156806480666 -0.06524053112800389 0.9967597437698873 -0.047049827820350235 -5.160337085372916 0.7277908861579558 0.0797876079876944 0.6811419555694829 75.62380593955487
0.6787910081636227 0.005850875478943046 -0.7343082012972092 -46.563835745849474 -0.06200664325224886 0.9968536514838474 -0.04937584141975213 -5.233369511735173 0.731708919877844 0.07904786385127731 0.6770180882308454 76.37536483801325
0.6770553528982702 0.0032697253298305806 -0.7359248317648115 -47.49620452806174 -0.06002947541454578 0.9969032059484795 -0.05079822881851257 -5.3267133786096394 0.7334797278679576 0.0785703943347046 0.6751549318051642 77.04548920919902
0.669958432527915 -0.0005314083172802684 -0.7423984215298006 -48.3781122043507 -0.05455376350325483 0.9972609665121296 -0.04994448476983233 -5.404665810909538 0.7403915083064974 0.07396135664313762 0.6680944036220753 77.86831573239371
0.6616898038811703 -0.0045779973561040676 -0.7497637263697852 -49.26231699548794 -0.04919024545257365 0.9975619164951265 -0.049502954567235816 -5.473454754738058 0.7481623641910987 0.06963666203069875 0.6598513560713566 78.65321402238669
0.6533502478285357 -0.005249264021402251 -0.7570375808965 -50.17705712106131 -0.04673094674189018 0.9977894278039453 -0.04724908866086151 -5.545742421374769 0.7556121176099533 0.06624728666073004 0.6516606668589822 79.42403254171806
0.6474636741558921 -0.002296779069624831 -0.7620928522525704 -51.093833276815474 -0.049267886420467144 0.9977774604969613 -0.044864403393947934 -5.59925469959055 0.7605021144061419 0.0665947755468871 0.645911503112963 80.06211152158053
0.6391092960573089 -0.0024837039153291812 -0.769111915723578 -52.03576398334079 -0.0484723851041874 0.9978767662156496 -0.043501578469168634 -5.670694442599084 0.767586956360934 0.06508295215998475 0.6376319265553589 80.79068737215306
0.6302782519035321 -0.003358129733788072 -0.7763620599579288 -52.957508693996466 -0.04982479498869491 0.9977542576186993 -0.04476529021566667 -5.744695178945238 0.7747688784287623 0.06689666933748935 0.6286954911956888 81.54016217694479
0.6218535101501812 -0.006600048537751156 -0.7831057727237094 -53.941818324368164 -0.04509733778342087 0.9980033118368308 -0.044222388985282544 -5.814983857190994 0.7818340246105606 0.0628158333703926 0.620314217988945 82.17371658392334
0.6129364347144229 -0.007658110645536718 -0.7900951084147482 -54.898972117748166 -0.04595256459205605 0.9979149967586098 -0.045321309024305444 -5.879907831337916 0.7887948331518057 0.06408597807324462 0.6113065504371851 82.88738056315191
0.6039493078598258 -0.009093652951531325 -0.7969708520464437 -55.91731154579807 -0.04267819260334897 0.9981313512103995 -0.043730739840684076 -5.9535879471866515 0.7958792655998451 0.06042442558187252 0.60243263804458 83.62620758951037
0.5934852573054541 -0.009346204690788307 -0.8047905925263771 -56.89753981936468 -0.04182044249563197 0.9982236816201875 -0.04243267658430464 -6.0157821804001275 0.8037576126859072 0.05883986667657008 0.5920401761189311 84.34600739334465
0.5852983804954451 -0.008201855887473396 -0.8107765014783115 -57.92569087931633 -0.042460163745845846 0.9982667657126779 -0.04075044746043168 -6.110721562536903 0.8097054651440148 0.058276873917108514 0.5839356691300543 85.0017341315033
0.5749740245862776 -0.00920192252011391 -0.818119915215974 -58.942925960833854 -0.04393557153118312 0.9981467132028834 -0.04210468473351906 -6.1723360324719465 0.8169911484252979 0.06015366609122475 0.57350414109272 85.70937925341262
0.5634086710794106 -0.01065339327725769 -0.8261096625534727 -59.87574108627275 -0.043550478675143584 0.998143705855377 -0.04257344557890957 -6.225367083258708 0.8250297116829783 0.05996371963925013 0.5618988584855171 86.45481547461952
0.5554612720457933 -0.011604260790122384 -0.831461434095884 -60.9501215456491 -0.04469632276263995 0.9980404752711267 -0.04378867949689 -6.287776105255175 0.8303403001112057 0.06148618423758518 0.5538541641615911 87.09928431146658
0.5469434873486994 -0.011207875254401355 -0.8370945019405663 -62.07266149082441 -0.045277405418779976 0.9980508812656625 -0.04294641968054852 -6.357286437609579 0.8359442434788259 0.06139073168741475 0.5453699660391076 87.7635618847908
0.5384028577820459 -0.008977459107508265 -0.84263976167761 -63.14480317672908 -0.04536265854070148 0.9981846341533885 -0.03961900238756206 -6.438420109396255 0.8414657402070782 0.0595553638897366 0.5370182182102532 88.43711942235463
0.5288661427811874 -0.008351135089877901 -0.8486641630011601 -64.15490084719058 -0.04297505631485627 0.9984053153919541 -0.03660561066049192 -6.531532214193854 0.8476165097226952 0.055830858311539486 0.5276638775827971 89.13641980413323
0.5192608327604584 -0.00988337045824999 -0.8545586618537666 -65.21819488937314 -0.03757651462129951 0.9987020544691493 -0.03438330914870941 -6.640532080525945 0.8537893142396609 0.049965241793525336 0.5182154778686989 89.75394815424649
0.5111848856958046 -0.012187001770193896 -0.8593843666392942 -66.18228991667164 -0.036048714208804546 0.9987155403976001 -0.03560561152713794 -6.723289940427106 0.8587144477881221 0.04918075188712365 0.510088963616895 90.37472127954483
0.5027614822381665 -0.01714119831396151 -0.8642552119010004 -67.24165281464319 -0.030492196635168962 0.9988294851902104 -0.03754844149923384 -6.7828905346516155 0.863887213658151 0.045230949968142815 0.5016503196878632 91.0429224798078
0.49680714830864237 -0.019515097446690832 -0.8676415264157663 -68.31896984880288 -0.029853462847042364 0.9987711959628804 -0.03955842351406037 -6.856049238907187 0.8673473514950484 0.045555011651010086 0.49561407644254973 91.64799728469325
0.4899626645725397 -0.02164971111718441 -0.8714745419881866 -69.27463027055416 -0.02741014810550125 0.9988146632384453 -0.04022377755389979 -6.965556002373654 0.8713123843408928 0.04359539549555191 0.4887884720262692 92.22770772738694
0.4860618674336574 -0.02222899517042813 -0.8736416501063916 -70.38670873618014 -0.025776023495432544 0.9988768853703203 -0.03975631378348683 -7.033463373089778 0.8735441932951467 0.04184303581961087 0.48494298913762046 92.82391103352874
0.4814790607631807 -0.018627467258740347 -0.8762596256305148 -71.49503163418589 -0.024098192697942476 0.9991147989131096 -0.03448036689928741 -7.111205336534699 0.8761262415629943 0.037717847981309845 0.48060396667980243 93.45398902672416
0.47750273498824014 -0.016017924591879697 -0.8784842424144665 -72.62453733023023 -0.021952656164938505 0.9993041864632061 -0.030153338196855624 -7.18071939538874 0.8783559750841651 0.0336833639780652 0.47681884613033776 94.07185120841721
0.4728206845810702 -0.01567993477234899 -0.8810191484172312 -73.65528203290434 -0.020433487548886062 0.9993776879146606 -0.028752556146134353 -7.231270284024103 0.8809217177586655 0.03159709707998459 0.4722060468029188 94.68757954161983
0.4703320664330267 -0.01515572547997778 -0.8823593662845169 -74.76439846519476 -0.019799077659305653 0.9994196284785494 -0.027720078204059816 -7.294787274291248 0.8822673879321844 0.030507543279883427 0.4697590297102827 95.27115493758376
0.4679900439874318 -0.015485514062890731 -0.8835980520479036 -75.93448050032237 -0.016977971602941025 0.9995043860787085 -0.026509068064978793 -7.331386778112405 0.883570635098797 0.027407682565878565 0.4674951889885892 95.85230179738382
0.462038749349468 -0.016019575325989993 -0.8867150429004543 -77.17213952078062 -0.012788597170708389 0.9996125391420825 -0.024722932114212507 -7.384235186768341 0.8867675264024868 0.02276279412316386 0.461654859523564 96.60578380723398
0.45745255992748957 -0.017310650220232742 -0.8890655188481552 -78.09914147643735 -0.009825050420779058 0.9996510796827183 -0.02451912056752556 -7.437752386183098 0.8891797477450866 0.019951448020844545 0.45712286742390806 97.19276887014719
0.45615425581866353 -0.018437745113552183 -0.8897096967290224 -79.20593609949158 -0.006994939460705527 0.9996801662300482 -0.024303005332764638 -7.482270879220519 0.8898732301403737 0.01730938477794645 0.45587939137248423 97.7160077998279
0.4525823621019087 -0.01789256393603185 -0.8915430789760257 -80.21768330657403 -0.002494618448525147 0.9997693572083962 -0.021330946202796557 -7.538539114514829 0.8917191163102052 0.011878069830798914 0.4524333421223966 98.29770411512264
0.45098052644030207 -0.017002302045982742 -0.8923718319718329 -81.33089423618935 -7.041083221063108e-05 0.999817861406674 -0.019085047930244174 -7.611730938051791 0.8925337863711058 0.008669817606050378 0.4508971883353622 98.85560925089584
0.45039557274402076 -0.01957653567719518 -0.892614467339324 -82.37663589253954 0.0038431918097145334 0.9997928346269469 -0.019987938996505906 -7.635390456854449 0.8928208431310839 0.0055719906221926374 0.450377502758749 99.353646514241
0.4499702484539867 -0.021787735716789453 -0.8927777271407441 -83.45674018435707 0.005946784813849664 0.9997532824940298 -0.02140116568764966 -7.662123443522794 0.8930237461885521 0.004320730811772861 0.44998879989241614 99.85561621104087
0.44988723748757786 -0.022040899498133378 -0.8928133468397014 -84.36414803504037 0.005303972392006679 0.999743724443464 -0.02200802837093511 -7.715940210759721 0.893069617343833 0.005165673743495374 0.44988884670784546 100.29923411203238
0.4516842222031051 -0.02566140776242236 -0.891808755039121 -85.70978179412288 0.009488460088426838 0.9996679058064454 -0.02395928266259556 -7.719192745947327 0.8921274194519113 0.0023601381753004936 0.45177770773895776 100.77823955714209
0.45321029000768676 -0.027261353952285947 -0.8909866730831819 -86.69671228369805 0.01034608267706587 0.9996257893296836 -0.02532271470925448 -7.749620170719846 0.8913435878517263 0.002258293093280684 0.4533227421031478 101.28656767099902
0.4575133968723384 -0.026710023356605505 -0.8888014774597441 -87.70715024693278 0.007940969553155113 0.9996316229824443 -0.025953021713089483 -7.809942002764133 0.8891672692384095 0.004815909651750023 0.45755696293394565 101.78413547141076
0.46080881075926006 -0.028075147817417757 -0.8870552553261081 -88.69133780404071 0.007917880939508744 0.9995897936817046 -0.027523653986979486 -7.8543252054752095 0.8874641103098561 0.005659544363051739 0.46084207975133784 102.32752854606561
0.46707688506620937 -0.0273113284553508 -0.8837948148608087 -89.68012652773571 0.005447659561816635 0.9995927783154634 -0.028010721962692966 -7.897590038795955 0.884199924475311 0.008268547488929842 0.4670354640498703 102.82033402457843
0.47368866851803915 -0.026063687508129044 -0.8803066110799611 -90.68366084334994 0.004710638071453657 0.9996226695304183 -0.027061567763895202 -7.952057611588794 0.8806797688187047 0.008671952165384599 0.47363270794896994 103.34890811526375
0.48037345107198626 -0.024299768709301867 -0.8767273628362837 -91.58009052222575 0.002314261303126014 0.9996477585992315 -0.02643866339574575 -8.002769668115462 0.8770609965674058 0.010671455767941257 0.48026047966908747 103.86915345635737
0.4901139392769741 -0.024965609446334667 -0.8713007774995839 -92.61891781436827 0.002968413308820339 0.9996317563516479 -0.026972953411661452 -8.038501298293262 0.8716533227429552 0.01063343962660842 0.49000756617920993 104.40094751164091
0.5008789297256393 -0.029553133048524752 -0.8650126646956762 -93.67906019783779 0.006146963540604839 0.9995131458677315 -0.030588986201267793 -8.044496407570062 0.86549553008443 0.010004177357837598 0.500816736780296 104.96286276121045
0.5106610753271654 -0.03046163725311179 -0.859242314368632 -94.63009794344624 0.005389577737644953 0.9994659568497463 -0.0322296998160233 -8.074191908144632 0.8597652113208076 0.011827499916758496 0.5105525356397773 105.52865528706072
0.5207655444558135 -0.030935416292180388 -0.8531390553283034 -95.57502796883169 0.0018158343818545344 0.999381106696436 -0.03512984946885697 -8.121104868634694 0.8536978097975524 0.01674525595613204 0.5204994197401431 106.09076062361522
0.5318718376806779 -0.03256096437023508 -0.8461986361850621 -96.46118634689904 0.0013486420081670137 0.9992918028893483 -0.03760417321108965 -8.177413462220938 0.8468237888999768 0.01885938168223196 0.5315390806663716 106.62860916397243
0.5435729043211008 -0.02963544302697581 -0.8388386246498896 -97.38233712945099 -0.001446849113316092 0.9993419428118352 -0.03624345409463747 -8.238994918543353 0.8393607116821509 0.020914632525140576 0.5431723242496544 107.21273649801483
0.5541287645857069 -0.02766574743071318 -0.8319711044728767 -98.24425957084902 -0.002610170333381652 0.9993849088516285 -0.03497128780089626 -8.291186809842847 0.8324268732264408 0.021550182800207717 0.5537157125743577 107.83094017426453
0.5648773111697051 -0.02698251265560323 -0.8247336341731641 -98.99992055453826 -0.0006218604093351882 0.9994510362678128 -0.03312460404029574 -8.345449994724396 0.8251746703670172 0.019224206459182828 0.5645504346563726 108.38446138854829
0.5765752189607461 -0.026639678940784835 -0.8166096646417428 -99.88634219681641 6.009159226730708e-06 0.9994684555988589 -0.03260070899109207 -8.395842280393856 0.8170440727673494 0.01879185378731356 0.5762689037133434 108.98874454632104
