1.0 0.0 0.0 0.0 0.0 1.0 0.0 0.0 0.0 0.0 1.0 0.0
0.9998729951498185 0.0017727834981674025 0.015838270385354413 0.008199132729332852 -0.0017580508188675432 0.9999980089929086 -0.0009440696674828172 0.0012125301689724062 -0.015839912482373392 0.0009161052818357198 0.9998741210390752 0.1308403611558089
0.9992880498422945 0.004511516458905271 0.03745717103072485 0.01579614738558557 -0.004499323449129946 0.99998979402075 -0.00040980829434619906 -0.0033797272713973047 -0.03745863760047948 0.000240984603309799 0.9992981499009878 0.28708295334593864
0.997902916171107 0.006064128383048783 0.06444374480238162 0.05315701185247899 -0.006120334643930906 0.9999810428975928 0.0006747957386561122 -0.003229965387479055 -0.06443843108772035 -0.001067797919323429 0.9979211133183608 0.45098171678976834
0.9951383192699512 0.005861993273883059 0.09831257577458552 0.1012717331879743 -0.006198866297982388 0.9999759150287238 0.003121445031747721 -0.0042291882457226706 -0.09829191002924101 -0.003715696075223884 0.9951506891046602 0.6192066393287584
0.9906676567341522 0.002673826064684816 0.13627341837291548 0.16378828016961353 -0.003376640676896105 0.9999821638126274 0.00492649513901967 -0.0028885935196796206 -0.1362578151835812 -0.005340665762942475 0.9906590155500558 0.8240515574209522
0.9844255469664522 0.00017598338487678176 0.17580190985779903 0.22609955852070593 -0.0011415875218625318 0.9999848144070742 0.005391450007121832 -0.0060041349226855785 -0.17579829139593872 -0.005508174388816457 0.9844107987812665 1.0257115623651625
0.9757105966423306 0.00012649765220574475 0.2190634967268879 0.3204562636703237 -0.0015936229736051959 0.9999774709781826 0.006520575273399933 -0.010135640293120357 -0.2190577366031276 -0.006711299011522532 0.975688816426576 1.2149912833451293
0.9636757892430199 0.0006830238820565943 0.26707397234702474 0.4173184761833332 -0.003236006832124269 0.9999531842030971 0.009119082293160939 -0.0023318560261859746 -0.2670552405151886 -0.009652092025231455 0.9636328842629392 1.4235685537411054
0.9491928623749557 -0.003335306271091287 0.31467727237364385 0.5407992646240961 -0.0018909099975999474 0.9998653345484221 0.016301448639705125 -0.010118783646659905 -0.31468926654053425 -0.01606824509552884 0.9490587321255364 1.6560546277983181
0.9323400972712841 -0.013002931386213789 0.3613486775893028 0.6038725670849043 0.004462431134498856 0.999690861985449 0.024459500631858106 -0.013257519522819087 -0.3615550161850093 -0.021192079609029132 0.9321099001905849 1.7524672723041106
0.9109155082800972 -0.01758115671883899 0.412218194289432 0.7738242378526418 0.00631565306942755 0.9995688220632297 0.02867546835596726 -0.025056468873281165 -0.4125446028020715 -0.023517501728607827 0.9106337780970603 2.0015515629878666
0.8857813117936043 -0.019139367897655874 0.4637080463758202 0.9823324144918101 0.004537723449508762 0.9994586914881288 0.032584245805803325 -0.021284723102051043 -0.46408067913143874 -0.026758337117904266 0.885388679988392 2.2635714690103956
0.8572615216725935 -0.020843174094304404 0.5144591777325621 1.1520475450527994 0.002220664785250461 0.9993206680133038 0.036786833641341894 -0.011842487385809477 -0.5148764435352438 -0.0303934956054537 0.8567254422026815 2.4718914490037087
0.8246586611611046 -0.025406340502654796 0.5650598290749729 1.3108724030737138 0.0027001736049288923 0.9991561711837826 0.04098358998266033 -0.014615866742747908 -0.5656242583504333 -0.032271712809002456 0.8240313919492969 2.6663665798812555
0.7884900172321043 -0.03062500222781964 0.6142846261822461 1.5478072822738176 0.004588946841609256 0.9990246968590135 0.0439157902427025 0.0121373837799283 -0.61503043363089 -0.031808242710061836 0.787861536948909 2.8798826468052026
0.7502723744287115 -0.03667844661059385 0.6601106390017791 1.6922871090059015 0.006886339674855411 0.9988392733623039 0.047672678915151374 -0.02829415024908535 -0.6610929908076366 -0.031221747921896085 0.7496540935402912 3.0338064559500086
0.7099538597648813 -0.038875807282534175 0.7031743657252293 2.040656976349738 0.0068782051164365055 0.9988103579546914 0.0482758649513138 0.004114106361996841 -0.7042146031568243 -0.029437059135595123 0.7093766645796322 3.3367980988990427
0.6677244274182426 -0.040396569488056366 0.7433116481009677 2.3230084061836815 0.0059267761805447275 0.9987833250869395 0.04895654044540577 0.019592261531046106 -0.7443849557541353 -0.02828403616660035 0.6671514452843826 3.540884235223175
0.6247649390858845 -0.04031364431381312 0.7797714927920554 2.624717754276927 0.0011519541055170857 0.9987127664812054 0.05070979263609644 0.04429440489169553 -0.7808120413330919 -0.030783439534861633 0.6240071601830011 3.7609730106792103
0.5821812789671776 -0.04090907437848041 0.8120291903950482 2.9729349065002353 -0.0018795406724980677 0.9986630139503062 0.051658996259615335 0.06245720599223014 -0.8130568404158481 -0.03160114240318667 0.5813260204496369 4.003589202955204
0.542039140164063 -0.04130231982342782 0.8393376489276568 3.355627579445504 -0.0031576049371514854 0.9986843174594687 0.051182649321580474 0.0997527055496918 -0.8403473091890424 -0.030393295933779332 0.5411955723220743 4.206643330214662
0.5037172009354118 -0.04370426596889694 0.8627623766819656 3.734170628505636 -0.00490100687212767 0.9985587882528766 0.05344461183867056 0.1164047933809026 -0.8638547109401172 -0.03114937461758623 0.5027770428803406 4.395720280580323
0.46606110092397146 -0.04329785792408898 0.8836924497271216 4.186887400486864 -0.008080122658736913 0.9985518765174632 0.053187042794957486 0.1364114858792958 -0.8847156389616698 -0.03192875510630312 0.4650363348965394 4.608608889867513
0.42982099112389716 -0.0424071650997136 0.9019177057456387 4.628104697302965 -0.009111665815690098 0.9986418593062967 0.05129731364629046 0.15139402313942546 -0.902868148256064 -0.030266634921450156 0.4288508338282645 4.79240640628534
0.39702268594727785 -0.04090401727725707 0.9168968580019191 5.150153586145837 -0.006743821437936613 0.9988494160102498 0.04748015383711645 0.19640690032142563 -0.91778402018973 -0.025034086892971995 0.39629002861264717 4.9737406529118235
0.3671008974291813 -0.04066847687011794 0.9292916690123476 5.797501744605415 -0.00273693679062533 0.998992228834466 0.0447999543007572 0.22957254568237045 -0.9301771015692087 -0.018989515986735792 0.36661963667934594 5.251085214276252
0.34259821602055474 -0.03794496825776406 0.9387154210746999 6.322439393610026 4.703504514332954e-05 0.9991847130925623 0.04037210559084662 0.27965995129000104 -0.9394820169472315 -0.01378725883021054 0.3423206849238166 5.398550676514354
0.32361265895777824 -0.03851618166802076 0.9454053896144199 6.881889771197881 0.002373145955185927 0.9992010391242127 0.039895508410961775 0.2711084252726448 -0.9461866703460541 -0.010667106580969312 0.3234455096250961 5.537707572736479
0.3099618364548117 -0.03792248891374096 0.9499923919569819 7.544145296624447 0.003832422691319728 0.9992459170478918 0.03863819094410094 0.33402577222730107 -0.9507412752572993 -0.00833559222280817 0.30987343452516136 5.707236006002146
0.297558527866307 -0.038909861369649384 0.9539103444151503 8.171725174941635 0.0033546245809902143 0.9992055751163763 0.03971102051411381 0.36663857126223076 -0.9546976846038524 -0.008616341714812514 0.29745266794482905 5.934594185404091
0.28631828607705057 -0.04081983497971639 0.9572646343253934 8.808273982905833 0.0021624112952701325 0.9991170464564999 0.04195773417893531 0.386902100906007 -0.9581321219097555 -0.009943266679961382 0.2861537496040212 6.139892851821106
0.27644722790131193 -0.041642595129495995 0.9601264627415294 9.393658118317298 0.002527848712039527 0.999088812546009 0.04260463151225236 0.4411439575712525 -0.9610257749751405 -0.009350877835082814 0.27630059883602176 6.295040678081983
0.2665983767078669 -0.043338971423084786 0.9628328199083782 10.134040133816463 0.002148863238960564 0.9990127443850005 0.044372502105807364 0.4744154999756055 -0.9638053164013523 -0.009760640979908801 0.2664283054860178 6.498902688116001
0.25790991882435366 -0.045200053487206425 0.9651110966809828 10.791123158447451 0.0005220999342998391 0.9989114613991293 0.04664353864271319 0.4731348476120063 -0.9661688264396002 -0.011525946824853589 0.25765277286712196 6.6502470799437265
0.24767147542361656 -0.046290239992004815 0.9677375956027398 11.535336941950954 0.0004675939345785374 0.998863534225255 0.04765943087097567 0.5104857277498044 -0.968843961439303 -0.01135137333169695 0.24741165030386747 6.848331031688279
0.237750520767253 -0.04797042704438362 0.9701409835709857 12.283290823130878 -0.00030901195137270136 0.9987759551527263 0.04946206546812635 0.5281471111409287 -0.9713262039019198 -0.012059416981710907 0.23744468003210206 7.006606648810857
0.22746570620969853 -0.05125043397277077 0.972436499477537 13.021187591363168 -0.0016180785048789392 0.9985928063214957 0.053007442731297254 0.5413539511369854 -0.9737847474264911 -0.013630853992409004 0.22706269068026663 7.191352654821006
0.21524272635083253 -0.05357167730589703 0.9750900697595548 13.865851175782232 -0.0017279883023696777 0.9984717369251929 0.05523771010836054 0.5974989254647807 -0.976559052392372 -0.013574459555401808 0.2148212076083068 7.406530539928586
0.20265750315390696 -0.05767190127295656 0.9775499415472271 14.639614735177531 -0.002861407287035415 0.9982251065207886 0.05948486412439846 0.6205054865215786 -0.9792454997413889 -0.0148522225650843 0.20213278487448616 7.578091109213
0.18903980274384868 -0.06031287055234605 0.9801154578029586 15.390171898361025 -0.004276715418085498 0.9980519557876818 0.06224149141542146 0.637895516542548 -0.9819601125727052 -0.015957794149544065 0.1884136038668155 7.741960215819783
0.17374086980079984 -0.06063234057378727 0.9829231045394172 16.104772315149113 -0.006961465493107256 0.9980022921700163 0.06279301570701695 0.6760109853672073 -0.98476679887121 -0.017752298440981428 0.17297169635813991 7.900352026409616
0.15939568030049756 -0.05984352073903763 0.9853992947668971 16.90912772898348 -0.007735994747675649 0.998054642525083 0.061863437662262565 0.7061426572091776 -0.9871844667977743 -0.017483808500583772 0.15862264956023586 8.036155030040575
0.14307135560706807 -0.05901117894352306 0.9879515514257019 17.787859670735465 -0.008482204944994258 0.9981111012837033 0.060846377817452675 0.7330426411121836 -0.9896760274979014 -0.01708538129304062 0.14230056339327835 8.141931476312385
0.1221610050541635 -0.05605744572034223 0.9909259566806531 18.57847816309704 -0.011329231504046603 0.9982598999196892 0.057868996240299474 0.7924068442034811 -0.9924456344594823 -0.01829576430879457 0.12131334489936663 8.243971841903955
0.0931051306395303 -0.05774969041428617 0.9939800842600673 19.494521680105464 -0.019597087946540234 0.9980168026308305 0.05981986133843504 0.7551731769185728 -0.995463404044876 -0.025048651133107596 0.09178875902745554 8.383112749699489
0.06333073138839196 -0.05737924730772727 0.9963417287458205 20.339903000253468 -0.02428033042824755 0.9979617184690589 0.0590158794273024 0.7903842806080912 -0.9976971905423542 -0.02792902520106013 0.061808458443906256 8.418380071087126
0.02965095079957991 -0.05726043698560897 0.9979188661774556 21.16429800876929 -0.027328563009534446 0.9979381804923453 0.058073553012203176 0.8168287595704873 -0.9991866546148999 -0.02899362467585541 0.02802497043068608 8.459098772662685
-0.0042283802361373635 -0.05632545779497389 0.9984035074080846 22.01930075123697 -0.029131990624570156 0.9979956109329289 0.056179067995651366 0.8475242032179716 -0.9995666300566605 -0.028847935156552856 -0.005860777625428248 8.44446273919479
-0.03741279727312796 -0.05569295263073384 0.9977467502465097 22.863512101825403 -0.03004976580536744 0.9980569397764674 0.054583482291582955 0.8561819842397776 -0.9988479835166324 -0.027939935420537694 -0.03901366213845825 8.397045635891038
-0.07002639638135322 -0.05375233461022517 0.9960958740672466 23.725129029603423 -0.031638552503984375 0.9981644847751259 0.05163974563318662 0.8813205049942853 -0.9970432818114238 -0.02789888631393701 -0.07159850792542954 8.333634596799149
-0.1028532029660858 -0.05103924858672238 0.9933862359341004 24.65451457388703 -0.03502734560072566 0.9982491556965551 0.04766244025731447 0.9102171905485225 -0.9940796264383376 -0.029893448359423234 -0.10446089242102996 8.23029335800811
-0.13495227923302267 -0.0459869057860147 0.9897843638015508 25.472880457479746 -0.033266205789562554 0.9985695522541298 0.041859393967820124 0.9340015411190598 -0.9902935129961111 -0.027277349710243273 -0.1362890469208966 8.101837017535926
-0.1663060000367511 -0.039886848916202415 0.9852671483589173 26.320646251339546 -0.026340508770516 0.999004705012363 0.035996902101039216 0.9505710867397643 -0.9857223199002277 -0.019965937160511003 -0.16719111640220619 7.935859363102478
-0.1966351348581219 -0.03349314002585106 0.9799045021381098 27.192035998739158 -0.019661726958259806 0.9993501049778528 0.03021231824559836 0.966546439081059 -0.980279572485496 -0.013325811493609296 -0.19716587563696142 7.752091726070922
-0.22521944693437979 -0.028014282279232396 0.9739052318942288 27.880811938910703 -0.013272864318190096 0.9995820078736001 0.025683469550917933 0.9422043484832191 -0.9742176511413468 -0.007142095194093844 -0.22549713674651284 7.58231355525904
-0.25278942213682054 -0.02236153007001339 0.9672628753491269 28.650791874061813 -0.00976441088668567 0.9997409277412179 0.02056048830074075 0.9430278656329949 -0.9674720483485654 -0.004247278193950792 -0.25294227857788987 7.331716161466669
-0.2788552277230396 -0.01367839026729818 0.9602357333546943 29.19117876581304 -0.005652042784465998 0.9999046162322452 0.012602097040128737 0.9135624090760205 -0.9603165188540155 -0.0019131328081808756 -0.2789059403077747 7.155234320743878
-0.3057907391276298 0.0014015482634953116 0.952097715324558 29.78753245875748 -0.0014659739230160358 0.9999970380364309 -0.0019428944443908652 0.9009508211810504 -0.9520976183061457 -0.001989869551026195 -0.3057877787533947 7.0536507341691435
-0.330601772546554 0.018332623699104943 0.9435922757724249 30.58617640416346 -0.0012077403420416538 0.9998022825151591 -0.01984785229550613 0.8647614416646655 -0.9437695742883128 -0.007701349608025766 -0.3305142657463853 6.776881640624243
-0.3543383382229628 0.03363887417731459 0.9345120481885039 31.33600420756602 0.0016912919586343743 0.9993741854775231 -0.035332377964807156 0.8070065026609117 -0.9351157583940612 -0.010939083381167234 -0.3541734813024262 6.417777940168202
-0.3794072336597094 0.0429718775240507 0.9242313394322577 32.01270270033649 0.0031219107299607766 0.9989746414340501 -0.045165467396065404 0.759202327710691 -0.9252245158447117 -0.014250737306149381 -0.379152359568222 6.153324043762062
-0.4024162880472677 0.046856088030716676 0.9142568775397407 32.820328845071224 0.007630671755392378 0.9988262658043802 -0.047831617031405996 0.6632883887963724 -0.9154249854372668 -0.012271827644461136 -0.40230150171661627 5.784784942169686
-0.4241446973585583 0.04593825324160384 0.9044285226549014 33.89529180815892 0.008550880113510238 0.9988711828164273 -0.04672518152127328 0.5829697574895286 -0.9055540614186993 -0.012084578106902914 -0.42405872803195166 5.2150579292965284
-0.44554699201283654 0.04139729804016945 0.8943009234163224 34.34022421409296 0.013438709397451712 0.9991270421608933 -0.03955445249975527 0.5330072258277953 -0.8951576838736538 -0.005605117108315905 -0.44571437453167007 5.046742218660663
-0.46504745007454695 0.0395540178801243 0.8844016897590715 34.654435640629856 0.025374923036070814 0.9991864809425526 -0.03134468986210262 0.40333853841056067 -0.8849220205532664 0.007864856716859091 -0.4656728052707695 4.990261633448909
-0.4780941846860627 0.03983417675142831 0.8774048033444457 35.52455460508176 0.027428946004060966 0.9991609083059274 -0.030415986493625063 0.30898070469291317 -0.8778801760436762 0.00952458271054657 -0.4787856293099395 4.447473486508069
-0.4915590574064317 0.04471496225131165 0.8696955014443647 36.41949950730928 0.029242607188318268 0.998965225811428 -0.03483313859462652 0.3446040362931051 -0.8703531254649063 0.008309619148102836 -0.4923579868582242 4.159686510104914
-0.5003423010644463 0.048619686740812636 0.8644615132131449 37.19323973894122 0.03249296154239547 0.9987732003830226 -0.03736711986304025 0.30555503365237896 -0.8652177698219908 0.009392563967291172 -0.5013082789326155 3.7112800780600264
-0.5115975593399291 0.047545436944427644 0.8579087181648124 37.920513790399276 0.025053268403765015 0.9988687429444324 -0.040417423357980826 0.2630609836638445 -0.8588598669280787 0.0008159622373614124 -0.5122099795844577 3.292644239212741
-0.5238172982480163 0.04612236554522559 0.8505810751789991 38.54707091326915 0.02426453282453839 0.9989357931242397 -0.03922389147003418 0.21977352485200535 -0.8514849796108892 9.279956200528028e-05 -0.5243789859302959 2.9596565394271352
-0.5322888144587241 0.04761299079146355 0.8452228233489784 39.296415470989025 0.026581551151045844 0.9988648389847217 -0.03952789620546933 0.17715931304636565 -0.846145400708726 0.0014270767036254895 -0.5329502080978594 2.4857427380207913
-0.5407231246844024 0.04994893424723016 0.8397163845008041 39.95963915861797 0.027631895311381726 0.9987515273660174 -0.04161568148605038 0.14441429642343478 -0.8407466805126484 0.0007003938987701854 -0.5414282303827069 2.08112994162033
-0.5434474225595309 0.05336493242643596 0.8377452374681253 40.694259029810134 0.029235691562733687 0.9985750502911039 -0.04464463321573901 0.10451716058037579 -0.838933950470627 0.00023005051855822892 -0.5442331980176398 1.5988835119254614
-0.5446138741449802 0.05412293767940093 0.8369387287643868 41.396938275209436 0.024999189113881805 0.9985197617369387 -0.04830451287877443 0.06655776354181264 -0.8383142421744035 -0.005384518340482689 -0.5451607454043228 1.1700784537747844
-0.5398868988540713 0.05371089234850521 0.8400221880931846 41.921161427632875 0.028318232032737412 0.9985561609693546 -0.04564724662763719 -0.00022533352224905214 -0.8412610856210302 -0.0008564071879514034 -0.540628386589582 0.713116320890716
-0.5350825789635301 0.053025770220503435 0.8431339759387357 42.49280312992799 0.030870975912690987 0.998588912746247 -0.04321071842108806 -0.0809836627278991 -0.8442355219581419 0.0029070660107533845 -0.5359644880318783 0.3548801758697295
-0.5287104516540115 0.051519538833777016 0.8472372722149131 43.26892767971121 0.02736824104129641 0.9986719807359683 -0.04364921849475867 -0.1201234189579163 -0.8483609124035107 0.00010959586043971814 -0.5294183131462595 -0.09668362966997479
-0.5221548125664854 0.050941341524698154 0.8513279811196873 44.079515427151414 0.026396450329773575 0.9987016082733055 -0.04356977211669677 -0.18520613726093055 -0.8524421265538479 -0.00027812942518604165 -0.5228215216690841 -0.5573179499483659
-0.515569731976484 0.04931579459318124 0.8554272639291662 44.88231285070348 0.023316122627580423 0.9987801166943542 -0.043527427234191 -0.23420649856350959 -0.8565303321513558 -0.0024961770080097327 -0.5160906501817608 -1.0444044529736738
-0.5109625892512808 0.04669862380197801 0.8583335429310849 45.67949415696609 0.016214518662814006 0.9988692094659345 -0.04469218908749342 -0.25327477700570233 -0.8594500112107513 -0.008918571404678133 -0.5111419932992589 -1.5032916333175315
-0.5107725251835828 0.043525686679944775 0.8586133833784712 46.5135980012018 0.011567904276048606 0.9989751187674449 -0.043759520955209005 -0.30592841801883114 -0.8596380698341869 -0.01241880359005963 -0.5107525449854802 -1.938014289790905
-0.5107605127235242 0.041413739565622186 0.8587249855556749 47.38524800557924 0.009179696921992048 0.999044870154365 -0.042720961864969535 -0.3547893257797847 -0.859674026481447 -0.013937345279450857 -0.510652835691469 -2.4493625915788493
-0.5120955330062955 0.040402813763525794 0.8579777256520057 48.24071198153886 0.008606038462513524 0.9990842829240101 -0.04191099755670784 -0.42371930561288135 -0.8588853830267343 -0.014078645325686806 -0.5119743065514262 -2.9354902409610055
-0.5131846734587626 0.03781417029984916 0.857444796737118 49.435021003839886 0.0019490178300849638 0.999077735142769 -0.04289382789508584 -0.5119651899528674 -0.858276000046909 -0.02034127986458176 -0.5127850817613062 -3.6744592391982125
-0.5129314336994013 0.03806673641032227 0.8575851374074439 50.32155766876759 0.0035991762967532595 0.9991028795370539 -0.04219575844503943 -0.5607977965820335 -0.8584220350463182 -0.01855693077624292 -0.5126082813095241 -4.210429223791718
-0.5132108434618787 0.03812771519159708 0.8574152479909696 51.21475737605447 0.0031686634923221726 0.9990901177491007 -0.04253112022696318 -0.5799259840816211 -0.8582567155139654 -0.01911057169098899 -0.5128646959236169 -4.7109940421434064
-0.5136785955316832 0.03857716535513665 0.8571149880883896 51.96568912068791 0.0023149730707857077 0.9990473504282125 -0.04357789005963994 -0.5795026450000904 -0.8579795693326732 -0.0204008312460785 -0.513278544936558 -5.1485288250193575
-0.5149389633124544 0.036486303968977556 0.8564500065300829 52.84595012254094 -0.0009189460993415842 0.9990697075222548 -0.04311467325009876 -0.6317066340111936 -0.8572263526051693 -0.02298845653974294 -0.5144263905216753 -5.627708639652803
-0.5147782429148129 0.036179095767604155 0.8565596497915232 53.778457735719186 -0.0008820789946053915 0.9990863010071415 -0.04272920636420574 -0.6767842011627399 -0.8573229161513097 -0.022751619048017913 -0.5142759777322958 -6.188289211369592
-0.5142131411234454 0.035662374310181696 0.8569206734316313 54.554076136778235 -0.001792257478078225 0.9990882781082688 -0.04265442954473523 -0.7414556079989891 -0.8576605583265982 -0.02346929068410466 -0.5136804055886237 -6.66101238123032
-0.5137336737164795 0.033973647439158906 0.8572767953056062 55.38634040048103 -6.370272772300613e-05 0.9992141527756356 -0.03963676115465481 -0.8094728182667053 -0.8579497120646017 -0.020417349792478053 -0.5133277933209144 -7.100408056963669
-0.5121924179291826 0.03135201528020213 0.8582983037113194 56.281120160916906 -0.00103547738847155 0.9993102476409065 -0.037120839786406686 -0.8831975825418465 -0.858870103567726 -0.019901761171817987 -0.5118066676977004 -7.617631378778822
-0.5109750125974764 0.030287285864406672 0.8590618236285309 57.16722752456233 -8.47394047262804e-05 0.9993772980416717 -0.035284684753598305 -0.915234331457524 -0.8595955614824 -0.018102388624025224 -0.5106542609299003 -8.094795518460078
-0.5112622037286874 0.030237221827630476 0.8588926996165662 58.09190447951984 -6.309061832686641e-05 0.9993795601603985 -0.03522060126094321 -0.9654387669584786 -0.8594247815010109 -0.018061150288814446 -0.5109430886039901 -8.525085972292331
-0.507414111741102 0.030827025881136717 0.8611507496839983 58.990790537923594 4.466546706389084e-05 0.9993608249684223 -0.03574828000660336 -1.0177417681203718 -0.8617023367793455 -0.01810071804537578 -0.5070911622137162 -9.104113757919613
-0.5089861449035349 0.030566037186994122 0.8602318418117998 59.640470793773005 0.00030435773686591236 0.9993756523358293 -0.035330056392592415 -1.0804185137453364 -0.8607746578882339 -0.01772069098593626 -0.5086776636027723 -9.419522970461959
-0.5095881071906911 0.03203719198400077 0.859821829997116 60.52304012518006 -0.0010525369396634163 0.9992825995920439 -0.037857341673148984 -1.1242091860626022 -0.8604178363886931 -0.020196645324092214 -0.5091888081466966 -9.93487910173032
-0.5135354155752125 0.03374760939697205 0.8574044995274888 61.368179023948905 -0.001655712051584614 0.999185453995058 -0.0403198107918682 -1.1813968037703744 -0.8580668013433431 -0.022125265753866506 -0.5130612410304687 -10.411909413475191
-0.5172469317072168 0.03342073112363888 0.8551834109538327 62.25454243580816 -0.0031965383495317096 0.9991548312686541 -0.040980547764608306 -1.2582917310083004 -0.8558302365434691 -0.02393068915992194 -0.516702940125447 -10.942579835701357
-0.5233804225009011 0.033763241280444625 0.8514299600560321 63.155439657198166 0.0004530685860288777 0.9992255619610858 -0.03934553408467999 -1.2998190439271224 -0.8520990130681025 -0.020206926084658215 -0.5229903938568801 -11.445477094426696
-0.5292184548294967 0.030926692398989396 0.8479217928353645 64.02160836079318 0.0004605028490170934 0.9993458260686647 -0.036162243518125664 -1.3615048369721372 -0.8484854830844228 -0.018747256236486074 -0.5288864957423263 -11.965883017914708
-0.5344135806360371 0.029201245479938617 0.8447185401624561 64.8495023928273 -0.0016321816515779727 0.9993655030574345 -0.035579871863414485 -1.4000494123099936 -0.8452215454038229 -0.020393100823099603 -0.5340268351159825 -12.486300354632565
-0.5399961314579049 0.03236554738761497 0.8410449746314386 65.6528708288651 0.0008918269848804343 0.9992818100246555 -0.03788230191629336 -1.4630972743598403 -0.8416670259996683 -0.019706229881644395 -0.5396371761181078 -12.973602234181632
-0.5388509829747621 0.03487548027374518 0.8416788692980288 66.70215488645039 0.006535683889756858 0.9992856558576094 -0.037221805884730605 -1.6010322009494486 -0.842375749284858 -0.014556059662662973 -0.5386939930460253 -13.672144872051904
-0.5437796950186315 0.035768618247464 0.838465413260506 67.52149392529519 0.00563783937082771 0.9992244697554759 -0.03897016562855356 -1.6602120975176535 -0.8392090669509432 -0.016464051462363 -0.5435596351429821 -14.178609301894765
-0.5477264445206602 0.03586230135147659 0.8358885316323775 68.31604382965259 0.005050705057274892 0.9992044501096526 -0.03955954068857605 -1.7295443497901626 -0.8366422367721945 -0.017445980134190412 -0.5474718307145829 -14.681969466731736
-0.5515392117325526 0.035479182156334055 0.8333940997841013 69.1546677697525 0.005135103067017259 0.9992205290244913 -0.0391403256566259 -1.7758655290056653 -0.8341331600157891 -0.017307859761775422 -0.5512914921822585 -15.219564000013369
-0.5537976665099298 0.028145110442308555 0.8321754606609996 69.92446600590661 0.005490210018601488 0.999530258890011 -0.03015160289635011 -1.8269063682482436 -0.8326331738299334 -0.012129069274177404 -0.5536920475466791 -15.713848984421466
-0.558216205205901 0.018270172549326166 0.8294943453939527 70.67986650940102 0.005272746638384945 0.9998154512972677 -0.01847326419797894 -1.9069553906126286 -0.8296787730130328 -0.0059383619171265445 -0.5582095211202784 -16.121085456622488
-0.5597553667412918 0.01752707723472673 0.8284725287949687 71.4742600311838 0.006084884731435178 0.9998362725473237 -0.017041193516857362 -1.9359244174460442 -0.8286355674131587 -0.00449773968585982 -0.5597703696656255 -16.638259147066826
-0.5624560749364951 0.022312670155033167 0.8265260482994983 72.25287017775409 0.005034215361196723 0.9997097005389752 -0.023562073846960744 -1.944436894246686 -0.8268118410150698 -0.009091721444546823 -0.5624051210279348 -17.11299966269534
-0.5616104446178838 0.02903141708728876 0.8268923057557173 73.03370316313654 0.0074651054832903544 0.9995213584252712 -0.03002209605979968 -1.9850046273321835 -0.827368104712906 -0.010687884430717307 -0.5615583571011737 -17.704408732532496
-0.5629044872181395 0.0334156488526574 0.8258461919034559 73.82786612596873 0.012950695127849838 0.9994163296272207 -0.031611383553399056 -2.0180851854231796 -0.8264204848413362 -0.007098907395544591 -0.5630086924270359 -18.222395895284958
-0.5624106583430193 0.03512350000899081 0.8261117304150148 74.61783930471319 0.01566322445306912 0.9993706711448062 -0.031826483552419974 -2.059853327189292 -0.8267096919607901 -0.004959980110656084 -0.5626068643514737 -18.76725324905808
-0.5631417583182232 0.032192993708213505 0.825732990254333 75.42108038984725 0.01458898891407264 0.9994724467438928 -0.029017057091327993 -2.0991881388857134 -0.8262315180630213 -0.004294107110826201 -0.5633143342782925 -19.284112351375807
-0.5620891416614671 0.027004416999260233 0.8266356865565421 76.20021827303783 0.012532295557562585 0.999630173416428 -0.024134165896087627 -2.130496250217856 -0.8269817037845114 -0.003205909850892089 -0.5622196934897379 -19.810383544561837
-0.5614296639246605 0.01988251719783249 0.8272855722030462 76.97744197192621 0.004777085573756447 0.999772533974682 -0.020786047321804658 -2.1281705742231587 -0.827510671785485 -0.007717889589854849 -0.5613969382365878 -20.313353147873595
-0.5623838230257852 0.01506728129480988 0.8267390232916831 77.72667905067246 -0.0013704019353826366 0.9998156099487281 -0.019153801225559163 -2.175995096255002 -0.8268751765517203 -0.011904752716281197 -0.5622594768123754 -20.730746345776243
-0.5606060802515578 0.009506463673148387 0.8280280490016115 78.5261391861123 -0.010258425976040347 0.9997776424797302 -0.018423634119438554 -2.1997310396621192 -0.8280190743464054 -0.01882266575445545 -0.56038390391982 -21.254737763591308
-0.5587929097625073 0.01091765317142458 0.8292353639639227 79.23441962540535 -0.005611236879231105 0.9998406769910276 -0.01694504809106762 -2.225957249632495 -0.8292882478486212 -0.01412180878471028 -0.5586426196566214 -21.736466726376747
-0.5573174627350115 0.013703604623424655 0.8301863989195043 80.01383029141391 -0.005914462773935223 0.9997729040269052 -0.02047338525267272 -2.2290215884915274 -0.8302784261081972 -0.0163202816744527 -0.5571098487240749 -22.210972835582
-0.5543732291656733 0.017145862527982943 0.8320915467558819 80.74030066144734 -0.004083592839609624 0.9997196971835867 -0.02332062033219009 -2.2391979840827543 -0.8322581613020955 -0.016326250681934888 -0.5541478200667458 -22.615796006663224
-0.5464656879210925 0.020026145878018948 0.8372420231965184 81.53095646913373 -0.0019479983736463062 0.9996809598589158 -0.025183006132967988 -2.2432656542917737 -0.837479227937782 -0.015392594869908603 -0.5462523325313196 -23.141515954082273
-0.5383026089352363 0.024193106396752293 0.8424042941583298 82.37087088701819 0.005328019269490145 0.9996655820259785 -0.02530486758166446 -2.2801996699668012 -0.8427347823747293 -0.009133329925993833 -0.5382514922044164 -23.68511094041979
-0.5293354130190313 0.02397037759743573 0.848073959936165 82.96956812684297 0.005065952040541173 0.9996722786989976 -0.025093252692243186 -2.306383517407081 -0.8483975227768493 -0.008986445269971017 -0.5292833713121123 -24.04011943710466
-0.5192126409934361 0.021998080973406164 0.8543619361056 83.79173589714398 0.002273638013306474 0.9997007016592682 -0.02435852360368658 -2.3310137954869297 -0.8546420677703657 -0.010704743595919247 -0.5191072571846207 -24.501164973429347
-0.507558076527372 0.01871513373456085 0.8614142689328592 84.58975720872857 0.0025113342632501743 0.9997919593291763 -0.020241819605580125 -2.3711908636772874 -0.8616138880914427 -0.008110599855998601 -0.5074994837612381 -24.967474921614212
-0.49833524004023233 0.014730905032966245 0.8668592671079629 85.43939814919146 0.004139439368621134 0.9998846734635147 -0.014611803943186284 -2.437106621570591 -0.8669745403273146 -0.003693265448127778 -0.4983387464512188 -25.548709167297982
-0.48757674396084116 0.014988905831765086 0.8729514599624145 86.22313882721446 0.008939262943587102 0.9998859169005091 -0.012175498431428754 -2.4868665314692042 -0.8730343683536004 0.0018670527562959108 -0.48765510946511736 -25.949145491674052
-0.4745748399756602 0.01667826640448269 0.8800571326293645 87.06404324415216 0.010636583348154031 0.9998561322582831 -0.013212792293245916 -2.506597522644101 -0.880150887266925 0.0030903422541508694 -0.4746839637358711 -26.415081704660217
-0.4630611878351829 0.021210301383453527 0.8860724910727634 87.880350567013 0.011077732248135486 0.9997740357006359 -0.018142805381258866 -2.5324868017715993 -0.8862570846932102 0.0014144447980342133 -0.46319151457793906 -26.826966490678338
-0.45227887961845825 0.028689543627494898 0.8914150128517685 88.71516977722018 0.010023605661969321 0.9995828739317466 -0.02708515224035579 -2.5738365935700878 -0.8918202410691327 -0.003314849739578045 -0.45237779497959285 -27.231779396522068
-0.4412830024180494 0.031093178036355678 0.8968291509850198 89.4850445703157 0.0038515545156611775 0.9994559533250316 -0.03275611226878344 -2.615917527277624 -0.8973597256979637 -0.011000529203258523 -0.44116268093813615 -27.58630490995134
-0.4293072440626069 0.028571092934998647 0.9027064765713547 90.41158663700432 0.005932566617209957 0.9995671455243512 -0.02881538203170211 -2.6598854538039376 -0.9031390229907589 -0.007015285938594744 -0.4292909164127494 -27.999204602439686
-0.4185519497757342 0.023058285698703843 0.9079000940629804 91.16061665750296 -0.0019830422933863824 0.9996520559183061 -0.02630274969592528 -2.706729666229164 -0.9081906919156321 -0.012809471454388986 -0.4183605915461748 -28.33617236327926
-0.40950895878641047 0.02405200905284356 0.9119889876167324 92.31112742951923 -0.009318754730773935 0.9994899802348574 -0.030544070134679024 -2.7002704417587116 -0.9122585014588454 -0.02100667205071865 -0.40907596635028076 -28.775142343164006
-0.4017024470304582 0.030680021449338048 0.9152561828983239 92.89391821797985 -0.007310246347735499 0.9992993824570422 -0.03670564696759358 -2.7420085688064044 -0.9157410683965622 -0.02143549637499327 -0.40119672873427126 -29.080764475521587
-0.39632322370346884 0.035366751154781675 0.917429613248911 93.78211038280895 -0.01085519437616937 0.9990074295893699 -0.0432009303174775 -2.790959922192242 -0.9180468763131576 -0.027080408748682408 -0.3955459320403365 -29.46370178166168
-0.3934414675592883 0.037572505916959445 0.9185815796127823 94.73487532684827 -0.014670644977213985 0.998780717234863 -0.04713651509992217 -2.824595987342763 -0.9192326059168847 -0.03202164391365146 -0.39241053826359096 -29.826556152394755
-0.3902699835660586 0.0384044002412264 0.9198991477164553 95.43129839544946 -0.010389592029431365 0.9988823539169087 -0.046109645529731166 -2.873245879001271 -0.9206418393190758 -0.027552587456120537 -0.38943479379693646 -30.078425158972536
-0.38566175571588235 0.039980158889339625 0.9217736148715293 95.92685990108131 -0.00461847532680199 0.9989645425356595 -0.0452604953814736 -2.934605595880525 -0.9226286792983399 -0.021712430810570924 -0.38507777199482374 -30.27543130262535
-0.38101150908689396 0.03328568391842115 0.9239709374160048 97.0468477741654 -0.01935418410081185 0.9988456263451744 -0.04396396580050607 -2.9703509419497163 -0.9243677003774632 -0.03463348058164448 -0.3799274621841402 -30.701532291674724
-0.37581849094925857 0.02924873249211349 0.9262315982022138 97.88079832312224 -0.019145810970747044 0.9990433713089245 -0.03931641089889651 -3.0364096330595416 -0.9264954936657247 -0.032509289307876776 -0.37489898149475187 -31.0223067385229
-0.37128045520639663 0.02536397475671487 0.9281742790910941 98.87465184091513 -0.023210906904495388 0.999060928993043 -0.03658570704836484 -3.099565698184719 -0.9282306164862276 -0.03512732475009526 -0.3703430756386563 -31.342748370483545
-0.36683996401763075 0.02239884565715935 0.9300143722076399 99.66471223579339 -0.033848309802461264 0.9987267663018493 -0.03740505575143381 -3.1586336413349434 -0.9296680766397545 -0.045201083897159156 -0.3656147279465942 -31.610690265390446
-0.35990694048142413 0.023188962777842034 0.9326999872405856 100.59461264276509 -0.0398779676083586 0.9983951537352415 -0.04021025612216725 -3.1984451632048683 -0.9321355812824267 -0.051666130136400215 -0.3584046164658057 -31.943020371979614
-0.3540289055070145 0.027094424294618117 0.9348419258022441 101.4321995795504 -0.03863326434699706 0.9983033714314294 -0.04356431423236845 -3.2582289981391264 -0.9344361962977463 -0.05153902172902297 -0.35238150389572787 -32.23973896424959
-0.3469982249263184 0.030908955882072923 0.937356318773317 102.2652571477888 -0.036150293288091016 0.9982732386630555 -0.0463000784487369 -3.2979066302046474 -0.9371688152052272 -0.049951750874761724 -0.3452816739871616 -32.5410750128499
-0.34120466908694436 0.027367972074175118 0.9395905320392585 103.16918916936467 -0.04165474037582471 0.9981539013388734 -0.04420036024976871 -3.3725048883196105 -0.9390656294410377 -0.05421976896422435 -0.33943476583281007 -32.811927349293136
-0.33488059931517267 0.022005399126528505 0.9420035809972238 104.06075017591687 -0.04269778224625389 0.998345935403893 -0.038500553941175755 -3.442060482626998 -0.9412926662805584 -0.05311455235439791 -0.3333871034317759 -33.095024320403134
-0.32815755066316 0.018420444546836848 0.944443385897457 104.89093364245592 -0.04572489132543474 0.998328088505158 -0.035359044315630944 -3.505165571455702 -0.9435156894593927 -0.05478790855959441 -0.3267666274570167 -33.37295067040911
-0.3214862805948375 0.021272249104257183 0.9466752678756027 105.66528014652204 -0.046852419452301175 0.9981657608833301 -0.038340117262057306 -3.5668352984548717 -0.9457544195935662 -0.05667984843177603 -0.31989994154577106 -33.65297287746436
-0.31625051682495897 0.020134792082774904 0.9484620186152583 106.45662850582089 -0.053167891372933096 0.997827201940712 -0.03891080048168724 -3.6536335684794063 -0.9471846630593757 -0.06273328633949532 -0.3144928438774792 -33.91709604433432
-0.3081417728420168 0.02059971112745711 0.9511173953467809 107.14910306943523 -0.05656686031409663 0.9975998963855323 -0.039932906803547205 -3.668431847476953 -0.9496572213930586 -0.06610672154206883 -0.3062369396773925 -34.198509224653186
-0.30573211398147104 0.018065258415778593 0.9519461754315696 107.8104915386279 -0.06641666262748608 0.9969797972666297 -0.040250599593256164 -3.6951192459371436 -0.9497982424735519 -0.07553098887583215 -0.3036089068416661 -34.3053694854917
-0.29697092121405433 0.019605317189862755 0.9546852379141311 108.6719312104108 -0.05905302992127947 0.9974984256377741 -0.03885396385542217 -3.726814203559388 -0.9530587660844386 -0.06791555335890927 -0.29507027298858945 -34.57341865996659
-0.2881620305306176 0.019982556250482963 0.957373146482691 109.40364707864487 -0.056775665487807596 0.9976668567147371 -0.03791262087158899 -3.7920147384104164 -0.9558970488336537 -0.06528047532480562 -0.2863551842947485 -34.83231576227187
-0.28331057649801594 0.020987104422907955 0.958798549588131 110.27992345202011 -0.05828073878863347 0.9975359521424638 -0.03905610924655949 -3.8084078006792446 -0.9572556987193197 -0.06694449664587876 -0.2813893417281772 -35.04718335158261
-0.27528405570200776 0.017658570600978103 0.9612007405118792 110.92648866274124 -0.06318462382695152 0.9973371611023001 -0.0364182700886718 -3.895928429931098 -0.9592843123850724 -0.07075847630309098 -0.27343526846982336 -35.243734734287806
-0.26955186357637184 0.01449050672022148 0.962876844698997 111.84930176752985 -0.07126878074271704 0.9968445465909972 -0.034952980176742275 -3.945398177456565 -0.9603450180710845 -0.07804469967128087 -0.26766858448325226 -35.49222490251125
-0.2637678533998018 0.01562891010970999 0.9644595671575061 112.85441029085435 -0.07284213418164111 0.9966909189301417 -0.036072643513518646 -3.9455091029044063 -0.961831868364074 -0.07976809694967163 -0.2617565810219551 -35.836060693403724
-0.25971999553566594 0.015905728788976673 0.9655529668074382 113.71791292560532 -0.07191472744892227 0.9967693857092808 -0.03576399989780797 -3.9941070632986735 -0.9630024900772072 -0.07872610433925142 -0.25773708425576713 -36.04231123895328
-0.2548001277661407 0.015396170537800197 0.9668711666106967 114.56445371617147 -0.07022625014848136 0.9969383989522913 -0.03438171730040419 -4.074660686094985 -0.9644403396169415 -0.0766602023687191 -0.2529388161044994 -36.26188899118029
-0.2500487417234527 0.015598279083852865 0.9681075975593524 115.44643017701395 -0.06388900014258798 0.9974253062358871 -0.03257229100059318 -4.102796829456312 -0.9661230886503537 -0.06999608681825842 -0.24840838433280066 -36.456736571595634
-0.24406131860931968 0.015168569799709848 0.9696411641679162 116.3205792163966 -0.056853012298688915 0.9979340935767711 -0.029921227743416073 -4.136401644161931 -0.9680918384901537 -0.06242963532922145 -0.2426947318781667 -36.687412998385206
-0.24050215290722354 0.014331468561520275 0.9705427983638127 117.17650818585662 -0.056127015284126815 0.9980126227699716 -0.02864546992279654 -4.1732867198498935 -0.9690244953572049 -0.06136296766513662 -0.23921980184976643 -36.87706095624015
