1.0 0.0 0.0 0.0 0.0 1.0 0.0 0.0 0.0 0.0 1.0 0.0
0.9999997586804783 -0.00015196780705175084 0.000677897315720109 0.0008671981 0.0001521772921485212 0.9999999406864064 -0.00030898099508363554 -0.001653492 -0.0006778503203473397 0.00030908408109835063 0.9999997224929484 0.0276493
0.99999913215828 -0.0003460618134616208 0.0012711899576051365 0.003096012753337364 0.0003468193272784171 0.9999997624067861 -0.000595737127974072 -0.003012229746949308 -0.0012709834937081757 0.0005961774842144779 0.9999990145861976 0.05672997733848118
0.9999979611067855 -0.0007894002484396222 0.0018586633691393846 0.0038566361496480813 0.0007909982539626181 0.9999993180633446 -0.0008591825230448766 -0.004445989557717911 -0.0018579838627515567 0.0008606509707431539 0.9999979035857387 0.08968105876815685
0.999996527757273 -0.0010180348805593695 0.00243065389956315 0.004420923180338343 0.0010211489015022135 0.9999986591088029 -0.0012802482247951746 -0.0067438946490247335 -0.002429347302972117 0.0012827258390220582 0.9999962264359319 0.12540631052355644
0.999996527757273 -0.0010180348805593695 0.00243065389956315 0.004420923180338343 0.0010211489015022135 0.9999986591088029 -0.0012802482247951746 -0.0067438946490247335 -0.002429347302972117 0.0012827258390220582 0.9999962264359319 0.12540631052355644
0.999996527757273 -0.0010180348805593695 0.00243065389956315 0.004420923180338343 0.0010211489015022135 0.9999986591088029 -0.0012802482247951746 -0.0067438946490247335 -0.002429347302972117 0.0012827258390220582 0.9999962264359319 0.12540631052355644
0.999996527757273 -0.0010180348805593695 0.00243065389956315 0.004420923180338343 0.0010211489015022135 0.9999986591088029 -0.0012802482247951746 -0.0067438946490247335 -0.002429347302972117 0.0012827258390220582 0.9999962264359319 0.12540631052355644
0.999996527757273 -0.0010180348805593695 0.00243065389956315 0.004420923180338343 0.0010211489015022135 0.9999986591088029 -0.0012802482247951746 -0.0067438946490247335 -0.002429347302972117 0.0012827258390220582 0.9999962264359319 0.12540631052355644
0.9999930364396847 -0.0009407524243890635 0.0036113788246921103 0.004468336548021453 0.000945376898763239 0.9999987351647809 -0.0012790353231117934 -0.010403422207450615 -0.0036101710013118865 0.0012824405305857222 0.9999926609788828 0.17322005060262063
0.9999930364396847 -0.0009407524243890635 0.0036113788246921103 0.004468336548021453 0.000945376898763239 0.9999987351647809 -0.0012790353231117934 -0.010403422207450615 -0.0036101710013118865 0.0012824405305857222 0.9999926609788828 0.17322005060262063
0.9999886392756855 -0.0010463522121147409 0.004650426497751355 0.006854785188246908 0.001050889144241083 0.9999989741995288 -0.0009732583915195725 -0.013643415273001901 -0.004649403356270737 0.0009781344173218777 0.999988713087049 0.22294401309216838
0.9999810193197269 -0.0006904706461273911 0.006122438286072015 0.010702757966503523 0.0006943990243549057 0.9999995544032086 -0.0006395337200970004 -0.018002863250608042 -0.006121993978672223 0.000643772996484457 0.9999810531935364 0.273565726871148
0.9999720583239532 -0.000793380577146719 0.007433244151530836 0.012935893198588903 0.0007975510426323358 0.999999526213527 -0.0005581084626264981 -0.02154215620434024 -0.007432797837346117 0.0005640212597638304 0.999972217312225 0.3300488213155748
0.9999620630663573 -0.0013004211251648103 0.008612858583053794 0.016273915504780356 0.0013061787168107348 0.9999989272320833 -0.0006628965546832798 -0.025292044117709123 -0.008611987298771925 0.0006741213389927583 0.9999626889215347 0.38828857419348156
0.9999485314176573 -0.0019705188109772802 0.009952465588288613 0.01935640689300326 0.001979524313418946 0.9999976401533878 -0.0008950816433029962 -0.029156714489244197 -0.009950678326780923 0.0009147367223302171 0.9999500723823994 0.4488559530886234
0.9999272937567413 -0.0031819547374377483 0.011631094719269116 0.023881611984044513 0.0031980270094679676 0.9999939567287306 -0.001363498905214211 -0.03335719601617846 -0.011626685837607629 0.0014005963253930283 0.9999314269020486 0.5129843681457514
0.9999003510284795 -0.003597183391058809 0.013650944464559193 0.027290652619111684 0.0036260819954754848 0.9999912358051909 -0.002092807246073836 -0.037898567489417966 -0.013643296613556314 0.002142098143928348 0.9999046313889421 0.5789758603572506
0.9998700046196115 -0.0036543692021953713 0.01570412199748651 0.030248433980395735 0.003702939332391374 0.9999884473607477 -0.0030648630216782986 -0.04312084384714881 -0.015692740432394936 0.003122616014669122 0.9998719853896029 0.6455751761145881
0.9998445055212867 -0.0035831428797328813 0.017266321727489223 0.033189659142175004 0.003652255380465307 0.9999854385798659 -0.003972865322298101 -0.048383057634688816 -0.01725183496123265 0.0040353085801058805 0.9998430329182345 0.7139224582420691
0.9998220722787565 -0.003962198380788171 0.01844247185721162 0.03611155575696093 0.004037633936586185 0.9999836275941331 -0.004054880500372607 -0.05270785901592489 -0.01842610366862432 0.004128622974970475 0.9998217006926403 0.7879995636486917
0.9998021112283737 -0.003541516123735957 0.019575393912559465 0.039622501517318144 0.0036094077046585227 0.9999875899439818 -0.003433967683069114 -0.05666214569644825 -0.019562989528906453 0.003503943717032225 0.9998024864037496 0.864073112831488
0.9997646704848011 -0.003028583474775898 0.02148095278504621 0.04253174997844404 0.003078438392024577 0.9999926436483404 -0.002288201536088397 -0.060304482971537905 -0.021473864754244388 0.0023537908444809857 0.9997666391719504 0.9427254103765199
0.9997059567636919 -0.0023323374347247994 0.02413628416475663 0.0463248325753947 0.002361483906779873 0.9999965164974116 -0.0011791466405455314 -0.06198125410195931 -0.02413344991809749 0.0012357973670758023 0.9997079820627213 1.0262326018654226
0.9996379002368228 -0.0020158017362562394 0.026832908032417255 0.050218600515512975 0.002029000462089805 0.9999978336180662 -0.00046466794535116024 -0.06533666382741261 -0.02683191322363904 0.0005189436719951804 0.9996398247019895 1.1113627537872073
0.9995951890560862 -0.001976351865189142 0.02838224884028843 0.05493056874310653 0.001986453033950973 0.9999979733044716 -0.0003277061077838821 -0.06951827479621552 -0.02838154365553427 0.0003839534530842063 0.9995970891111452 1.1981376891047153
0.9995607430717561 -0.001832064207633049 0.029579798014485743 0.05998377175762287 0.0018543044414744022 0.9999980183551985 -0.0007244589113955733 -0.07478721911523868 -0.029578412142591312 0.0007789906386356914 0.9995621595022032 1.2865430606609152
0.9994868332712256 -0.0010347538435089491 0.03201561184704678 0.06539908721507233 0.0010766899782401122 0.9999985848924208 -0.0012926530263687355 -0.07939249727646355 -0.03201422896382444 0.0013264605682666941 0.9994865329989258 1.3794315207182868
0.9993795460623301 -0.001771217149362901 0.035176493600995326 0.07209240353058065 0.0018227387704432324 0.9999973125710888 -0.0014326457953619223 -0.08361014746194301 -0.03517386153986772 0.0014958744633316863 0.9993800887670138 1.4727634710195092
0.9992953205294269 -0.004689827783106325 0.03724067511948028 0.08084133122963004 0.0047299551400759605 0.999988324155788 -0.0009894829313927417 -0.090284833953546 -0.03723559979861669 0.0011649323857857916 0.9993058355879714 1.5694292061337927
0.9992357452154176 -0.006184547362444206 0.03859633217950747 0.08958492437819632 0.006225018221889888 0.9999801933419926 -0.0009284782433045737 -0.09725551921273072 -0.03858982549748493 0.0011680315204802966 0.9992544526147686 1.6683824312552207
0.9991771218878451 -0.005584937417523865 0.04017321956185133 0.09750522805169418 0.005609797577431003 0.9999841368797019 -0.0005061226116034098 -0.10409350060902407 -0.04016975562612526 0.0007310697641599319 0.9991926021893563 1.7698458334409175
0.9990969157368609 -0.005802689281252694 0.04209135020639245 0.1054550786288856 0.005789580544291195 0.9999831463493531 0.00043332940031217185 -0.10990737617340512 -0.04209315528934727 -0.0001892468051121174 0.9991136724434481 1.8739217504818715
0.9990017032811488 -0.006530108264929743 0.0441922451049034 0.11225543281459091 0.006480731997858204 0.9999782054083095 0.0012604844896473713 -0.11503811119677151 -0.04419951305314911 -0.0009728280552086534 0.9990222503285097 1.980555550165764
0.9989108004475049 -0.004811549097792577 0.04641187072942055 0.11639296432861562 0.004766997197013037 0.9999880647484501 0.0010705598409104762 -0.1195220545222562 -0.04641646784330517 -0.0008481485299355581 0.9989218148368882 2.0880615692748483
0.9988295799586008 -0.002134096466977555 0.04832096679490914 0.11952665342618618 0.0021316908630128603 0.9999977228119089 0.00010131663868712321 -0.12329792523116277 -0.048321072978459674 1.8073077459790617e-06 0.9988318546697157 2.19869485436362
0.9987574557780017 -0.0008339182031154425 0.04982819591640341 0.1259408575329911 0.0008761456792954756 0.9999992753553528 -0.0008256255312148418 -0.12793973002333964 -0.04982747130450852 0.0008682564135407418 0.9987574626675881 2.3108795321194684
0.9986677449918521 -0.0015965133377695891 0.051576993495661395 0.13496521259915562 0.0016752700536917858 0.9999974959328789 -0.0014837783591662966 -0.13380695932460068 -0.05157449547146708 0.0015682069806790533 0.998667918851772 2.4242568962604993
0.9985505709363154 -0.0033947554516999792 0.053714364169948146 0.14601951216553352 0.003492928366965422 0.999992396471558 -0.0017339119047923616 -0.1406151691029647 -0.05370806954436088 0.0019190191488064096 0.9985548360662646 2.540293917577925
0.9984104659951532 -0.006820446270644167 0.05594660761842918 0.15948227170801374 0.006908415973433329 0.9999751855832345 -0.0013791325222484606 -0.14817156073074145 -0.055935813036723014 0.0017634427819377195 0.9984328095017089 2.6593244905828457
0.9982595585165328 -0.009914649017606214 0.05813392783250424 0.17408872164800568 0.009944843616052862 0.9999505223452395 -0.00023010201014425478 -0.1564127331595043 -0.05812877012142425 0.0008078343521415283 0.9983087666087233 2.7801724353412003
0.9981361201252565 -0.011585862970603796 0.05991705500544817 0.1865187912362212 0.011540340381463522 0.999932796662943 0.0011057584299601951 -0.16349924520366815 -0.05992583954505329 -0.0004122342196585198 0.9982027468494408 2.9037499944465113
0.9980673283226206 -0.01243640955317142 0.06088467666311481 0.1957508916393383 0.012330471545300668 0.9999217392136407 0.0021154005385725385 -0.17091370228312386 -0.06090621976790861 -0.0013605753907259572 0.9981425655827876 3.0275882013848405
0.998042203050856 -0.011838515207660116 0.06141343897773473 0.20242831452387292 0.011720894215719695 0.9999287196443165 0.0022751415916162526 -0.17723501353585167 -0.061435995704292576 -0.00155086690466773 0.9981098202320555 3.1537806148888348
0.9980033413310619 -0.009894183788139716 0.06238137397655122 0.20721258832583098 0.009776427833512671 0.9999498056480828 0.0021926338448475533 -0.1835056074165587 -0.06239993710615378 -0.0015783889026363127 0.9980499769739088 3.2804983820302773
0.9979310242211711 -0.007668213959254581 0.06383470366156255 0.2134418966679903 0.007503735141250232 0.9999678815776729 0.0028159850836143832 -0.18928413634503272 -0.06385424696771844 -0.00233116016958628 0.9979565124976385 3.4101807430050504
0.9978305585498638 -0.006390298285958962 0.065523587446684 0.22103150299099322 0.006134740877137749 0.9999727742479445 0.004100697165091247 -0.19518255109279709 -0.06554800819580371 -0.0036898307123609596 0.9978425946865953 3.54369751243214
0.9977288068864398 -0.006694714205683279 0.0670254333120294 0.23140280480506553 0.006390378217765173 0.9999682808777133 0.0047539777770237495 -0.20221113319330292 -0.0670551338466712 -0.004314862706361091 0.9977399415602395 3.6765373590083192
0.997636102792512 -0.007371436922483692 0.06832179976161497 0.2427021791839216 0.007128475074612901 0.9999673746980804 0.003799260788559812 -0.210455564753943 -0.068347576753525 -0.0033032494799378506 0.9976561017178185 3.8089111799600905
0.9975569238663907 -0.008595305095045401 0.06932751529188833 0.2551571449927434 0.008463251187808456 0.9999617697292634 0.002198285525510578 -0.21767225483090683 -0.06934375981698701 -0.0016061787704664612 0.9975915312211714 3.943011670276588
0.9974577015192638 -0.0102683448355102 0.0705173366928028 0.26888510220730916 0.010207978243251275 0.9999471574066019 0.0012163776723556987 -0.22518364608902094 -0.07052610055924238 -0.0004934458385151114 0.9975098123081858 4.079182019329845
0.9973136569263151 -0.010833913619656627 0.07244374385647244 0.28134202411865017 0.010801462578733071 0.9999413099255839 0.000839708561053528 -0.231488864918164 -0.07244858945777068 -5.495442744761665e-05 0.9973721466261178 4.21829026554322
0.997186728310587 -0.010401230114778764 0.07423236014924381 0.2924179258708743 0.010270162898441081 0.9999449552519927 0.0021471423171032815 -0.2377022410735183 -0.07425060696901478 -0.0013787233913409539 0.9972386607460337 4.360265092206106
0.9970975324242625 -0.008486681292303793 0.07566034016636236 0.30188879275341546 0.008186565396089912 0.9999573475537512 0.0042758882448015526 -0.24413263378326633 -0.0756934011685454 -0.0036440792951512053 0.9971244805467512 4.504321242275019
0.9969903089485531 -0.007384999055594881 0.07717373679962251 0.3118339759545663 0.006984277878109643 0.9999606974971558 0.005461073477155729 -0.25087059948897794 -0.07721103370108377 -0.00490563451047958 0.997002703619634 4.649127390014132
0.9968173682720982 -0.006544067423620761 0.07945004400655242 0.3224637829609585 0.00606098556154664 0.9999616605646571 0.006319956866649103 -0.25697761575492406 -0.07948835616057698 -0.005818297201818376 0.996818814355227 4.79728878255612
0.99666642035214 -0.008175609783141727 0.08117392405893026 0.3369883005690349 0.007663066419753269 0.9999487008789212 0.006623671459557046 -0.26299472780579985 -0.0812239124611566 -0.005979549751569765 0.9966779424815575 4.946115181284807
0.9965670160604646 -0.010824570330180704 0.08207929810560324 0.3536118751685533 0.010271403483893552 0.9999216226635859 0.007158687050875578 -0.26965783389836406 -0.08215035466029694 -0.006291041804684331 0.9966000913215888 5.096608261396595
0.9964873373624901 -0.013971896495216452 0.08256980431454274 0.37210901755811804 0.013373836120737479 0.9998802072865017 0.007791763864375231 -0.27723350781887796 -0.08266877877185909 -0.006660118995144484 0.9965548232944036 5.249327993955187
0.9963468923284892 -0.019206749460659443 0.0832104015283989 0.3943586382975009 0.01860846991191046 0.9997951635858151 0.007959630515970338 -0.28641623316207165 -0.08334623563724661 -0.006382134875470855 0.9965002124232246 5.401453696679517
0.9961498062847051 -0.023855356374611027 0.08435926393221398 0.41608650460161745 0.023320437117945413 0.9997012366554 0.0073208361743673095 -0.2962598443185644 -0.08450870163227327 -0.0053253546270907 0.996408510575117 5.5545049104442885
0.9959074167494952 -0.02697003904023743 0.08626142972102432 0.4351110613659926 0.026551734011612916 0.9996294751806308 0.005993143671980345 -0.30623993320435794 -0.08639110303916547 -0.003678225695156451 0.996254509636675 5.7083660661483595
0.99567974854042 -0.02900596388260179 0.08820709951997745 0.45127139247438736 0.028682798310421618 0.9995764100180651 0.004929261251018651 -0.3159482173325137 -0.08831271385010021 -0.002377939157825485 0.9960899607855668 5.865514734847997
0.9955531538658885 -0.029317015026611822 0.08952335146548034 0.46502431828069013 0.029056292146010344 0.9995688921627801 0.004214464046357769 -0.325832467058058 -0.08960831275282556 -0.0015945063191349106 0.9959758068523502 6.022217766199482
0.9955293875099933 -0.028458770960151793 0.09006296108509405 0.4773681394369311 0.028261296615815126 0.9995945560522806 0.0034673656047210628 -0.3349582537137415 -0.09012512256618828 -0.0009065682994167184 0.995930037912477 6.181908291778218
0.9954905173222057 -0.028704625591188148 0.09041390596162097 0.49158952828360314 0.028557059629997602 0.9995878827192155 0.002925588180964807 -0.34329784891028586 -0.09046062274191957 -0.00033043998781338087 0.9958999781818245 6.343114892566955
0.9953865522495979 -0.02908610975356105 0.09143090188804989 0.507383274961962 0.0289495656606379 0.9995768968546472 0.0028195606917252197 -0.3515192662752471 -0.09147422723761497 -0.00015966789817541517 0.9958074313126226 6.505202533586106
0.9952227147215931 -0.029800633345121324 0.09297134157584375 0.5248204335098212 0.029592628472652625 0.9995555037280264 0.0036154262668340632 -0.3591949213478087 -0.09303775815367715 -0.0008468879742963237 0.9956622210059478 6.670460636376129
0.995026723978335 -0.031401119247112703 0.09452929852152202 0.5438849584930756 0.031065342464458596 0.9995047396077361 0.005021951735878808 -0.36651267606404 -0.09464017680936739 -0.0020603911522326804 0.9955094131758833 6.837040023279898
0.9948433164108936 -0.03274387016992456 0.09599278493131448 0.5621682980738457 0.03230360548111232 0.9994592590024102 0.006137317595969012 -0.37385252213914727 -0.09614183722758331 -0.003004756337586298 0.9953631089074261 7.005257467405612
0.9947269862424378 -0.0321006221330277 0.09740519955171494 0.5786378626644466 0.03164459435076968 0.9994798091586867 0.006223402002951636 -0.3801524145519877 -0.09755430533509053 -0.00310823789110144 0.9952253495403943 7.1753381179279385
0.9946616221544886 -0.030449868626078836 0.09859545077566169 0.5933693687983237 0.03004068074140735 0.9995328075696774 0.005632414444178002 -0.3864567187439075 -0.0987208940072679 -0.002640472028385668 0.9951116585558994 7.347043359362538
0.9946106837254924 -0.02907385302887839 0.09952034409689149 0.6087534117914543 0.02874061777482493 0.9995754704058988 0.004780779512560764 -0.39258815194107516 -0.09961709044651888 -0.0018947382092210753 0.9950240425527861 7.520649543788061
0.9945321758082143 -0.030087355381669647 0.10000251161004034 0.6261772505294534 0.02978844008365134 0.9995461805178039 0.0044812776808127765 -0.39860474546773167 -0.10009195831614973 -0.0014778560169891844 0.994977093114224 7.69549088443953
0.9944201703323057 -0.0316819202869769 0.10062196958516495 0.645493243897961 0.031365178132891844 0.9994968058380143 0.0047287123298840475 -0.40548144442696865 -0.10072115188459763 -0.0015463009204146436 0.9949134929814267 7.87293825460346
0.9942634318074955 -0.0340912893625764 0.10138053146427349 0.6675598350394569 0.03372959400646509 0.9994170468435117 0.005280243058114776 -0.4139753686572158 -0.10150144165744886 -0.0018304284172892973 0.9948337081508992 8.05190334324446
0.9940762695552801 -0.03727338343942931 0.10209341405808404 0.6919620347776021 0.03682277146507965 0.9993019818730758 0.006295436932671706 -0.42390771490881374 -0.10225680323914214 -0.002498782007300246 0.9947548955797058 8.231397600185048
0.993894613318703 -0.04089844546448972 0.10247348327569436 0.7166935239043416 0.040329149176652264 0.9991573769329128 0.00762206318712598 -0.43489739399190214 -0.10269886729050706 -0.0034428591503826364 0.9947065342994975 8.41332448838239
0.9937622635509762 -0.04410695068430357 0.10242626832689167 0.7400556643550197 0.04340127787732997 0.9990161932211776 0.009109048275283806 -0.4459879536491586 -0.10272727301284107 -0.004606797499247766 0.9946988915225281 8.5968638808991
0.9937014643085532 -0.0461460783401394 0.1021172820087907 0.7613289072383513 0.045275917710678466 0.9989158798419624 0.010823875230899482 -0.4571514172069209 -0.10250605399922993 -0.00613224700936974 0.9947134785656234 8.782808945502127
0.9936962413847634 -0.04701167899754818 0.10177269720129002 0.78017681959014 0.04600874587855875 0.9988667680270557 0.012180929105218759 -0.46714302352004167 -0.10223001105583517 -0.007421709305520491 0.9947331014249542 8.969557546302282
0.9937165378054029 -0.04676251582446011 0.10168927969953524 0.7976951826652013 0.045692465830105645 0.9988731863739252 0.012827942530517004 -0.47689027578625026 -0.10217456169912263 -0.008100904700632967 0.9947334991265869 9.157009777720955
0.9937285141748582 -0.04630590377097207 0.10178115440385958 0.8150587524848296 0.04519035165901952 0.9988906505192889 0.013240106573815618 -0.4854461037270255 -0.102281338634 -0.008557545273343188 0.9947187020389894 9.346606956188102
0.9936808495454169 -0.046965164206267014 0.10194431125755318 0.8343106136834427 0.04586146229994118 0.9988613230379202 0.01314471812732063 -0.49252133348614957 -0.10244557346420383 -0.008386339488359259 0.9947032591620358 9.538269081116518
0.9936166730935452 -0.048069151318297386 0.10205519899570847 0.8535726468095498 0.04704311771115328 0.9988154164721238 0.01243820299048139 -0.4989417138263346 -0.10253219994972118 -0.007557811135274015 0.9947009738933174 9.733033537355041
0.9935859999969593 -0.04881353277326613 0.10200048837253452 0.8741520565836914 0.04789012764030554 0.9987865941153863 0.011483687995661239 -0.5062927197373506 -0.102437279760044 -0.00652521521328797 0.9947180632127792 9.926229183672566
0.9935258032129569 -0.05016150237445439 0.10193283097013588 0.8954413992562253 0.049329445981485774 0.9987255794627664 0.010668771528210323 -0.5138059318983305 -0.10233808728527401 -0.005571409722779448 0.9947340726468017 10.122582766921806
0.9934029108637313 -0.052591875098359574 0.1019056002440688 0.9176589076385931 0.05182310307325689 0.9986044071584805 0.010178604595835392 -0.5222500102139649 -0.1022986934194372 -0.00483039100884334 0.9947419990366234 10.317910241629498
0.993292968301974 -0.054616475218431354 0.10191231405756764 0.9395051337025248 0.05388406038814102 0.9984978442591993 0.009927892315042016 -0.5307605391160581 -0.10230145237454351 -0.004369856341617269 0.9947438450161995 10.515497628830234
0.9932768811712144 -0.0550020625493694 0.10186172218306852 0.9594720258281955 0.054302014030052165 0.9984780727292216 0.009634809350433761 -0.5412602466773486 -0.10223663043677347 -0.004038736715167834 0.9947519087705639 10.712832117270066
0.9932218305278422 -0.056494669432403076 0.10158123689267586 0.9804282758573741 0.0557427567787171 0.9983927775656606 0.010227745178400652 -0.5513814651174155 -0.10199578633272659 -0.004496001606873729 0.9947746707370065 10.913117107462075
0.9931005242814316 -0.05901047593092159 0.10133662912467482 1.0028332659775345 0.05810056435297554 0.9982396912735894 0.011909793779688847 -0.5590141562476884 -0.1018610479713002 -0.005939907104920939 0.9947809027166602 11.118702396901957
0.9929689072710263 -0.06133158559668148 0.10124813974182854 1.0249435898738108 0.06018187492077418 0.9980839295604249 0.014373986372644882 -0.5667559189885103 -0.10193572054978665 -0.00817961865967002 0.9947573587134594 11.325639036460533
0.9929353039021391 -0.06189725785740124 0.10123345165754713 1.0467382933617306 0.06063901206898386 0.998039989761906 0.015462504692065587 -0.5750569852236297 -0.1019921196959068 -0.0092145702986575 0.9947425291069779 11.530885214777447
0.9929297481229636 -0.06199923920090299 0.10122553843263596 1.0669306064966875 0.06082621687695192 0.998041047882484 0.014636874053946055 -0.5848900623261313 -0.10193471750540076 -0.008376221113502448 0.9947558254601738 11.736310639413391
0.9928831122075098 -0.0628869379061151 0.10113534759876026 1.0873526361751664 0.06189082548588381 0.9979987773574422 0.012960174139512691 -0.5975021691615543 -0.10174797891754665 -0.006608587885701573 0.9947882565412358 11.941104585480481
0.9928236534608391 -0.06407364991059641 0.1009740586279758 1.1079528930914724 0.06321498214178686 0.9979315351906766 0.011684053440177589 -0.6094938090951326 -0.10151383729071191 -0.005217131310757565 0.994820447306649 12.148631662966991
0.9927800723651854 -0.06538543050744533 0.10056079450726951 1.129952302981118 0.06450774950164334 0.9978455518577725 0.011958465281578148 -0.6187811147749159 -0.10112605089100674 -0.005385175485860535 0.9948590461548692 12.35881466055012
0.99261026974053 -0.06854419875449189 0.10013263814929146 1.1540635068998815 0.06747088898610179 0.9976220242863206 0.014070387282832305 -0.6253259234576258 -0.10085896859009294 -0.007210372803709548 0.994874604650744 12.572552601484224
0.9922789809953932 -0.07345756710342416 0.09993202544725051 1.1806690144113299 0.0721529288436609 0.9972552250954997 0.016612371263788343 -0.6301496102331514 -0.10087803890850373 -0.00927371850825067 0.9948555771623357 12.789552704286557
0.9919886380832748 -0.07716126672056661 0.10002340142070375 1.2061283455093639 0.07571090520210277 0.9969633039798476 0.01822167256494878 -0.6367560820451743 -0.10112566809256625 -0.010502829888348133 0.9948182194839259 13.004895766694064
0.9918752828841 -0.07803187862067583 0.10047113576801397 1.2281380149854981 0.07661519983473071 0.996900252397926 0.017888485772576266 -0.6455143474791549 -0.1015555727563528 -0.010045530741553524 0.994779147828426 13.220235518262907
0.9921341028044036 -0.0743310136100193 0.10072150946152583 1.244886754059113 0.07314531989624957 0.9972020864058443 0.015419502103064054 -0.6583163016268526 -0.10158584660166212 -0.00793090685471763 0.994795163079659 13.435826228226416
0.9924281065270398 -0.07089122142098263 0.10030397848837168 1.259911479514716 0.06996796898469716 0.9974684282226863 0.01269716563332509 -0.6725831599991426 -0.10095016934760918 -0.005582958391824898 0.9948758183232138 13.650691441446623
0.9926806126345776 -0.06832256444218897 0.09958528248432386 1.2746832717884928 0.06757919081107196 0.9976552089869168 0.010822982518324002 -0.6852352645611411 -0.10009122972948414 -0.004013872109840567 0.9949701676743506 13.86712234907053
0.9928869350044448 -0.06565275209889372 0.09932396709415447 1.2903362339268705 0.06503132821326381 0.9978381460047238 0.009484762974068752 -0.6957443383701057 -0.0997319439713186 -0.0029581277350233886 0.9950099440869951 14.086398707251009
0.993053192060027 -0.06271251147418842 0.09956153194879484 1.308072850542258 0.06207822915495906 0.9980264620347371 0.009459098445929532 -0.706096086717884 -0.09995824730543999 -0.0032127843104042962 0.9949864455421488 14.30699530938425
0.9931442516545766 -0.06079752635720782 0.09984065401586396 1.326589111515789 0.06015679217170611 0.998144505118006 0.009418453075795662 -0.7186204037846835 -0.10022801884244241 -0.003347789057785283 0.9949588617361743 14.528768342000168
0.9931347403753622 -0.061829403359080486 0.09930011248645258 1.347958093721099 0.061340092120806246 0.9980850540107835 0.007976092959740652 -0.7342881350750426 -0.09960311520315522 -0.0018302569632563598 0.9950255622853493 14.746353390948991
0.9930322751281646 -0.06483698400315899 0.09840257140519945 1.3706295205333907 0.0646904045058937 0.9978943945080153 0.004682838278807149 -0.7503076709285037 -0.09849899552099564 0.0017154925985613215 0.9951356716380432 14.97007055612732
0.9928977798128434 -0.06763888345356817 0.09787226516169409 1.3953273092852165 0.067945905741778 0.9976889872538499 0.00019648235744550374 -0.7656768225961249 -0.09765937095668678 0.0064549328069307375 0.9951989655876871 15.186754925380813
0.9927457565024246 -0.07037466967119843 0.09748471067351297 1.4214968541736397 0.07117889239376851 0.997452053127494 -0.0047923886886733925 -0.7779610333007132 -0.09689906203893386 0.01169647726525837 0.9952254840967237 15.404376173475965
0.9926771738459007 -0.07191504308238218 0.09705799865943318 1.4458347861455296 0.07304800311518635 0.997294994553203 -0.00816597085535515 -0.7885610681848307 -0.09620820009853184 0.01519606585882997 0.9952452269748472 15.623260665218822
0.9929127615598203 -0.06845200223627255 0.09715230991333416 1.4810347879416874 0.06942714774695864 0.9975646017437848 -0.006688535227233775 -0.8094244512917929 -0.09645786171885197 0.013386139757574196 0.9952470508245767 16.074066633772137
0.9931096569706742 -0.06510384027525279 0.09744074719030062 1.495157976090159 0.06574217616275724 0.9978310150831063 -0.0033513596647590095 -0.8217960084984285 -0.0970112132950346 0.009734234414269611 0.9952356852401312 16.301480070329745
0.9934359920199222 -0.060081959325902996 0.09734006329848871 1.5063497864904156 0.06045649700625382 0.9981704271405961 -0.000900195363629426 -0.8335699214614677 -0.09710788705932219 0.006779125719472576 0.9952507732854838 16.530698441815435
0.9937234966944847 -0.055994858943172555 0.09684104444511504 1.520440106332922 0.05625535372958456 0.9984164128953125 4.047241224959964e-05 -0.8447368718196696 -0.09668995446294229 0.005407608823782035 0.9952998595763807 16.75905585789403
0.9938265391590958 -0.05491538652969709 0.09640078000383759 1.537984100283832 0.05517668741231581 0.998476605209634 -4.4891517455392365e-05 -0.8547169368707752 -0.09625145832275955 0.0053636900860054675 0.9953425981034889 16.98787958677137
0.9938696386980268 -0.05435434642776272 0.09627432834699245 1.5576958811598716 0.05457276600902108 0.9985097295836247 0.0003648793790143271 -0.8652913444642072 -0.09615068634377183 0.004891313856966758 0.9953547712069171 17.218110760121853
0.9938250311134534 -0.05597671467385039 0.09580404452143737 1.599361746097921 0.0558057591361171 0.9984316607218359 0.004464987735539933 -0.8930818590569819 -0.09590372661990199 0.0009090008576350139 0.9953901993378556 17.679974409468073
0.9938050570565252 -0.05772447899937028 0.09497048537902662 1.6222227626036523 0.057303084543170846 0.9983311482792678 0.007160647822414958 -0.9081015107577125 -0.09522533838592996 -0.001674186264936445 0.9954543344772956 17.912273848292497
0.9938254510417542 -0.05849467704921505 0.09428332630195947 1.6437850767940572 0.057846430285137106 0.9982793701141364 0.009596338249042474 -0.9216340894564119 -0.09468243429971844 -0.00408313132672674 0.9954991535273389 18.146962081086524
0.9938262837937547 -0.05887620237503411 0.0940367504467769 1.6649044917830915 0.058061291348924925 0.9982481463317338 0.011380895929267608 -0.9338594032537476 -0.09454207575249562 -0.005850738342431034 0.9955036739124863 18.382616535156576
0.9938404250853135 -0.05847671617951 0.09413651327250513 1.6842716129252158 0.057569850048659804 0.9982654242454116 0.012322951006281604 -0.9446701248772894 -0.0946938320674495 -0.0068276219131866035 0.9954830293618231 18.617343257602148
0.9938284589136345 -0.058534319253696246 0.09422700102866903 1.7045122784712357 0.05762809964189984 0.998262194529214 0.012312315191743955 -0.9553633416376708 -0.09478394581897133 -0.006806206228432285 0.9954745999631344 18.850498197927163
0.993863837829768 -0.05775667151580913 0.09433365650551061 1.7220686803791343 0.056900810098699406 0.998310811539348 0.011739734824951342 -0.9640223494438274 -0.0948523571894578 -0.006300036433493917 0.9954714159013005 19.087356702746327
0.9940074817728206 -0.05512702530774411 0.094393523402694 1.738519103656709 0.05436071935657038 0.9984643267735489 0.010672410771699347 -0.9715877387826722 -0.0948369040547602 -0.005477156320850284 0.9954777558478869 19.326621721591895
0.994053311128838 -0.054552799813882905 0.09424439859355058 1.7573315404738317 0.05389796139136835 0.998501430249081 0.009481748171833093 -0.9808102740957175 -0.09462042269852838 -0.004345782208752572 0.9955039376041392 19.563875093756998
0.9940263541844092 -0.055359621972146326 0.09405806420479076 1.7775357228127084 0.054756789549195474 0.9984593401425691 0.008979982201021473 -0.9903361896822935 -0.09441028114096794 -0.003776021340855815 0.9955262128531407 19.803729485386782
0.9940415245867117 -0.05471230337081757 0.0942762496983487 1.7972205973887247 0.05404740037617815 0.9984922836808815 0.00959364072264454 -1.0012098889652616 -0.09465899803982118 -0.004441091036863543 0.9954998497239964 20.043777433239804
0.9940083121947768 -0.054744247374472206 0.09460730768335916 1.8175471032628816 0.053986905277837206 0.9984859295298939 0.01054810833019426 -1.0117182124388397 -0.09504151380430044 -0.005377351599651347 0.9954587860597548 20.289363513844936
0.9939667772416608 -0.05522210609466037 0.0947658416218453 1.8383971883372978 0.05434225785071502 0.9984521433206782 0.011842149721659808 -1.0238874291301612 -0.09527310612923774 -0.00662091359359709 0.9954291530549391 20.534769848314145
0.9939402762681514 -0.05590283095637158 0.0946446020809124 1.8600716326112232 0.054912530447407404 0.9984060457355622 0.013037708331640804 -1.0341694256403773 -0.09522258771874172 -0.007761528827603777 0.9954257468331853 20.786830241782408
0.9938284679421197 -0.05750038812973646 0.09486138135589695 1.8805517539572476 0.05642351987336863 0.9983087950590602 0.013997718129278145 -1.0442902217040497 -0.09550582554440762 -0.008558917726956479 0.995392074619054 21.039691411842117
0.9937422313141698 -0.05852652482334556 0.09513686769511148 1.9045956664144903 0.05745770161767446 0.9982506453108584 0.013937778204182027 -1.0546013315554998 -0.09578616929154815 -0.008384213055319962 0.9953666232820416 21.28954239981144
0.9936860071429638 -0.05866762123953006 0.0956359212135729 1.9257560756476193 0.0576799609119941 0.9982496757639746 0.013061659401108103 -1.0656111060164117 -0.09623482382934212 -0.0074629119795670325 0.9953306805415579 21.539261760423855
0.9936281418139188 -0.0593641773378241 0.09580715132192573 1.9486051462630212 0.05843060675969904 0.9982129224084024 0.012523008048000581 -1.077344634649824 -0.09637935457924802 -0.006845143232997141 0.9953211361289418 21.788898662304756
0.9935873301236958 -0.05993445328297602 0.09587532908593766 1.9730260621229327 0.059010432958343774 0.9981797664901862 0.012446789612833548 -1.0869640341785989 -0.0964468051297444 -0.00670932778064176 0.9953155272078282 22.039336592725853
0.9934871674366941 -0.06139857238641106 0.09598678788002415 1.9979689849724198 0.06048611752266327 0.9980921420401236 0.012389737075183172 -1.098921218617828 -0.09656437089138353 -0.006503176659775027 0.9953054963013532 22.290452656717818
0.9934182442173531 -0.062006608007260273 0.09630873594615014 2.0199428612949077 0.06115304104751817 0.9980587407271295 0.011792185073893173 -1.1132753062855305 -0.0968529691168622 -0.0058249997090435235 0.9952816544836129 22.548799207120908
0.9933518290394658 -0.06207489770787392 0.09694767051613452 2.0421940287256675 0.06137356932244984 0.9980627220020135 0.010202349658485044 -1.1272172535501033 -0.09739316573851799 -0.004184498116684275 0.9952371884344662 22.803051280465056
0.993244988669969 -0.06243385083863902 0.09780800964875863 2.05275884622106 0.061873253861801966 0.9980455955480023 0.008757263487325017 -1.1265755214682474 -0.09816360292158238 -0.0026464082625328486 0.995166771744697 23.046281860262916
0.993168707652109 -0.06341984531957204 0.09794815649251101 2.080708857682374 0.06292507366388142 0.9979850953602009 0.008135388330380152 -1.1360874109171544 -0.09826674536706184 -0.0019164181517990603 0.9951582658534434 23.300922760990744
0.9931164248157532 -0.06362174426889858 0.09834653230978371 2.105593127077055 0.06318685715485009 0.9979732798164168 0.0075335154713116834 -1.1509036336957177 -0.09862650680252763 -0.0012674496624300695 0.9951237137799924 23.56369108275991
0.9931164248157532 -0.06362174426889858 0.09834653230978371 2.105593127077055 0.06318685715485009 0.9979732798164168 0.0075335154713116834 -1.1509036336957177 -0.09862650680252763 -0.0012674496624300695 0.9951237137799924 23.56369108275991
0.9931164248157532 -0.06362174426889858 0.09834653230978371 2.105593127077055 0.06318685715485009 0.9979732798164168 0.0075335154713116834 -1.1509036336957177 -0.09862650680252763 -0.0012674496624300695 0.9951237137799924 23.56369108275991
0.9930328839254038 -0.0637331737473727 0.09911495349785882 2.1261562536703913 0.06339476344045941 0.9979669472165092 0.006563248562193804 -1.1586915350018876 -0.09933174422672594 -0.0002341526172256734 0.9950543451296658 23.832969318591722
0.9929415660163423 -0.06399573044364672 0.09985786379648712 2.1542622639412103 0.06375213438479584 0.9979498721687434 0.005631873557853079 -1.172641007480461 -0.10001355827284916 0.0007740306019916204 0.9949857732843372 24.09118680109586
0.9928812643685272 -0.06457503523221696 0.10008426295233808 2.192674319140583 0.06441438088098596 0.9979115034086562 0.0048393078425324615 -1.1839195612112934 -0.10018773578474605 0.0016420077446425013 0.9949671961471355 24.353035342660714
0.9928076570597277 -0.06506455126798058 0.10049656835867798 2.217228952187479 0.06487109812729305 0.9978801283315947 0.005195200542740553 -1.1942062551027453 -0.10062155192270306 0.0013614878686583442 0.9949238411252644 24.610997865567754
0.9928314614257532 -0.06447385143283077 0.10064199761839196 2.241874076135091 0.06417697191629892 0.9979193470328818 0.006188141330107172 -1.2063697094757855 -0.10083156985219324 0.00031511725447636073 0.9949034602524298 24.865023883192787
0.9927733225026709 -0.0651155227349225 0.10080227589675492 2.267506205068788 0.06473337886408402 0.9978776146891877 0.007060861353687817 -1.2211411677985877 -0.10104810630509939 -0.00048456286984479733 0.9948814227891576 25.12174139340011
0.9926580938453317 -0.06635635627224544 0.10112735883836574 2.2941438248422834 0.06593125568056525 0.9977956503882496 0.007543844555258276 -1.235860291702789 -0.10140502082114419 -0.0008210046046155991 0.9948448862529788 25.37837106920581
0.9925932764585109 -0.06652661723952279 0.10165036511505626 2.320193852241347 0.06604831344152083 0.9977838116807627 0.008067554731083362 -1.2481552038356734 -0.10196179588889576 -0.0012939654069701201 0.9947874737011101 25.63830292794148
0.9925024019866459 -0.06749374790346045 0.10189983338888453 2.346819842589917 0.06695586007680689 0.9977180631787506 0.008693630324418628 -1.260454153236526 -0.10225407010047743 -0.0018056579927333426 0.9947566761510575 25.89327907863953
0.9924533074220754 -0.06835151168248423 0.10180620530057519 2.373586540548724 0.0677578262929769 0.9976586168984585 0.009282300593373713 -1.2711160621473072 -0.10220229724930066 -0.0023140827500761126 0.9947609438744525 26.152218550781495
0.9924093084861695 -0.06921880357421009 0.1016490121041904 2.3997950834901145 0.0685840201987519 0.997597888121993 0.009730662254782857 -1.280657228192769 -0.10207838460408804 -0.002685301900044552 0.9947727341208772 26.4129006506013
0.9923676327548908 -0.0697206721691617 0.10171287692683881 2.4258832354923374 0.06902016096135113 0.9975611114824164 0.010394529274331996 -1.2918846098900139 -0.1021895241271 -0.0032949552722377397 0.9947594907455926 26.673507124913
0.992364242951189 -0.06954442185416713 0.10186649449590061 2.4506585895310504 0.06868454250343249 0.9975671093359737 0.011928788377854584 -1.302575508001531 -0.10244824514362307 -0.004841049477035241 0.9947265560479186 26.935987610644812
0.9922491574921217 -0.07074302248132307 0.10216180414607805 2.476983015547827 0.06977122471074686 0.9974775371969805 0.013059057768802224 -1.3125548241281269 -0.10282794201255348 -0.0058298848748036276 0.9946820732192821 27.199892261180388
0.9922541608244998 -0.07018374760495552 0.10249839949282898 2.5017432633982293 0.0691146805370958 0.9975111968363123 0.013948946929532422 -1.3227307124563263 -0.10322229052255553 -0.006756756493438177 0.9946353628244702 27.462814297239213
0.9923004447407867 -0.06884876371894069 0.102954723551717 2.5257463531937585 0.06770326679031338 0.9975989077917738 0.014583786839491745 -1.3342816795059866 -0.10371159546143646 -0.00750112705088763 0.9945791260929469 27.725753214669993
0.9923154074061846 -0.06842558296416823 0.10309254008080095 2.5509701112455576 0.06726788122837243 0.9976271113894555 0.014668973235252361 -1.347520122643497 -0.10385164601171902 -0.007621431410483316 0.9945635974656986 27.989165501055705
0.9923928501154411 -0.06720309664747791 0.10315122316648198 2.575346713514189 0.06607195740445769 0.9977117025113419 0.01434765195643883 -1.361765443699058 -0.10387938912265104 -0.007423103994241204 0.9945622001878994 28.25128007980276
0.9924621680666831 -0.06591343255389558 0.10331633155189865 2.6001252814564735 0.06480580763092138 0.9977990545708332 0.014044714125083454 -1.3749457483040017 -0.10401467326143365 -0.007243349122772251 0.9945493862246373 28.513492404765767
0.9924750871872993 -0.0651335715975643 0.10368615704860423 2.6249168049916274 0.06403743324822311 0.9978511165713878 0.013869257377884931 -1.3868875718135354 -0.10436670185237351 -0.007125097064574665 0.9945133606625294 28.776219679902884
