1.0 0.0 0.0 0.0 0.0 1.0 0.0 0.0 0.0 0.0 1.0 0.0
0.9999999780960657 0.00020927374155981196 3.516986999728798e-06 0.001305981 -0.00020927369845675345 0.9999999780272087 -1.2251579999693506e-05 -0.003441863 -3.5195508564373318e-06 1.2250843718458845e-05 0.9999999999187648 0.02513343
0.9999999958991187 -7.857280790227961e-05 -4.503417034531319e-05 0.0025502739835424164 7.85612965771953e-05 0.999999964259135 -0.0002555579220511391 -0.005326514421341973 4.505424863927022e-05 0.0002555543830603138 0.9999999663310355 0.05166075253603504
0.9999999331235141 -0.0003656382988644001 7.848677975445358e-06 0.0032296118820764586 0.0003656408856584692 0.9999998779909567 -0.0003321517940592694 -0.007889093692411977 -7.727229600891079e-06 0.0003321546416436908 0.9999999448067904 0.0799582791947685
0.9999998439799384 -0.0004591693285598251 0.00031812517457491414 0.002257114000901603 0.00045925819172284717 0.9999998555318867 -0.0002793172372350166 -0.009623980464605525 -0.00031799687470769405 0.0002794632952483408 0.9999999103891232 0.11067282227707154
0.9999993747149453 -0.0007942977044376408 0.0007871854135523001 0.003016480969477156 0.0007944568934855586 0.9999996640304863 -0.00020193355081598574 -0.010716746618546583 -0.0007870247537261375 0.00020255880942820226 0.9999996697809284 0.13962715806952244
0.9999993747149453 -0.0007942977044376408 0.0007871854135523001 0.003016480969477156 0.0007944568934855586 0.9999996640304863 -0.00020193355081598574 -0.010716746618546583 -0.0007870247537261375 0.00020255880942820226 0.9999996697809284 0.13962715806952244
0.9999993747149453 -0.0007942977044376408 0.0007871854135523001 0.003016480969477156 0.0007944568934855586 0.9999996640304863 -0.00020193355081598574 -0.010716746618546583 -0.0007870247537261375 0.00020255880942820226 0.9999996697809284 0.13962715806952244
0.9999993747149453 -0.0007942977044376408 0.0007871854135523001 0.003016480969477156 0.0007944568934855586 0.9999996640304863 -0.00020193355081598574 -0.010716746618546583 -0.0007870247537261375 0.00020255880942820226 0.9999996697809284 0.13962715806952244
0.9999993747149453 -0.0007942977044376408 0.0007871854135523001 0.003016480969477156 0.0007944568934855586 0.9999996640304863 -0.00020193355081598574 -0.010716746618546583 -0.0007870247537261375 0.00020255880942820226 0.9999996697809284 0.13962715806952244
0.9999988655313559 -0.0012267531789808715 0.0008740781653112667 0.0036197111680280917 0.001226790138212799 0.9999992466212148 -4.174876830317251e-05 -0.012565329793176823 -0.0008740262913650858 4.282103141373493e-05 0.9999996171221274 0.17591636190793192
0.9999988655313559 -0.0012267531789808715 0.0008740781653112667 0.0036197111680280917 0.001226790138212799 0.9999992466212148 -4.174876830317251e-05 -0.012565329793176823 -0.0008740262913650858 4.282103141373493e-05 0.9999996171221274 0.17591636190793192
0.9999987948531074 -0.0012172477122011595 0.0009636391129543627 0.0037308787789248057 0.0012172682165409853 0.9999992589146944 -2.0691809767846512e-05 -0.014892981182478296 -0.0009636132117574749 2.1864792095591364e-05 0.9999995354856467 0.21388861210090637
0.9999973794692839 -0.0019499729653490701 0.0011994415364220824 0.004940213183711506 0.001949678911709969 0.9999980690474789 0.00024627922111444085 -0.017262518565971073 -0.0011999194581805241 -0.00024394004986278607 0.999999250342992 0.251240305059354
0.9999941736333419 -0.0032165068517178794 0.001143146115984802 0.015343960486656982 0.0032162024075313277 0.9999947920794171 0.0002680599133409068 -0.019163828437977214 -0.0011440023791185474 -0.0002643817622351749 0.9999993106801826 0.28312835853092155
0.9999895241242892 -0.004275507912510125 0.0016345255481674766 0.017565499958558762 0.004275245897252473 0.9999908476855569 0.0001637609211956608 -0.0211649865243659 -0.0016352107495900266 -0.00015677120701284675 0.9999986507533862 0.32154908190113196
0.9999868079740095 -0.004618665277705751 0.0022476229675072773 0.019184979227223883 0.004618514560612006 0.9999893319952723 7.224197171636586e-05 -0.023791013332486177 -0.0022479326513411934 -6.186033929619905e-05 0.99999747148285 0.3616401789542387
0.9999838206968816 -0.004814627723863081 0.0030294726186940652 0.01821162083558452 0.004814020640095352 0.999988390975434 0.0002076526889459079 -0.025488668924012657 -0.003030437219865147 -0.00019306538555511317 0.9999953895773787 0.4033815548826875
0.9999802387949063 -0.005115804382658039 0.0036538425254327685 0.019053424135466755 0.00511358348504648 0.9999867352556356 0.0006169090021056161 -0.02762981950896569 -0.0036569500439223935 -0.0005982125824452878 0.9999931344054731 0.44444692860704454
0.9999816527234343 -0.0043997788037081174 0.004163671815515401 0.018335848343936787 0.004396692899885014 0.9999900532366222 0.0007500129076937238 -0.02929612772513607 -0.004166930291350847 -0.0007316927606907506 0.9999910506187798 0.48607404427142314
0.9999835692908946 -0.0035574883755871757 0.004495044460317616 0.01720833316141964 0.0035547387943666736 0.9999934899842355 0.0006195330922209427 -0.03040390211271159 -0.004497219179281186 -0.0006035442039274291 0.9999897053240335 0.5274075796292648
0.9999853557110115 -0.002794423870561224 0.004634604487274704 0.016435914334682042 0.00279059215541664 0.9999957593252388 0.0008330227855209093 -0.032426576571465714 -0.004636912652181007 -0.0008200772955688565 0.9999889131956841 0.5719123229619065
0.9999863587286701 -0.001485672957035024 0.005007507607599975 0.015046323767102118 0.0014793884493423267 0.9999981138076256 0.0012584875871921098 -0.03439958665720805 -0.005009367863452366 -0.0012510623709067906 0.9999866704494379 0.6176938442977123
0.999983360145256 -0.0007582384149822811 0.005718785457535602 0.014757129824654715 0.0007483955113727769 0.9999982354198618 0.0017230964341690203 -0.037057065314712125 -0.0057200818841894735 -0.0017187878487277223 0.9999821630567064 0.6637531007916713
0.9999775846030137 -0.0006386335564207346 0.006665016031733414 0.014668611637542012 0.0006265942126668009 0.9999981687486903 0.0018082806636983883 -0.035946167829200654 -0.006666158655125341 -0.001804063869896633 0.9999761535568426 0.6696483269775116
0.9999759609709924 0.00030467330207737666 0.00692709566263406 0.014021851467770954 -0.0003185031226503299 0.9999979583328739 0.001995466322657614 -0.03831055066623055 -0.006926473554496857 -0.0019976246551842466 0.999974016392344 0.7178437024004581
0.9999760417851605 0.0009267675471933349 0.006859807402268185 0.013354983169160832 -0.0009421367049669142 0.9999970528192601 0.0022375726184941753 -0.04121586693449731 -0.00685771347548862 -0.0022439818865913437 0.9999739678167531 0.7667239994081865
0.9999767209564601 0.0007175504981788675 0.006785474666418737 0.014016412172941023 -0.0007348663733805871 0.9999964793555453 0.002549754483827648 -0.0436376293823107 -0.006783621199574875 -0.00255468154514178 0.9999737276976949 0.8178240912489068
0.9999744015869655 0.000651717583928909 0.0071254077063102874 0.014529220272201238 -0.0006746604004915911 0.9999945948627342 0.003217930804125896 -0.04630268178286765 -0.007123272010414644 -0.0032226556606208606 0.9999694362761088 0.8696798492019977
0.9999687606739229 0.0010487429754678932 0.007834399430085622 0.015100002691675652 -0.0010803722361403122 0.9999912794271617 0.004034087934039663 -0.0492775442562387 -0.007830100388251503 -0.004042425979482366 0.999961173406303 0.9216374930652196
0.9999622475409629 0.0010447467572933973 0.008626238869820375 0.01606128040009365 -0.0010847250130600864 0.9999886879987404 0.0046311171658446545 -0.05271267267385076 -0.008621302945153753 -0.00464029942685428 0.9999520692296991 0.973945110568402
0.9999572141784117 0.0009139910524599093 0.009205130792453059 0.01680843725139312 -0.0009621270578491967 0.9999858805350255 0.005226188105522505 -0.0564937695829819 -0.00920022413176433 -0.005234821004177095 0.9999439746930723 1.0277059629167962
0.9999552858595812 0.0010078803179583177 0.009402683592884877 0.01712027954137768 -0.0010597981974225265 0.9999842127216535 0.0055182547273181 -0.060204102659228 -0.009396973409772648 -0.00552797293042403 0.9999405674368935 1.081759641640262
0.9999543617776723 0.0013389155047963267 0.009459474989603924 0.01750925473826783 -0.001389859639854594 0.9999845564754939 0.005380994396134092 -0.06293775465963296 -0.009452124205141901 -0.005393896159617761 0.9999407798626025 1.1386193985387243
0.9999511961548653 0.0015090163794949263 0.009763615007797155 0.018445851431257397 -0.0015581371052723455 0.999986158944284 0.00502534860664172 -0.06586497648378292 -0.00975589653569775 -0.0050403164011318165 0.9999397070290594 1.1964609655755107
0.9999437455911093 0.001792765859946594 0.010454264383214396 0.019451753389954963 -0.0018391192939953916 0.9999885140191134 0.004425999329874366 -0.06797339129675432 -0.01044620952523876 -0.004444976987230011 0.9999355573666424 1.2581486191873996
0.999933400052665 0.002288188664210983 0.011311925201041264 0.020247879165322495 -0.0023281825473292113 0.9999910816986126 0.0035236471538601646 -0.07020470776408717 -0.011303761548408908 -0.0035497487059750485 0.9999298096661491 1.3224775076062214
0.9999213696882681 0.0033525324988882537 0.01208366527928305 0.0200296675920764 -0.003383628428953081 0.9999910143865081 0.002553860782691151 -0.0722929639145312 -0.012074994798865675 -0.002594546605186623 0.99992372850559 1.3903023549257338
0.9999126311099943 0.004302417190974735 0.012498774060017833 0.019985174542288323 -0.004328390403131526 0.9999885276060593 0.0020517535874740598 -0.07485252504840419 -0.01248980316925165 -0.002105673901732847 0.9999197822596635 1.4605657684232052
0.9999064035349058 0.005135211873658372 0.012681236883782194 0.019700036576921764 -0.005163723491260441 0.9999842111693484 0.0022166126683702656 -0.07808078617465818 -0.012669653886186667 -0.0022818876020550475 0.9999171329962177 1.5352165142086986
0.9998984915301824 0.005789855820570891 0.013018609958164722 0.019776500532525946 -0.005824861912939305 0.999979517088186 0.002652619040427111 -0.08227914739902005 -0.013002985017334032 -0.002728181382432034 0.999911735808208 1.6123108992725395
0.9998894251750026 0.005740581561192691 0.013717986242242622 0.020888695154671 -0.005773132190320742 0.9999806105206536 0.0023344222955570247 -0.08761101093164898 -0.013704319316045791 -0.0024133599151816908 0.9999031789758465 1.6912518111030659
0.9998920149525748 0.004628065988259734 0.013947739576293467 0.023969962537925608 -0.004647261070261558 0.9999882980875247 0.0013441177629774522 -0.0943357415151668 -0.013941355695362664 -0.001408791405508127 0.999901822134629 1.7698994554259702
0.9999011283789045 0.0015394902955224064 0.013977247090309466 0.0298529622676278 -0.0015454329045680069 0.9999987199656617 0.00041437202562503826 -0.10181271393167303 -0.01397659127724105 -0.0004359319535597698 0.9999022276500842 1.8508432977029008
0.9998911502661342 -0.0015337133433809924 0.014674308939343307 0.03667667167855205 0.0015221666622687734 0.9999985231009704 0.0007980003322106587 -0.10839371683616317 -0.01467551117062821 -0.0007755767262275717 0.9998920080951854 1.9364473777259623
0.9998699546210885 -0.0030508866289092333 0.015835590825730602 0.04203822318719365 0.0030134166232932574 0.9999926047504697 0.00238951137795107 -0.11380147865667609 -0.0158427638458976 -0.0023414814004045848 0.9998717539257596 2.0257358784937356
0.9998473664640379 -0.004573209941691199 0.016862073590076403 0.04590558519059252 0.004520272713163891 0.999984739315338 0.003176203871612604 -0.11869100648582691 -0.016876341710411094 -0.003099497905248159 0.9998527802647792 2.1167506724038723
0.9998331909544963 -0.005019177657305801 0.017561267647698213 0.04784002639932684 0.004978108262242739 0.9999847731688045 0.0023815685301769233 -0.12380947720119416 -0.01757295376079617 -0.00229374937143114 0.9998429526730396 2.2082438106159397
0.999828549358105 -0.00380287329143719 0.018122087164477097 0.04758751905567018 0.003784811922774273 0.9999923062515648 0.001030842561154428 -0.1278949950101879 -0.018125867901340822 -0.0009620771309699577 0.999835250088942 2.3016785085751876
0.9998218652064452 -0.0011754056421150792 0.018837629274440434 0.045962533446334365 0.001168937805394494 0.9999992540085638 0.0003543539516271111 -0.130065980527341 -0.018838031731364367 -0.00033227081183619323 0.9998224933239879 2.399622630935759
0.9998018836406499 0.0005277263763143938 0.019897612255747463 0.04598343428800882 -0.0005458997636486461 0.9999994388330199 0.0009079246077833711 -0.13260286036794608 -0.01989712195410125 -0.0009186068348930977 0.9998016106705502 2.5008999135606427
0.9997849773102092 0.00041338629114098064 0.020732299838626334 0.04767001156282606 -0.0004599310702001224 0.9999973847137476 0.002240318967423861 -0.13543307010054914 -0.02073131950057867 -0.002249372676865985 0.999782552715502 2.6049029574111806
0.9997635816713135 -0.0001314253710082864 0.021743125146092973 0.050854933133837814 4.692538008486848e-05 0.9999924454576119 0.0038867500194653504 -0.13944396918363466 -0.021743471704295733 -0.003884810816110013 0.9997560350821433 2.7116567256725186
0.9997420576329242 -0.0010399985473216603 0.02268780736229151 0.055709853147520715 0.0009315147790316628 0.9999880861939147 0.004791633379994688 -0.14523500385032123 -0.022692520355908585 -0.004769263386876694 0.9997311156739312 2.8192218149513604
0.9997201794441174 -0.003599177836909593 0.023379664906069398 0.062265676214019655 0.0034847007773993214 0.9999817495010639 0.004935334363909118 -0.15301270948454238 -0.02339700136158022 -0.004852482219430427 0.9997144761098523 2.926754559484007
0.999689585658108 -0.006890815209549405 0.023942618747085632 0.06990073792202585 0.006778357493865553 0.9999656262415036 0.0047749560335992505 -0.1621503938525623 -0.023974699088952302 -0.004611182189557443 0.9997019309786337 3.0357215645105775
0.9996542201154586 -0.009512605849428061 0.024514292470060112 0.07734780791605333 0.009407786404834287 0.9999461196272967 0.0043876414248319095 -0.17079033085917034 -0.024554709534328315 -0.004155499039262658 0.9996898509374892 3.1464345175738395
0.9996214388698742 -0.010485463369664653 0.025436863203739737 0.08326527111572643 0.010393828563580912 0.9999390184347555 0.003731988682808703 -0.17800315257956556 -0.025474443654636254 -0.0034661895016203917 0.999669464498554 3.2584245360248856
0.9995944788290725 -0.010384577891894266 0.026514871986152024 0.08674251343417533 0.010316332552025402 0.9999431147312668 0.002709351252327282 -0.18501489447825087 -0.026541499149649962 -0.0024347163160514575 0.9996447473874653 3.372533470683054
0.9995730823139032 -0.009723877311507029 0.02755175717651526 0.08902001190852275 0.009689281321726402 0.9999520932425655 0.0013889014651802907 -0.19006607327852032 -0.027563942768612498 -0.001121351792389409 0.9996194133915199 3.4879151581660834
0.9995579935442763 -0.007897107601639164 0.028661005447620798 0.08887132615844831 0.00788937469053168 0.9999688050985164 0.0003828796648023651 -0.195153734598493 -0.028663135012290862 -0.00015659301853510694 0.9995891156719814 3.606432126951224
0.9995459192657872 -0.0057511049669189875 0.029578371672086805 0.08905071917055025 0.005760801946579462 0.9999833770067373 -0.0002426337440612928 -0.1999919473991094 -0.029576484578883167 0.0004129187098578532 0.9995624347973938 3.727493980238659
0.9995278252292966 -0.004064132844439258 0.030456680984893517 0.09041115634879549 0.004085235230528008 0.999991456516743 -0.0006306715738639581 -0.20586830246569246 -0.030453857645692067 0.0007547964928226192 0.9995358887187344 3.850119571611867
0.9995143626105528 -0.003974017080980669 0.030907056208256605 0.09477690108279604 0.004001777654455475 0.9999916430782684 -0.0008363905962790532 -0.2133758965397582 -0.03090347408989093 0.0009596675806325187 0.9995219128800079 3.9745662277881184
0.9994903277347214 -0.004944600738800847 0.031537845333396305 0.09980670045060537 0.004980110160290523 0.9999870505615378 -0.0010474788913670265 -0.22104819242925225 -0.03153225757110879 0.0012040069644061499 0.9995020095526066 4.101760564434294
0.9994611320882193 -0.005191392497593665 0.032411338893524363 0.10529651248469254 0.005225040877217746 0.999985894740737 -0.0009535551368689471 -0.22821956822960965 -0.03240593144420263 0.0011223918672075971 0.9994741596678375 4.230424989381223
0.9994266076170162 -0.005839937788190153 0.0333519281867293 0.11108848434438102 0.005876594542202172 0.999982231490454 -0.0010011692957308394 -0.23543296966659363 -0.033345488806272416 0.0011965909920366423 0.9994431682423311 4.360947219295155
0.9993894204766922 -0.007930498966360515 0.03402783309888938 0.11793545556926155 0.007963144265790206 0.9999679542046739 -0.0008239521354498822 -0.2437801914293179 -0.03402020829835598 0.0010944175911664778 0.9994205459552413 4.492283935074727
0.999350023187454 -0.010718412339318131 0.03441869829263529 0.12669282213457142 0.010703165638493191 0.999942522780226 0.0006272011098619696 -0.2528081460728893 -0.03442344260166437 -0.0002584044147963578 0.9994073042691896 4.6267350104838165
0.9993085634865354 -0.011668735129607396 0.03530206173798078 0.1345187403280289 0.011613935599327252 0.9999310123901574 0.0017569747549711786 -0.2604575516698942 -0.03532012800616413 -0.0013457640469239722 0.999375143515566 4.763128390056116
0.9992615846187916 -0.012471017159322466 0.03634225139082162 0.1414900062216582 0.012369782928889406 0.9999189635942829 0.0030091053200780775 -0.2673496917954436 -0.036376832949474136 -0.002557337589574463 0.9993348718267661 4.901042976136766
0.999222311602669 -0.01218736196526133 0.0374998693830564 0.14653963119357608 0.012019975944904709 0.999916777931638 0.004685871220499307 -0.27390451397706916 -0.03755385697504986 -0.00423147954489833 0.9992856460527983 5.040999874823261
0.9992092745255156 -0.010481248915633611 0.03835321529365442 0.14985521082421088 0.010293028304553408 0.9999340107594878 0.005101734486052673 -0.2789379213864583 -0.03840415694315579 -0.00470292968404228 0.9992512212561325 5.18425386096956
0.9992030523831795 -0.009662625629962842 0.038728462066960706 0.15375117110985453 0.00951515880282292 0.9999467684834176 0.003990232139553084 -0.28381861144205306 -0.03876495661153112 -0.0036185446668026726 0.9992418047066488 5.3262250433543326
0.9991882537600429 -0.009725055477625323 0.03909292575279 0.15960373064865688 0.009641128064706227 0.9999507974150135 0.0023348230593719784 -0.28984997025841797 -0.039113708563571103 -0.0019560278719258674 0.9992328516203659 5.470155876926616
0.9991611231865163 -0.010075904578657114 0.03969289684038088 0.16658632397150472 0.010043335492914555 0.9999490443613005 0.0010198495470640121 -0.2961404467023758 -0.03970115017019135 -0.0006203449392721448 0.9992114059833986 5.616046413762677
0.9991043345287903 -0.011788274986001369 0.04063945495005177 0.17615567610924723 0.011780148084593763 0.9999305150848651 0.000439446494242469 -0.30451437649877067 -0.040641811437089205 3.968590019765513e-05 0.9991737794738917 5.76407054955175
0.9990350085779374 -0.013729754099216323 0.041719845254454234 0.18587947384867162 0.013692501328091331 0.9999055587444979 0.0011785581163694981 -0.3138408493885573 -0.04173208649301844 -0.0006061717813424198 0.9991286531336746 5.914971555706085
0.998984632273829 -0.01493342922860175 0.04250526052380883 0.19484006759342062 0.014821963060329929 0.9998858370617822 0.002936367534401111 -0.3230092911446853 -0.04254425803514188 -0.0023033746402209092 0.9990919279893647 6.068554050288489
0.9989500548997879 -0.01565563060804742 0.0430544892662194 0.20216717124517733 0.01545628416699792 0.9998682465675366 0.004959111382971618 -0.33184850754695716 -0.04312645470543159 -0.004288442167510013 0.999060417676687 6.224275971745276
0.9989092377457742 -0.01592549480389701 0.04389434315953886 0.209364380526403 0.015668546761574864 0.9998580699862128 0.006191649685321647 -0.3405800381261387 -0.04398671831970019 -0.00549713549918966 0.999016991903925 6.380358752830298
0.9988622606229948 -0.01591276672277871 0.04495517943848963 0.21657627617297542 0.015631784569839 0.9998560666860362 0.006594939142320466 -0.34976524557840594 -0.045053652618655876 -0.0058847061400883706 0.9989672360089505 6.5368044503820775
0.9988160667653654 -0.01644507990112405 0.045782355972696774 0.22452599985700514 0.016147220549221485 0.9998460353593221 0.006868249033042228 -0.3583826225727679 -0.04588825601283925 -0.00612085968559416 0.9989278267406556 6.694627494160792
0.9987438774632348 -0.01800697998613283 0.046759126397763216 0.2341098001046064 0.01768327047172848 0.9998167887995222 0.007327399268172705 -0.36646870504817086 -0.046882503934054985 -0.00649134087770269 0.9988793186959487 6.854101846570633
0.9986555514362558 -0.01932355126991566 0.04810083109330623 0.24356307402857455 0.018983970786052767 0.9997916077418606 0.007506659852415812 -0.37441124621626504 -0.04823586257902029 -0.00658342276209853 0.9988142770835794 7.016780729092899
0.9985663812388722 -0.021328855783733988 0.04909442097081818 0.25501934771675405 0.020979696034649067 0.9997508902722021 0.007616413475712189 -0.38302521760835145 -0.049244640457586496 -0.006575508413496035 0.9987651015505633 7.178837889849763
0.9985099676364245 -0.022623876309988116 0.049658883912316175 0.2661823569983572 0.02227565088290272 0.9997233227611038 0.007554687633585916 -0.3925177483310093 -0.04981606074801149 -0.00643724694324982 0.9987376642258677 7.342285288350679
0.9984645373306668 -0.02415526481190042 0.049850685801948756 0.2772240112476516 0.023821113697445873 0.9996896833502593 0.007286394531701537 -0.40124590868032994 -0.05001122109358066 -0.006087707690520203 0.9987301024700336 7.508502232243711
0.9983767626383588 -0.026025662132207767 0.050660682331865325 0.2884514770218995 0.02571520647346662 0.9996463822204729 0.006770426097903827 -0.40874701028080945 -0.050818972635984935 -0.00545668618305686 0.9986929741397617 7.676202253203122
0.9982768436653366 -0.026701688564050467 0.052252877714068925 0.2980711548503162 0.026421290758172337 0.9996325906359824 0.006049721734644858 -0.41496267935900477 -0.052395217303157555 -0.0046587086432802165 0.998615560482377 7.846840324861063
0.9982093763016915 -0.026159933778379125 0.053793112273772904 0.30582312446723 0.025925153911071096 0.9996510916734282 0.0050577970313551894 -0.421590862310823 -0.053906655044393105 -0.00365414570507652 0.9985392930481458 8.01866554242441
0.9981926870997012 -0.025439811896407663 0.05444424112202739 0.3138857442552005 0.025264074637813223 0.9996731510438557 0.003913772444013575 -0.4299867955028545 -0.054526011713429634 -0.0025312156612806755 0.9985091421684146 8.190560882657378
0.9981769951731041 -0.025408297052573768 0.05474581945757047 0.3229886393977529 0.02524521747930796 0.9996745577452301 0.0036684589817787957 -0.4392608374370773 -0.054821212150181195 -0.002279701245058448 0.9984935841860066 8.365563883523487
0.9981152422149391 -0.02652134242789294 0.05534059679869739 0.3343776612668245 0.02629379847367056 0.9996425612311163 0.004835900859207615 -0.4484789619183385 -0.055449070506542755 -0.0033716718577778333 0.9984558239646079 8.542853270035488
0.9979808488633597 -0.029094164979536093 0.05646020604028726 0.34836516754453223 0.028780970175401942 0.9995655558518627 0.006352582964383778 -0.4583083157360482 -0.0566205003309824 -0.004714776633128085 0.9983846402181721 8.72166133800442
0.9977983896016231 -0.03227887952544315 0.057934856908336815 0.3630584914575396 0.031966634268544146 0.9994690273676564 0.006308535986431642 -0.4681119108559392 -0.0581077275579477 -0.004442664665816137 0.9983004331005364 8.900788382684036
0.9976358778679453 -0.03488701381798238 0.05920769762048012 0.37774472502073564 0.03464105393700278 0.9993864157995187 0.005175837857324242 -0.4792466059090604 -0.05935193823952143 -0.003112584497737011 0.9982322671828219 9.079487893241565
0.9975367164992971 -0.03678820100478362 0.059725434302587324 0.39157229619406875 0.03656910024721937 0.999319801118122 0.004757730587765869 -0.48848082148207655 -0.05985983747814437 -0.0025619055541882046 0.9982035045505608 9.262971339099906
0.9974698217636216 -0.03804879220055886 0.06005201148111296 0.40479779581224923 0.037828863984386674 0.9992727263953988 0.0047953448215227665 -0.498293758965437 -0.060190794316903676 -0.0025115123701115703 0.9981837308757917 9.447328224008974
0.9973298409611542 -0.040433256789655696 0.06081397926283564 0.41861013020985044 0.040230948699598264 0.9991800573631454 0.0045479373909232505 -0.5076210506518095 -0.06094800320871172 -0.002089189594849199 0.998138755981205 9.633896751781577
0.9971584064437068 -0.042571011470481715 0.06215160047036166 0.4333694114845063 0.04235132924338918 0.9990910162043086 0.004848324572459548 -0.5168116155711187 -0.062301503753644606 -0.002202344710071759 0.9980549445335225 9.820354222121477
0.9970787027165041 -0.042075463535455285 0.06374728196127201 0.4457520401781484 0.041817546282981996 0.9991108037611545 0.005375372602034875 -0.5255517577750106 -0.06391676941182182 -0.002693914626824976 0.9979515967279874 10.010535810714867
0.9970922461961904 -0.03966090675824188 0.06506969379480539 0.45616767056644286 0.03941638281361784 0.9992101724681294 0.005037856895713602 -0.5362914563163121 -0.06521810593175813 -0.002458396087981099 0.9978680047718479 10.199409161258242
0.997119446254315 -0.038556399145407066 0.06531626127105092 0.4667065482947997 0.038403855030234135 0.9992558515025375 0.0035898686265025256 -0.5480038581550748 -0.0654060686810092 -0.0010711315880136 0.9978581556798622 10.388763307251574
0.9971416303153005 -0.0387986229540443 0.06483236806576326 0.4768336330704216 0.03874471302265544 0.9992469579539974 0.002089074549712838 -0.5594912773441058 -0.06486459978244502 0.0004288082929363074 0.997893982253882 10.580117232580303
0.9971315870123751 -0.039680156333751604 0.06445217898187135 0.4889382837731202 0.039641692479835025 0.9992121980986629 0.0018760032442982782 -0.5694572125136047 -0.06447584353474049 0.0006843713666271239 0.9979190334071778 10.77403647636088
0.9970556372502193 -0.04017009531643369 0.06531783577115585 0.5019868988776173 0.04004787440101369 0.999192701986786 0.0031799453307421056 -0.5785577254661122 -0.06539284351914731 -0.0005547419350546412 0.9978594431471127 10.971137998960447
0.9969972755296423 -0.03940089328718193 0.06666334971063573 0.5145600631768606 0.039203088023956535 0.9992221258601429 0.004273298599750654 -0.5866540020244412 -0.06677986579693262 -0.0016470578947981869 0.9977663738192598 11.170269044119802
0.9969459848045334 -0.039483835059633765 0.06737751962711659 0.5285164894081186 0.03926009762693297 0.9992182423591128 0.004642076161463092 -0.5949172621494102 -0.06750813370581753 -0.001982651191906281 0.9977167538824877 11.36873807900755
0.9969313963862898 -0.039969460023398636 0.06730700680256403 0.5420850495981153 0.03974002436513046 0.99919878771651 0.004744796024662479 -0.6033074530626176 -0.06744272653697579 -0.0020554540361569867 0.9977210300208992 11.567659297081121
0.996942000591653 -0.04007117417845231 0.06708910832819608 0.5544328907124896 0.03977483808351116 0.9991921378526055 0.005747513285776255 -0.6130019496691761 -0.06726521918304258 -0.003061478972627746 0.9977304333509915 11.768385849050144
0.9969104268775874 -0.04061273790275191 0.06723247952283729 0.5674511928962706 0.04032742548518123 0.9991708480339834 0.005595997925981869 -0.623737852534324 -0.06740400237733299 -0.002867395873055486 0.9977216437987219 11.968655593040806
0.9968399244659799 -0.04113211581364656 0.06795817860531704 0.5812074094191244 0.040962196000116254 0.999153114746312 0.0038925302299633513 -0.6362981827261349 -0.06806073383021567 -0.001096513308576308 0.9976805772235203 12.16937312210387
0.9967931024066056 -0.04146095764710234 0.06844340717409847 0.5958638734718027 0.041439085805012627 0.9991395172012706 0.0017399236927695455 -0.65121238144889 -0.06845665170207382 0.00110188828700837 0.9976534832695889 12.370976252363574
0.99681017680273 -0.04097571558289233 0.06848694879303703 0.6087337850475294 0.04114273383221548 0.999152749030447 -0.0010293481976371515 -0.666583894371064 -0.06838674488028827 0.003843805064050754 0.9976514813737851 12.569449056780925
0.9969116992870067 -0.038816773549626385 0.06826655049063034 0.6198446185466447 0.03907605017607478 0.9992331959440574 -0.0024662575011495415 -0.6807322851860779 -0.06811847126389171 0.0051262281086697295 0.9976640695434753 12.773077471199528
0.9970470435530343 -0.03526093125011858 0.06821920308482131 0.6294953708269957 0.035440890337282475 0.9993707525175375 -0.0014290922403977062 -0.6937428957471735 -0.06812588519978584 0.0038426214886790695 0.9976693330086077 12.977979597232626
0.9970909687602778 -0.03317708041569827 0.0686212893479918 0.6382404881697257 0.03323262315787496 0.999447588579743 0.0003323254178367039 -0.7052995733392325 -0.06859440775119496 0.001949106776694848 0.997642725733033 13.185454251065588
0.9970501248645002 -0.0331511430895449 0.06922463592927887 0.6487073112543188 0.03315684121595471 0.9994495912047185 0.0010670151362037902 -0.7169734153716391 -0.06922190685227224 0.0012314026869550718 0.9976005268939857 13.391626588430006
0.9970097662229132 -0.033548051784316996 0.06961360698605412 0.6614055558022992 0.033593069506866274 0.9994354560731797 0.0005242374480322747 -0.7278795606964207 -0.06959189419205997 0.0018158648825982331 0.9975738924498221 13.597411268902794
0.9969944554824867 -0.033691866354699194 0.06976327026965554 0.6761392416910069 0.033826343536426336 0.9994274464584434 -0.0007468256227862932 -0.7383022805537053 -0.06969816511311891 0.003104417351496116 0.9975632954217853 13.804156955134275
0.9969200051356318 -0.03497302308403297 0.07019537745988347 0.6932908219774336 0.035199917273651515 0.9993782944712325 -0.001997589472023481 -0.7480211064378435 -0.07008187486290524 0.004462308386289173 0.9975312619760675 14.010199511375106
0.9968080115657059 -0.03632774261159049 0.07109207547377926 0.7104619921579854 0.03659093169181515 0.9993274388360166 -0.002402854005621036 -0.7573390707360654 -0.07095697144289918 0.00499650940091622 0.9974668631575979 14.218322061187832
0.9966961399484378 -0.03771860025200734 0.07193129921608257 0.7250443529347044 0.03801930007487926 0.9992730391734463 -0.002815315769196321 -0.7663205739278391 -0.07177281820926787 0.00554079200956611 0.9974056156801034 14.427223465497674
0.9966231678542802 -0.03873290821321597 0.07240181708663013 0.7391050111027723 0.039074397519874834 0.9992308363301857 -0.0033056293404433055 -0.7770283264452759 -0.07221809160146825 0.006123524167028914 0.9973700665736955 14.635595615822803
0.9966066638781285 -0.03888928285049835 0.07254502872755027 0.7551153660983164 0.039202102989579615 0.9992271150217829 -0.0028927022728227753 -0.7908227595411061 -0.07237646464771232 0.005726804049270022 0.9973609432299221 14.849266778679581
0.9966038313541015 -0.038671232866994115 0.0727003375430429 0.7685951576538271 0.038872519536552214 0.9992432588203369 -0.001355332798027796 -0.8053884830725186 -0.07259290981360388 0.004176775150730252 0.9973529084502307 15.057135830741515
0.9965889801895389 -0.038195619415666036 0.07315394194592977 0.782433655614648 0.038241002347131466 0.9992682404238249 0.0007806534182311739 -0.8204033476787328 -0.07313022838923418 0.002019489471699735 0.9973203554314993 15.26666686496031
0.9965751839853424 -0.037096161409339946 0.07390383936760808 0.795810163076954 0.03696071282021151 0.9993115957829051 0.0032000377568974893 -0.833734363545444 -0.07397167277007377 -0.000457539633162954 0.9972602379946175 15.477004557869433
0.9965732954876309 -0.0352566494070953 0.07482402951932154 0.8071507768626689 0.03496527778181002 0.9993749947193988 0.005200892158316883 -0.8458131464252773 -0.07496063013718601 -0.0025668272607922036 0.99718319045562 15.686514202094164
0.9966208726012601 -0.032607415277290115 0.07538960647487927 0.8160016851690315 0.03220130416946023 0.9994596354530012 0.006596446766234998 -0.8562804801743535 -0.07556396168338922 -0.004146512882919388 0.9971323353124314 15.895275822669126
0.9967205562073455 -0.030479466584559377 0.07496088947204757 0.8252259545816918 0.029961900338047222 0.9995188691376836 0.008019648736629465 -0.865128850124594 -0.07516925809034389 -0.005747378049747993 0.9971542259268125 16.10353800252837
0.9968246616844628 -0.02882353288739396 0.07422801229687866 0.8361771013309436 0.028237591677076988 0.9995613378917646 0.008931416925903423 -0.8730443911186545 -0.07445288627000919 -0.006807036353286255 0.9972012996291924 16.310296161694417
0.9968923876659341 -0.027700033283693616 0.0737446646869793 0.847802466109195 0.02706435844496457 0.9995875422575424 0.009605512244970221 -0.8815977219998374 -0.07398032113795683 -0.007579809998150604 0.9972308953119717 16.517509254699135
0.9968736899996147 -0.02881034892393677 0.07357180153722791 0.8623050519476383 0.028175595903034357 0.9995563963965187 0.009651228849974281 -0.8915420435863483 -0.0738172200916639 -0.007548126766733424 0.9972432219876214 16.721851832662754
0.9968144842332584 -0.030500100038845356 0.07369279422306854 0.8779890621141633 0.029941429266324964 0.9995140163166223 0.008674214667879779 -0.901643817351586 -0.07392154514262236 -0.0064401152346233 0.9972432652464954 16.92458632028771
0.996759296288011 -0.032768092500250735 0.07346534813995048 0.8935607900647359 0.03231712840993541 0.9994508662161068 0.007319100437178805 -0.9125329106138935 -0.07366483879548547 -0.004921192311704231 0.9972709127370889 17.12679999995502
0.9967169668113445 -0.035564138198624896 0.07273568687090559 0.909528404494275 0.03514701858957544 0.9993575879159395 0.007007036399173565 -0.9241018913211821 -0.07293815979758028 -0.004427589527543704 0.997326637213866 17.32935740496777
0.9967090915994522 -0.037808516443393385 0.07170427328510079 0.9246893233729239 0.03732439336975605 0.9992705351509549 0.008080051899830154 -0.9349033667424209 -0.0719574623133312 -0.00537714268677055 0.9973932072928668 17.532950930806454
0.996724710138935 -0.03906174467934919 0.07080983195193538 0.9384209825985544 0.038488336855055906 0.9992144136388398 0.009444760585714071 -0.9461470278168941 -0.07112313354027464 -0.006688473592311506 0.9974451183881834 17.733809859115183
0.996715935951235 -0.04027800404233231 0.07024973602241878 0.9514291007010482 0.03962989158563973 0.9991582455969172 0.010595845818094871 -0.9565589843833101 -0.07061738251849965 -0.007777058959289143 0.9974731588570089 17.93732013956868
0.9967218674046647 -0.040338058944079436 0.07013102051148129 0.9627247696744428 0.039647253129920984 0.9991507989360278 0.011215003555473762 -0.9674308345217337 -0.07052385664872424 -0.008397736964283382 0.9974747433681059 18.13593047501997
0.9967943428574245 -0.03869442529222436 0.07002699121581432 0.9728000001580253 0.03798072770195807 0.9992123523300072 0.011495184833806921 -0.9776359474307906 -0.07041663419011862 -0.008798659127283951 0.9974788625464185 18.335985329048704
0.9968649957804152 -0.03732344399845598 0.0697648960137316 0.9815944692354308 0.03660235139807243 0.9992627398196205 0.011586400662726553 -0.9863077698914502 -0.07014590551019133 -0.008996518008614519 0.99749617272643 18.53361100453416
0.9969485634418629 -0.035958629386938896 0.06928592081959138 0.9903900970202393 0.03528291966164491 0.999317350562293 0.01095209775838141 -0.9947446262609233 -0.06963244524900604 -0.00847406854893246 0.9975367224974088 18.731366476819613
0.997028682121003 -0.03424164265466484 0.0690022966021146 0.9985959186691544 0.03363487759926691 0.9993847915499341 0.009936469573104142 -1.0031252312942065 -0.06930008684654221 -0.007586061363127033 0.9975670151102916 18.92638329465619
0.9970831803080499 -0.0328977473073913 0.0688684962002508 1.0074271382978794 0.032369061216971945 0.9994374286632933 0.008778955680280948 -1.0112090931274111 -0.06911856062387912 -0.006524140480051229 0.9975871190869896 19.123124513680217
0.9970810471179602 -0.03319921996442376 0.06875461636796484 1.0182634939762283 0.032706977341585945 0.9994307426938226 0.00827310048598777 -1.019836631570389 -0.06899013778308605 -0.006000196015804329 0.9975992975821719 19.32048437678466
0.9970678650526712 -0.03449874236554754 0.06830453319146508 1.0302470319222874 0.03400331009951315 0.9993863936310899 0.008403042741808416 -1.0290882804183286 -0.06855251550150969 -0.006055823663209386 0.9976291292951381 19.515790264367563
0.9970827256298811 -0.03603074511368371 0.06728910503967193 1.042829577258462 0.03553865051952342 0.999332185575081 0.008496304666334113 -1.0397692274241417 -0.06755029659252744 -0.0060801546267138925 0.9976973434614211 19.71012962543418
0.9971096782350161 -0.03756853379183211 0.06603707170063537 1.05522643321632 0.037100918734112705 0.9992771070281838 0.008293684251791132 -1.0516074275397482 -0.06630091552269586 -0.005819676805082229 0.9977827017756605 19.904869351750477
0.9972029807715614 -0.03704113994096365 0.06491663186107792 1.065664971877986 0.03657958102811492 0.9992964020081759 0.00828463549720472 -1.0642850946285316 -0.06517782899207632 -0.005886840017183829 0.9978563001366939 20.096159513127464
0.9973110592165012 -0.03582838391985318 0.063929477317996 1.0734059082827379 0.03535965603350139 0.9993389383099464 0.008448733795180904 -1.0750165883224763 -0.06418992046772629 -0.0061654913219442485 0.9979186544138285 20.289093897535693
0.9973470828400923 -0.036675555181274966 0.0628784541993779 1.0824494039321289 0.0362416144800182 0.9993108079997156 0.008028349446631885 -1.0865944585084257 -0.06312956304489795 -0.005728234204425844 0.9979889005408124 20.47935767460142
0.9973892521522028 -0.037360535579525296 0.06179700698642925 1.091505039429121 0.0370092654184502 0.9992916531252509 0.00681955038033971 -1.097565585372476 -0.06200801532428261 -0.004514684420234711 0.9980654405699705 20.668551036948564
0.9974636553208849 -0.03678713172502051 0.06093408941918222 1.0992237826059414 0.03651961354482857 0.9993178092376118 0.005498542268306456 -1.1082990146606777 -0.061094796344985706 -0.0032593066725867858 0.9981266466634275 20.85664111030944
0.9975414012623067 -0.03587960063764512 0.060198064966547477 1.10730858914983 0.03566652911684017 0.9993531111566569 0.004610631439194216 -1.1185600202476442 -0.06032455112465543 -0.0024522397096510434 0.9981758036799004 21.04476932116901
0.997619161082704 -0.03549417146979783 0.05912844689584385 1.1147397724738217 0.03530468327030245 0.9993675728370359 0.00424661053022459 -1.1275773437569208 -0.059241782382248274 -0.0021489889446849675 0.9982413501086248 21.231402709808528
0.9976988991573635 -0.03551768419160799 0.0577529283227288 1.121219368625334 0.03533567337676012 0.9993668000096256 0.004170039032414485 -1.1366568513195952 -0.057864469298490734 -0.002119704740319785 0.9983221975117141 21.418355122323963
0.9978205857965134 -0.034054488808693266 0.056518761068173974 1.1264067562933135 0.033883059445493614 0.9994178438948842 0.003988933079658691 -1.1457774432315397 -0.056621699403284424 -0.0020652110011895363 0.9983935687193726 21.60734335364483
0.9979514567541514 -0.03170041070137222 0.05556954133004366 1.130955480146913 0.031522451217907865 0.9994947318302168 0.004076286650587655 -1.1551822696301708 -0.05567068377056028 -0.0023162480453236354 0.9984464982979864 21.795853008437472
0.9980318847197668 -0.030815454529847897 0.05461469440387901 1.136371515236898 0.030640733871579156 0.9995223228135112 0.004033810269990601 -1.1653614400340184 -0.05471290990727214 -0.00235243694965379 0.9984993557984285 21.981088899339916
0.9981083959709679 -0.030382219317568012 0.05344670842625026 1.1422005105092032 0.03022291240060902 0.9995360110850982 0.0037865697029940814 -1.1750304336301969 -0.05353695413718012 -0.0021640918256202336 0.9985635238923379 22.167207351005402
0.9981866644856789 -0.029982962067110402 0.052195831525484 1.148123017553893 0.02981688722106489 0.999547542457993 0.003957726952776762 -1.1848803209363121 -0.052290879504946056 -0.0023942330439322467 0.9986290259995102 22.351937970904924
