1.0 0.0 0.0 0.0 0.0 1.0 0.0 0.0 0.0 0.0 1.0 0.0
0.9990604908611649 -0.000647123997549363 0.043332630093039275 0.03679517043754203 0.000747901495123216 0.9999970534203513 -0.002309500805092222 -0.0236017041882822 -0.043331007876599985 0.002339739546813896 0.9990580310348599 1.0176851349617733
0.9960754152752406 -0.00493159617202286 0.0883710724357987 0.14373955819837342 0.005562466936622681 0.9999607648036171 -0.006894041988856347 -0.055395058167944385 -0.0883336065483351 0.007358546905553049 0.9960637659013617 2.0631801178691958
0.9910658669446958 -0.004716574293788197 0.13328991448751765 0.2993525266059708 0.0061635399104759125 0.9999264510475605 -0.010445251131619853 -0.101936328003762 -0.13323084535095678 0.01117346957582163 0.9910220458822839 3.074733718734853
0.9837810852834211 -0.0021887030930348708 0.1793599337013276 0.46622654257143265 0.004588172361122173 0.9999054344070943 -0.012964216811849626 -0.12285674242567879 -0.17931459760141874 0.013576885575512135 0.98369809558884 4.055261171401516
0.974354822205769 -0.004807232504329976 0.22496571063167306 0.7039143586933282 0.007910146666644599 0.9998855864047989 -0.01289355186298995 -0.15481973429072796 -0.22487798919431068 0.014342406199126896 0.9742813686817288 5.097890492986495
0.9627756704832233 -0.005590850208317539 0.27024387267712097 0.9758105999529902 0.009767107052852405 0.999852725847478 -0.014111351288457969 -0.18659037617824614 -0.27012517828850746 0.016225566532984275 0.9626884849447851 6.081295322348816
0.9493429283653897 -0.007924061017940473 0.31414202778299277 1.235591208469343 0.013730295827266816 0.9997732846154285 -0.0162744691395219 -0.2329547383204681 -0.3139418470658577 0.019763315163743845 0.9492364974202246 6.8393607160309875
0.9342762829881058 -0.009965221384370166 0.3564106078790154 1.6092477243021206 0.017545781900090818 0.9996832564726708 -0.018042512732733912 -0.2611402624185793 -0.3561179194921862 0.023110194524428206 0.9341552046237284 7.802805669122104
0.9170277474818733 -0.009999611871926635 0.3986980287269207 2.028320745610346 0.01901190677289878 0.9996451748607492 -0.018656681872209025 -0.2979374125225361 -0.3983700010658185 0.024688704705452477 0.9168924746723504 8.742691692097889
0.8975592047341117 -0.010456638576240131 0.4407699317180731 2.4593162770103265 0.020107005027646473 0.9996493644837187 -0.017229522225400435 -0.3311668926817151 -0.4404352192387515 0.024327079499669804 0.8974547402833915 9.624047603066078
0.8757698252927373 -0.010076193824134648 0.48262374933766655 2.948353130421472 0.02049328134836693 0.9996568420803691 -0.016316356869128232 -0.35720940845617233 -0.4822937264015623 0.024179917285270903 0.8756757922163729 10.504221384091394
0.8518704439706137 -0.010146684380213891 0.5236542671318527 3.493267769304201 0.021186093696208615 0.9996615880797886 -0.01509499094701913 -0.39768433225512784 -0.5233238921769241 0.023953165007644467 0.8517971294638833 11.382581358155619
0.8264012662342226 -0.010623501682520005 0.5629814280937471 4.048054978144843 0.02298753781460467 0.9996250024646596 -0.014880441954168697 -0.42724858214067013 -0.5626122290456328 0.025238772940275014 0.8263355759428331 12.197351688629496
0.7994868897144518 -0.012475487992609566 0.6005539737392954 4.6832480545004485 0.026651000544762184 0.9995364824710937 -0.014715446961480153 -0.44557384912880005 -0.600092024063539 0.0277701712032768 0.7994487977642255 13.029975594504247
0.7707861751352499 -0.011369083531668444 0.6369924773182347 5.304330705112593 0.027185094584252806 0.9995170331777032 -0.015055597633019262 -0.47945327502061674 -0.6365136627385284 0.02892134725928396 0.7707229805967193 13.771090456689215
0.7403872339724189 -0.0147752186643933 0.6720181818106487 5.9608061242215555 0.03199237466409244 0.9993999639590586 -0.013274034879592406 -0.5233782576758106 -0.6714188199134896 0.031327383421723295 0.7404156692790378 14.485180010315977
0.7084028852862174 -0.013411247359173926 0.7056808701973105 6.700352430652024 0.03177753030836806 0.9994116310907745 -0.012906595522389179 -0.5465764496040079 -0.7050925759683355 0.03156786474801324 0.7084122593727386 15.241166764121209
0.6741092481915052 -0.012708905680106991 0.7385223119304507 7.447674547529585 0.033642054755481175 0.9993426220377284 -0.013510585871353087 -0.5789236617838076 -0.7378651188764197 0.03395301894047337 0.6740936573283529 15.932084777201132
0.6388504052494619 -0.014042608848657585 0.7692028112593726 8.207518176512897 0.03826167752384412 0.9991760617746918 -0.013536676456161413 -0.6071811256209839 -0.7683789454075767 0.03807890115459001 0.638861325751684 16.556334148135452
0.6026130205698919 -0.012408452967125767 0.7979370763002517 9.010769876196514 0.038727742752740435 0.9991557399950912 -0.013710185124175529 -0.6260637817923954 -0.7970932877530137 0.03916423789408178 0.6025848098726578 17.167632934773273
0.5649058689113361 -0.011407542659415666 0.8250764978109618 9.86291431137865 0.042080275064243444 0.9990016433557015 -0.014998900730563923 -0.6557162442175659 -0.8240816766073895 0.043192413026842014 0.5648219239166206 17.759656014138756
0.5266989073784598 -0.01029711365642736 0.8499895472396607 10.690714261380782 0.04709343774670702 0.99874441129171 -0.01708241887944035 -0.6932370389033571 -0.8487464103532537 0.049026221187465045 0.5265225166586365 18.242539187051893
0.4886535595355297 -0.009593727891327461 0.8724251596202415 11.583478383641262 0.049463547774213995 0.9986359126340633 -0.016723380014805608 -0.7217561914818855 -0.8710746559249929 0.051325182734002175 0.48846153320653285 18.69144099987152
0.4488607164980236 -0.012042567533724029 0.8935205838435266 12.82251959428488 0.054089654339793014 0.9984418858402908 -0.01371531600385105 -0.7938333112371113 -0.8919632091506257 0.054486486094071786 0.4488127185751736 19.649258000273527
0.4122251245647339 -0.012762423558208398 0.9109926274248933 13.756632709053019 0.05827074554259205 0.9982240125279789 -0.012383094381132715 -0.8190039358009965 -0.9092166776360298 0.05818884220761262 0.4122366938435218 20.062923721192877
0.37723328866158345 -0.010371484058795087 0.9260601914800058 14.670334017967178 0.05923793859973182 0.9981598660306609 -0.012951775017642275 -0.8476101763563341 -0.9242217875358821 0.05974373744645859 0.37715351420861476 20.415126594984812
0.3441999772844935 -0.011504079414787097 0.9388258793802888 15.62764193120048 0.05998041831432453 0.9981518432659602 -0.009759467383243903 -0.8945088914562466 -0.9369785083213985 0.05967037742116461 0.34425386127423896 20.732612414909852
0.3117258337364688 -0.013122746401833267 0.9500814691952353 16.574886543021975 0.06254321411420899 0.9980195264061357 -0.006735820687699119 -0.9078634433625544 -0.9481114654667814 0.0615208780735922 0.3119292076922048 21.02512018113171
0.2791546261318697 -0.013109992617315833 0.9601566657596823 17.574006390629997 0.0626598236520346 0.9980243849559627 -0.004590591810255644 -0.9214119220353207 -0.9581995831814332 0.06144473229534315 0.2794245938783514 21.317924378652993
0.24718540372679532 -0.010021719680836797 0.9689163747811571 18.54799077684655 0.06005031350225657 0.9981828522749687 -0.004995325063374274 -0.9317609442254418 -0.9671056488474781 0.059418503505615165 0.24733803874141824 21.56154563528374
0.216300994868746 -0.008451748116126298 0.9762901451784569 19.542708474692137 0.05990796108921735 0.9981931604318338 -0.004631486288453125 -0.9428190915480428 -0.9744870013586244 0.059489347121050716 0.21641650066986018 21.777568485805016
0.18577844455332282 -0.008470995431593164 0.9825551443943216 20.605664809536638 0.06107307202649315 0.998128961151114 -0.0029422414320624097 -0.9664159547024347 -0.9806918218342575 0.06055426614034466 0.18594819558040776 21.979239365905368
0.15555282860821196 -0.008727187200874821 0.9877890228766188 21.625369666475493 0.06301837044624811 0.998011753915557 -0.0011063601100941563 -0.9709209188328592 -0.9858153998078363 0.062420952010960644 0.15579352442178618 22.13628542200845
0.12550362411159033 -0.009286050678916347 0.9920497011731041 22.726044971631506 0.06156802288357863 0.9981016803765022 0.0015537656869314064 -0.9753450062125943 -0.990180902104794 0.060883535478742895 0.12583710189981678 22.26865164557244
0.0965011008791119 -0.009588446766775189 0.9952866919725795 23.83523423053591 0.061953091172901854 0.9980725393055319 0.0036084315609046205 -0.9878633514936523 -0.9934029152480083 0.06131286955287886 0.09690913271694312 22.38415432089539
0.06927661258910756 -0.009660969730884985 0.997550708792309 24.916852770921412 0.06496661086053426 0.9978741365544546 0.005152384787431516 -1.0027255840320861 -0.9954798292388828 0.06445054894693114 0.069756980431815 22.43911643437908
0.04393597327635845 -0.009290752696567959 0.9989911471913006 26.1720956954068 0.06942904438833337 0.9975674762288165 0.006223999179986505 -1.0171286273141447 -0.9966189031157208 0.0690855432402529 0.04447414605832467 22.47389076985529
0.02115427992485308 -0.00966471640800559 0.999729508265918 27.31701620064483 0.07358474174590773 0.9972562051565819 0.008083752772176477 -1.0669812967003005 -0.9970645827743805 0.07339383171252496 0.021807412581609564 22.48782015824815
0.0016778162347166337 -0.009248136197753071 0.9999558274791697 28.461887920755775 0.07933329075024378 0.9968067392505677 0.009085899151322643 -1.033870823675808 -0.9968467354169448 0.07931454192970247 0.002406143607863731 22.436616274157316
-0.015732757559425936 -0.009805803551449358 0.9998281485116763 29.61933624100646 0.08341458451730195 0.9964532722841348 0.01108527149175239 -1.0101462531022936 -0.9963907303008104 0.08357465148566491 -0.014859010723040633 22.400529967670586
-0.03168490411233682 -0.00959856887386381 0.9994518169111335 31.020307723489832 0.08477897659537137 0.996324400072502 0.012256220771933923 -0.9538732437940246 -0.9958958740645699 0.08512083937404873 -0.030754686235172413 22.323274448664133
-0.04634037535256108 -0.010056031590018524 0.9988750902094036 32.237591222733286 0.08624985457298585 0.9961747417646228 0.014030198014490063 -0.9299668585948377 -0.995195223158915 0.08680299590940141 -0.04529578018789282 22.272788522894956
-0.059840943094125576 -0.011420176028524374 0.9981425955789499 33.441548354082975 0.086729664619778 0.9960936329418915 0.016596375735838644 -0.929675361912755 -0.9944330177566242 0.08756171533325408 -0.058616714368443956 22.224058674042507
-0.07187894778632264 -0.011182227979985283 0.9973506778673862 34.620493377509646 0.08643172542974173 0.9961058615753897 0.017397395620850013 -0.9173250708246985 -0.993661397913982 0.08745324643804979 -0.07063254195536839 22.148154177117494
-0.08331906907422182 -0.00845544290218713 0.9964870486935258 35.803408562527466 0.08618785176186498 0.9961558355402904 0.015659039807747795 -0.9260471412660892 -0.9927887927133747 0.08718977465479365 -0.08227002041063591 22.060017130790534
-0.09345860297193975 -0.005345327262087069 0.9956088172605719 37.02165010181549 0.08594750406978405 0.9962093272630584 0.013416512894899145 -0.9193035486667454 -0.9919065057124629 0.08682398142532816 -0.09264491445700873 21.948751306417325
-0.10301430640482057 -0.003322769387491185 0.9946743245301608 38.240080128994286 0.08664808440699337 0.9961630297897728 0.012301526273545292 -0.9263859267786525 -0.9908986639129819 0.08745385802614843 -0.10233113197756571 21.841088664792416
-0.11119786077052041 -0.0022025846821003233 0.9937958464296269 39.49702548675198 0.08612415238947885 0.9962140015820861 0.011844552629850855 -0.912424483046827 -0.9900594255575037 0.08690691383615953 -0.11058717010675578 21.716663955104423
-0.11660059005423706 -0.001652374339255779 0.9931775128636608 40.75211974325906 0.08568299352943264 0.9962535525669503 0.011716809188768558 -0.9021301444110559 -0.9894759860748715 0.08646460927323835 -0.11602217169311757 21.557587953945763
-0.12196739262132761 -2.1022700857438433e-05 0.9925341075727329 42.074089729448644 0.08668711967997071 0.9961784061354403 0.010673632514009575 -0.9009592259599646 -0.9887412697054502 0.08734175809714238 -0.12149946038462422 21.39126105907319
-0.12626004485513476 0.0018366850377082137 0.9919954776415324 43.52162592109442 0.08558995799722469 0.996289351473311 0.009049156365250537 -0.8711160915785229 -0.9882979106338396 0.08604739815335324 -0.12594874000094491 21.18863908309781
-0.13036231172767887 0.002625934572264163 0.9914629454239013 44.949757940839255 0.08591779688906617 0.9962646070112817 0.008658232751869012 -0.8615133276911264 -0.987736705736273 0.08631301920497599 -0.13010097177568203 21.024791822918868
-0.13261901453260272 0.0006022969156629718 0.9911669053306952 46.27761407466153 0.0851574412734318 0.9963090954719765 0.010788719830171276 -0.8931303186150047 -0.9875021048991054 0.08583602692481346 -0.132180820475587 20.851357818922324
-0.13477167882204633 -0.0030606600944764954 0.9908719528512621 48.05590520621299 0.09006209007640804 0.9958182297744337 0.01532557274564635 -0.9739475498334651 -0.9867752603904075 0.09130545223971685 -0.1339324451831767 20.526214236000147
-0.13710275131660943 -0.00443709748049886 0.990546893260165 49.46138889920432 0.09066590758934259 0.9957360943328717 0.01700951626941019 -0.9672294977502537 -0.9863987676302202 0.09214088456633727 -0.13611586464815995 20.3324560777281
-0.1395956618647698 -0.0035755433111992825 0.9902021342526822 50.842368752420974 0.09297601046100443 0.995528249912792 0.016702248481232716 -0.945814598347188 -0.9858339173853233 0.0943966054241538 -0.13863898519934614 20.12112389135061
-0.140904126424789 -0.0037018819178214067 0.9900163247273924 52.35810309646907 0.09325181830731968 0.9954975073523196 0.016994447260708225 -0.9147134730064257 -0.9856216949412415 0.09471541018010143 -0.13992449941153784 19.950514245258827
-0.14162639176854563 -0.002385414855902037 0.9899173071275136 53.74174951209057 0.09499793666652577 0.9953490441841454 0.01598975518295761 -0.8987966965052195 -0.9853513876702694 0.09630467297942195 -0.14074108418866693 19.763728357394807
-0.14194802289321418 -0.0022932544391728042 0.9898714561905426 55.279830136677205 0.09420769793999552 0.9954269325054279 0.015815552209164998 -0.888932094843289 -0.9853809762957446 0.0954984975112775 -0.14108284278229744 19.538389095181635
-0.1412531979087821 -0.0005956856077830577 0.9899733224886411 56.68871115214952 0.0937595515871554 0.9954967556212929 0.013976982280001025 -0.8645869931794633 -0.9855235565762586 0.09479374824394592 -0.14056124902385236 19.38628406578533
-0.1402000181821046 -0.0009793438772433762 0.9901227175392492 58.20628327280722 0.09386776928591821 0.9954823113538213 0.014276192452444604 -0.8470312267946289 -0.9856636326815672 0.09494213325612455 -0.13947470932664863 19.16606865356057
-0.13946075453628537 -0.0026260953594003226 0.9902241168378668 59.72701107226657 0.09286117268500708 0.9955549854346241 0.01571857448469073 -0.851483112188673 -0.9858638346910465 0.09414549696840956 -0.13859698715641677 18.971636955042698
-0.138363979896458 -0.0019917157753978577 0.9903794435141932 61.273849506258394 0.09393074898840029 0.9954638386896137 0.015124822505296471 -0.849984680041285 -0.9859170469475061 0.09511981354906356 -0.13754925520954564 18.774737971510334
-0.13771191987543263 -0.001995901005037987 0.9904703142969004 62.96599484198569 0.09357984929376374 0.9954985178066075 0.015017085303218177 -0.8538113232826053 -0.9860417024296584 0.09475609438989006 -0.13690523600503868 18.561665938421054
-0.136722348814444 -0.001679370275366096 0.9906079845479441 64.59920967486926 0.09460476381836379 0.9954057121636529 0.014744722948992903 -0.8377612314701929 -0.9860816081833862 0.09573216756894816 -0.1359353305620643 18.335429865391994
-0.13624347092704392 -0.00214765523756251 0.9906730561626943 66.2336618353955 0.09424617967855788 0.995434108619895 0.015119292712031312 -0.8309703688714783 -0.9861822216232401 0.09542705577086442 -0.13541898973613553 18.128979598283454
-0.1351573207135104 -0.004264088577610986 0.9908149757680027 67.92197473265954 0.09577660464572671 0.9952516695111587 0.017348093203214832 -0.812212364108814 -0.9861842326158342 0.09724161600803205 -0.13410714916090405 17.901358457262145
-0.13483566551825943 -0.006535008317633366 0.9908464245131716 69.59968834531898 0.09671997028586468 0.9951161609501596 0.0197249477494196 -0.7900741216805268 -0.9861361927503469 0.09849426319387512 -0.1335450840193908 17.698510575454016
-0.13378920170593656 -0.005540913564957093 0.990994322780789 71.34756255036011 0.09954701588487158 0.9948514071188962 0.019001825753579293 -0.7703928247956123 -0.9859973839393825 0.1011927666902034 -0.13254879416379728 17.445556969439135
-0.13244894346628944 -0.004053791654243666 0.9911815394507142 72.81070027687066 0.10325101677096539 0.9944948904621734 0.017864500563731983 -0.7699660319599522 -0.9857973954674589 0.10470663597811622 -0.13130123941425986 17.230380861561343
-0.1315972672827106 -0.004878218517719219 0.9912912600380457 74.45602725491929 0.10358979178461447 0.9944453204326644 0.018645635081585107 -0.7648249028528845 -0.9858759122129637 0.10514136984873651 -0.1303609529904879 17.005293722210133
-0.1323918958551964 -0.005316931477404128 0.9911831900065353 76.19122747900018 0.10386338786444994 0.994406094054183 0.019207206179507316 -0.7449713626699592 -0.9857407278656927 0.10549052254855817 -0.13109907352550754 16.802060983274835
-0.13100631062247037 -0.006993530455974926 0.9913568666776109 77.89399203008627 0.1055339685683777 0.9941947858686857 0.020959704905531455 -0.7599480435419991 -0.9857484101206035 0.10736767801940975 -0.12950773591343046 16.540630150507642
-0.13130928440298284 -0.006524031802517158 0.9913199830723765 79.65037709965564 0.10576085785474547 0.9941791907157248 0.020551829447883623 -0.705181488356232 -0.9856837793001391 0.10754149783626 -0.12985497090111253 16.34095264071391
-0.1322056763620345 -0.007973794024062562 0.9911902328748599 81.47633581012337 0.10767663772446673 0.9939345389939173 0.02235785954207422 -0.7110880796746658 -0.9853564841345547 0.10968386756406338 -0.13054519665685937 16.129230902112102
-0.13325474727848707 -0.009234165043693298 0.991038799706496 83.77271473316159 0.10748809593710265 0.9939235192881204 0.0237138575042869 -0.844073553348959 -0.9852357492293724 0.1096848576689747 -0.13145246455876758 15.687497057626418
-0.13352373229473735 -0.00881110643739387 0.9910064466578571 85.58718787763894 0.10758397601514069 0.9939221734014784 0.02333240934098422 -0.8288387694256834 -0.9851888656591977 0.1097318441667255 -0.131764264339435 15.434293982767652
-0.13485790150687538 -0.009016573293076481 0.9908239237156178 87.35292775543606 0.10776131575797712 0.9938939886393849 0.023711562002613557 -0.8448313644907581 -0.9849877386177309 0.10997018119719916 -0.13306281982651558 15.218470191188123
-0.1352087724749771 -0.008228813353300361 0.990782960328147 89.23595433741845 0.10813898064124196 0.9938694168120596 0.023011805481743752 -0.8211005199635183 -0.9848982428208932 0.1102536573382174 -0.13349000835966707 14.936276442999187
-0.1370248331187025 -0.01021394607567953 0.9905149521407314 90.86442483252412 0.10988988104004979 0.9936179470680508 0.025447776116504332 -0.8792435615475891 -0.9844533554992821 0.11233454753474165 -0.13502792406154152 14.755571990618229
-0.13805820586265405 -0.01067189555644102 0.9903666202165832 92.71375861049928 0.10935180397711738 0.9936642886534562 0.025951193070279162 -0.8408811127663737 -0.9843688916056498 0.11188115167468213 -0.1360165178903343 14.516870784959426
-0.13792778604485711 -0.012100283532410454 0.9903683703426717 94.52687594040383 0.10742268946667036 0.9938439367236349 0.027103417227629604 -0.8173204256342281 -0.9845995590210831 0.1101263482373902 -0.1357788488660352 14.236472046885936
-0.1395083485565567 -0.013005614698957137 0.9901354829867096 96.50095643690044 0.10846709527560178 0.993696133261039 0.02833520750820229 -0.8870769801085246 -0.9842623176397113 0.11135011777435005 -0.1372182252696139 13.957554684714683
-0.141224687979155 -0.0118108726761955 0.989907112203876 98.31266014638518 0.10825384530762389 0.9937483469707955 0.02730069356123462 -0.8290013706302041 -0.984041001422859 0.11101678332323496 -0.13906322784711467 13.646897454390519
-0.1451087182797668 -0.011416958740753337 0.9893498435499526 100.19841866139714 0.10790787213294413 0.9937861286298777 0.027295085172614468 -0.7942580926787141 -0.9835137777433237 0.11071939123727167 -0.14297505164574864 13.370965122633496
-0.1497663873591193 -0.012640666711390292 0.9886406034360968 101.96753732308345 0.10666349949687955 0.9938760816732795 0.028865760908865962 -0.7646014373502475 -0.9829511315891941 0.10977498723689376 -0.14750093248743346 13.099817017559584
-0.15402750381263752 -0.013447144332922182 0.987975051496007 103.78938850916134 0.10281701067501821 0.994260903663046 0.029562100111398423 -0.7212187927188471 -0.9827024933239465 0.10613401790393459 -0.15176092994728974 12.780493069227116
-0.15926693150079352 -0.013155608984425273 0.987147898991114 105.75321599271976 0.10162984405006241 0.9943803655139176 0.029649004684263697 -0.686198332533764 -0.9819905393274834 0.105045793026929 -0.15703490707056855 12.4898870497273
-0.16303994877381256 -0.011186653881513542 0.9865560470032951 107.62081741395488 0.10184108054212762 0.994403561518293 0.028106069695820433 -0.649157335076197 -0.9813492596511421 0.10505434600562538 -0.1609882448114952 12.177153006302317
-0.1681771511341259 -0.009836641664220467 0.9857077083584056 109.5977814350633 0.10198492694694469 0.9944106241047002 0.02732371393729416 -0.6290723561521933 -0.9804669910364328 0.10512255299635018 -0.16623395663790785 11.872709709140109
-0.1730226527540093 -0.00923240506386236 0.9848745728927629 111.56895426866623 0.09978226313823065 0.9946468600100582 0.026853748996083213 -0.5812962369318065 -0.9798503261197489 0.10291932067823083 -0.17117520800090502 11.541422892808862
-0.17760310232736898 -0.008721711629929225 0.9840635496704154 113.55115200657319 0.09814159988428464 0.9948187818401033 0.026529562196273702 -0.5184815600532128 -0.9791962849275148 0.10128930370190789 -0.1758269391752456 11.199963973152089
-0.18330885061841817 -0.00958847933883692 0.9830086094988808 115.55099550185832 0.09602052399625902 0.9949963256805999 0.02761106397061569 -0.48790563961428474 -0.9783547026801875 0.09945035417772166 -0.18147094201961766 10.853475360737209
-0.1898437521662084 -0.011231509799511465 0.9817500715309773 117.88486953217395 0.09828275403293942 0.9946945579612452 0.030384809066105554 -0.5187418731236922 -0.9768827207107086 0.10225746696406302 -0.18773268342762695 10.505143915331699
-0.19514594118116113 -0.011431390039659796 0.9807075940168302 119.85150739296319 0.098238503868074 0.9946755054801237 0.03114217647536579 -0.4756883524346178 -0.9758418201728603 0.102420516106987 -0.19298388503213748 10.131102926977421
-0.2000635260016932 -0.009479231054706229 0.9797370717403632 121.81780019516131 0.09890948830957128 0.9946494979995022 0.02982095323219895 -0.41316647876841633 -0.9747776662840142 0.10287137749612234 -0.19805549981240533 9.718512458331618
-0.2056124924427245 -0.008774786853328347 0.9785941477789297 123.77432560336631 0.098157075713263 0.9947323171812037 0.029543284223897494 -0.37339901992973595 -0.9736984602221119 0.10213040816031184 -0.2036680836314242 9.332516681656113
-0.2115396579412594 -0.00896837693273298 0.9773282669263628 125.81563926586186 0.09792568096457946 0.9947316366759179 0.030323786103864943 -0.3278946800317109 -0.9724513016731063 0.10212021940459184 -0.20954695574748783 8.9148127023323
-0.21671152733799448 -0.008810567314478856 0.9761959269646797 127.82837207884604 0.09750459348907697 0.9947638105346114 0.030623773431593608 -0.27776468191385023 -0.9713541929529944 0.10182011173759714 -0.2147177139371126 8.481436923865624
-0.22136489590969122 -0.007927436512163787 0.9751588273759498 129.82906857804213 0.09684191631948778 0.9948454049962523 0.030070972738042934 -0.227820570152449 -0.9703706642837371 0.10109290730901158 -0.219456141379891 8.05351779727603
-0.22624279270866188 -0.007246717277831463 0.9740439845489941 131.9388853751419 0.09671440608721915 0.994863994680389 0.029865628132947644 -0.18756430087395357 -0.9692577172262196 0.10096096858328087 -0.22437994656417914 7.5520554578667
-0.23013774072612558 -0.00823637868167222 0.9731232102666584 133.99118059880234 0.0984245191508245 0.9946396445116437 0.03169529295779097 -0.1455366426536092 -0.9681679783608854 0.1030734671579612 -0.22809345901325884 7.081322624319909
-0.23432865061575114 -0.008108509196180294 0.9721236215519183 136.06778385168818 0.10028840487492756 0.9944284824726083 0.03246889426617527 -0.08101909707438786 -0.9669706920833975 0.10510111952705796 -0.23220989497847677 6.629778070650166
-0.23764780799303398 -0.007226672769356085 0.9713245052796676 138.15242844965502 0.10113856418079577 0.9943529667521442 0.03214293618598217 -0.030880401537249583 -0.9660716899855587 0.10587706414466598 -0.23557490761232014 6.138144180357608
-0.24039266500983802 -0.006553204289968397 0.9706536056302487 140.2797483732308 0.1014918947305595 0.994326437222888 0.03184857208163627 0.02712570488028025 -0.9653552516630701 0.10616963668192564 -0.23836368501380223 5.611105874433842
-0.24394525277464485 -0.00508865599405434 0.9697756540710273 142.48971892323303 0.09814961274261684 0.9947221274011462 0.029908907987625303 0.047237084832846936 -0.9648094978632771 0.10247924101354414 -0.2421582911942084 5.040775754578489
-0.24769448097412372 -0.004785935175180254 0.9688263719157622 144.57187479506302 0.09578696737465957 0.9949674559807931 0.029404394574187594 0.09362347722761544 -0.964091438078425 0.10008424633081663 -0.24598951737882446 4.530857888389923
-0.25232275553062444 -0.003917547751524209 0.9676351997840136 146.62056608877853 0.09469984324783255 0.9950914216326714 0.028722852955528202 0.14183605413125255 -0.9629980097229014 0.098882331145071 -0.2507132183532568 4.021822765490708
-0.2571111226150198 -0.0044217802366639455 0.9663717289362221 148.69697051863628 0.09287971111554891 0.9952471555978936 0.02926531287026378 0.18329600513907665 -0.9619081192560632 0.09728076445958313 -0.25547841978418195 3.5126933655518404
-0.26267545102103007 -0.004193446749300844 0.9648751330795396 150.8232693730553 0.09243084649014588 0.995282347501574 0.029488766825205473 0.20548819104531416 -0.9604468470706817 0.09693020043369883 -0.2610486356904962 2.9941334493328733
-0.26705086509164944 -0.00397859407315655 0.9636742220496526 153.00916652720886 0.09232909564966923 0.9952856570487039 0.02969510009486491 0.2505116553831594 -0.9592492760228263 0.09690527159205974 -0.26542455573543555 2.388484745708241
-0.27175212680771677 -0.004237189335107844 0.9623579520126704 155.01228486192014 0.09253189310637036 0.995242136797049 0.030511274994587726 0.29929167292836917 -0.9579084665737296 0.09734030701709623 -0.27006709221262715 1.832141422549577
-0.276363636936382 -0.004982863742658425 0.9610402235329271 157.10608652330427 0.0920108575271088 0.9952558489311947 0.03161957092329121 0.3430501349311416 -0.9566384595428006 0.09716463470403755 -0.2745940485269287 1.259555853269813
-0.28094098036757065 -0.005217063822705962 0.9597108667693509 159.17290409295546 0.09208084219870981 0.9952254009416581 0.03236541086549237 0.3767394246825038 -0.9552974845827269 0.09746375513792623 -0.2791192081966589 0.6812376398582493
-0.2841010920336968 -0.0046679102858121204 0.9587829682043921 161.30225317780182 0.09370221819676851 0.9950660737410534 0.0326098634552455 0.41973980198082067 -0.9542046236579793 0.09910458870873831 -0.2822619646473923 0.026548470513778438
-0.28779161498912775 -0.0034704676989965252 0.9576867662215555 163.47261099305211 0.09348841980427688 0.9951155829458792 0.03170003061169254 0.4824075402187175 -0.9531190385804122 0.09865562544646492 -0.2860614721756809 -0.6124187614477257
-0.29191034507282887 -0.0017660569988286543 0.9564440555945442 165.62251794430503 0.09320947550339691 0.9951858035178828 0.030285477589889538 0.5382900903917011 -0.9518930318664195 0.0979902929842693 -0.2903404180699156 -1.2303582042502392
-0.2958913298385746 -0.0013881478682999356 0.9552205996375162 167.74794932835619 0.09320145322838767 0.995185609614967 0.030316522416051712 0.5598612329016741 -0.950663878583002 0.09799834417367487 -0.2943374160665637 -1.836345198727763
-0.2983723413158965 -0.001182683661255327 0.9544488185319463 170.04976631817527 0.09253613028870866 0.9952524145011624 0.03016116743094562 0.6207519852583208 -0.9499531622816263 0.09732025836876822 -0.2968463521456426 -2.6690435945123747
-0.30167616814352605 -0.0011615377811215197 0.9534097442360354 172.25465822446185 0.09260662965209704 0.9952350738244056 0.030514913963657752 0.6808311730178002 -0.9489022614151147 0.09749768540695271 -0.30013113737426256 -3.3469547102628114
-0.3055157971283595 -0.0020468883026995427 0.9521848076677655 174.493288246087 0.09155770824245625 0.9953009052970332 0.03151656669587344 0.6964559041054365 -0.9477749119735194 0.09680866781018346 -0.3038927410623775 -4.0639335129974725
-0.3090161217879679 -0.000893630506342629 0.951056379979464 176.72420805216757 0.09351905418709905 0.99512470210796 0.031321139163419685 0.7746243190029918 -0.9464476863403887 0.09862063008854692 -0.3074260046610626 -4.771176422787457
-0.3124012291549525 -0.0013299956741202991 0.949949316086907 178.9355663773002 0.09354272927281554 0.9950958573256732 0.032155754282494925 0.8177387611373885 -0.9453333961215314 0.09890634885986982 -0.3107447575302633 -5.478310596314547
-0.3156411655259046 -0.0018634218358153862 0.9488768003721612 181.1868798052469 0.09419400474144084 0.9949972065502616 0.03328736138454834 0.8825861293733221 -0.9441917941267112 0.0998853673779994 -0.3138865548053058 -6.185768155662762
-0.3187892820033007 -0.0028165254928034194 0.947821428784963 183.40981486452947 0.09302184550608227 0.9950750209930054 0.03424381483439567 0.9431450055714493 -0.9432498767232694 0.09908465965989995 -0.316957253082524 -6.8948077759562265
-0.32082119906618867 -0.0019396508252828846 0.9471377914455792 185.665997034219 0.09273144091128216 0.995129173671406 0.03344858105483807 1.011155221247493 -0.9425893263220472 0.09856046602335373 -0.3190786681071127 -7.679649494366602
-0.32420852012948687 -1.0815336974750408e-05 0.9459856422581038 187.84228627337586 0.09220547612684282 0.9952380756241492 0.03161207048205622 1.063837081197783 -0.9414812720642248 0.09747395914278212 -0.3226636664413285 -8.415029441724613
-0.32773105094435273 0.0013424104272530633 0.9447701075823447 190.07949843408534 0.09119479979468859 0.9953744252316707 0.030220226424164914 1.1124541496227314 -0.9403594348637743 0.09606222737874617 -0.326337527314462 -9.151951154078994
-0.33064143834250426 0.0019681533275351963 0.9437543989954585 192.28057453123603 0.0894507050000307 0.9955612851776585 0.029262584137535196 1.1609696386918542 -0.9395077491036449 0.09409491924587722 -0.3293498679919491 -9.904763732253857
-0.3337446154081414 0.002874080883472219 0.9426591490804865 194.60615812125684 0.08744631887724315 0.9957777828595396 0.027923976761183213 1.232828724398843 -0.9385987816958272 0.09175154942786988 -0.3325868009658439 -10.71013979866497
-0.33779740527381397 0.0031098536133420253 0.9412137067641878 196.92550311282668 0.08784075847767135 0.9957342760595543 0.0282356623832797 1.2722859128041577 -0.9371109401454805 0.09221485938100611 -0.3366296266952675 -11.49517304736861
-0.34157897662909176 0.00206480998089802 0.9398508069288262 199.17382283548488 0.08701997543319413 0.9957714992504236 0.02943883754787089 1.3212963058124003 -0.9358158614816428 0.09184148213256593 -0.3403142893841882 -12.282644388515116
-0.3450087042345864 0.0012377957995764785 0.9385986692212652 201.42024246968754 0.08649774683383028 0.9957856284806984 0.03048150101243597 1.370900663030111 -0.9346053358477266 0.09170305323629678 -0.3436617759252527 -13.117990325646163
-0.34932255615005614 0.0006519388201304548 0.9370023088234979 203.57265079677674 0.08573476961127853 0.9958271683257095 0.031269795395877764 1.3944421129079336 -0.9330719699168397 0.09125692193019593 -0.34792078574775354 -13.863074632988624
-0.3548510751845846 -0.0005130468672074997 0.9349226979933991 205.79855267090412 0.085540573651036 0.9957875880466296 0.03301347833427573 1.3529693620708652 -0.9310013559065294 0.09168869218823036 -0.35331240995047986 -14.635918891218017
-0.3579338555773599 -0.0001214967661827861 0.9337469358825555 208.0642456092427 0.0844064796074669 0.995901731800613 0.03248517810962568 1.4079513787816296 -0.9299241373530422 0.09044183675200121 -0.35645669152524606 -15.51662109049969
-0.3607115965441443 0.00019828599613006082 0.9326773851666174 210.3852161868221 0.08473156624262472 0.9958717450938295 0.03255808664283697 1.4468674982187757 -0.9288205993627868 0.09077129505760352 -0.3592392882090143 -16.393240067951307
-0.36350634855072084 0.0009245064208826079 0.9315912622235138 212.69234778704046 0.08535346928624335 0.9958265016617621 0.03231661908211828 1.5104240426182503 -0.9276733907168645 0.09126184238757272 -0.36206816523950525 -17.270301407720257
-0.3650132583405301 0.0009800036779837593 0.9310018049544379 214.8337442578185 0.08735133229483914 0.9956241992714452 0.0331993760695905 1.556585436815227 -0.9268953910673775 0.09344246046570395 -0.3635016376856772 -18.129414076384304
-0.36766968138942246 0.00027661997189772975 0.9299564123486608 217.07155392068583 0.08812141578330218 0.9955105948484386 0.03454376390687932 1.6134581558894485 -0.925771905745334 0.09464977034255807 -0.36604343937127726 -18.98560972711679
-0.3699529626121112 0.001090040186637394 0.9290498464920565 219.37300877657444 0.08961022093780471 0.9953786680077475 0.034515439713267114 1.6628284901061476 -0.9247187754977185 0.09602145118416962 -0.3683409658923189 -19.88967844975437
-0.3721274477706529 0.002538839066692288 0.9281781708874073 221.58018052991858 0.09058886767438298 0.9953215182222703 0.03359661318031805 1.7258238820234066 -0.9237504098343734 0.09658483141729983 -0.3706164468435238 -20.769954610814406
-0.3729690748759422 0.0029610725353119436 0.9278390492082262 223.63820363139442 0.09033283560452492 0.9953602590775394 0.033135079006084305 1.8118416213087372 -0.9234360010297576 0.09617269206242589 -0.3715060770749734 -21.679984616411858
-0.3758032645362481 0.0039477645515181 0.9266910604505392 225.8946007826766 0.0895847791201231 0.9954621421179283 0.03208879804517837 1.870401142459457 -0.9223591890982048 0.09507648902347658 -0.3744515823455301 -22.56413531259889
-0.3781909830285324 0.005127270861065558 0.9257133959544009 228.1362920107914 0.08989877489314614 0.9954616605452021 0.031213661388888057 1.9264541164550704 -0.9213521534291998 0.09502522548305788 -0.37693555933776035 -23.491670500470107
-0.3807092219735615 0.004524830619231308 0.9246837374000653 230.28145880877202 0.08727901908027552 0.9956995144114937 0.031062031953826404 1.94337096303893 -0.9205665978801699 0.09253109157781993 -0.3794669102290036 -24.379849016628835
-0.38577724157647175 0.003993328865093634 0.9225833150486865 232.69758946891037 0.08690511679953097 0.9957015686829015 0.03202946762700159 1.8856280768975133 -0.9184897498370402 0.09253345042191215 -0.3844660453112956 -25.172776826571248
-0.38795155438786466 0.003709465480008478 0.9216723014791605 235.0179646285446 0.08856450706964543 0.9955145905066775 0.033272032938084395 1.9504124813352373 -0.9174148023307399 0.09453538995622154 -0.3865399597845929 -26.159512245177847
-0.39086421280285766 0.0025058110753123563 0.9204449402657703 237.11215683937658 0.08910628043247219 0.995402448854816 0.03512884286914464 1.97858644734274 -0.9161251213330482 0.09574803248469532 -0.38929047809806194 -27.029621532029147
-0.39297533304058296 0.0024517461380257387 0.9195457446818608 239.3968594262609 0.08886900664977748 0.9954167239947737 0.0353248531291283 2.0730809871432334 -0.9152446051623168 0.09560091282193572 -0.39139210286985593 -28.022148051769836
-0.39543197320483037 0.00373608086415612 0.9184876679994738 241.9741140359655 0.09067850191128125 0.9952653115290716 0.034990983953953496 2.1320448930786857 -0.9140081858815384 0.0971236395874689 -0.393898508216042 -29.137045463856627
-0.39877381558452885 0.0030343242123691753 0.9170442938488473 244.2234804197013 0.08863609988138653 0.995440164501936 0.03524940700459442 2.2008527019555615 -0.9127557645953126 0.0953397701535561 -0.39722442324848806 -30.10647487935077
-0.40165539038344633 0.002637887852250989 0.915787087113375 246.52278722181026 0.08797229165505639 0.9954824047072254 0.0357163522672404 2.2719772768402016 -0.9115557159476754 0.09490955413444349 -0.400072934922024 -31.124444218166182
-0.4044158464065726 0.0025639045276110804 0.9145716207978624 248.72595226532584 0.08840242611743805 0.995423178061242 0.036300242905629825 2.2844392285427726 -0.9102927189820902 0.09553074359613306 -0.402791562468932 -32.09514579074186
-0.4085687504076363 0.001797820036052384 0.912725777018191 251.02840379873513 0.0867798001482558 0.9955444631250359 0.03688479669610461 2.3116839922216195 -0.9085927814354302 0.09427613581496729 -0.40690437173766814 -33.04073296321725
-0.41310767570340245 0.0007715921352822727 0.9106818615304191 253.18508769312422 0.08543836856349475 0.9956218460984654 0.03791338482240967 2.359309770442486 -0.906665502515752 0.09346948281155974 -0.4113649502945027 -33.96072010370197
-0.4175186896151901 0.00027630275086070475 0.9086682934265974 255.3621891836228 0.0845700062578621 0.9956713126124399 0.03855582034098254 2.4136852333995193 -0.9047242993661441 0.0929438588472139 -0.4157347486547518 -34.94430703211211
-0.4218504695563958 0.0009677477169260072 0.9066649021548179 257.6338298219009 0.08476381041895968 0.9956617823658241 0.038375924475756475 2.4820242508034838 -0.9026944542747052 0.09304127363953424 -0.4201024203943917 -35.92468810909961
-0.4247632052076762 0.0010515370305837226 0.9053038792425309 259.8283907873148 0.08534596824708252 0.9955922031084655 0.03888741201982959 2.536442573675721 -0.9012725920639492 0.09378197790356799 -0.42298067971814635 -36.96134039672499
-0.428287560740384 0.0008504398001842137 0.9036420984367641 262.04163093333744 0.08489636796685825 0.995614432455748 0.03930023653687799 2.6056516681987265 -0.8996456924929325 0.09354773454213104 -0.4264814759646043 -37.986053312446074
-0.4312457571428856 0.0014677047190972403 0.9022333084015004 264.2834939153851 0.08371728045371948 0.9957495871295816 0.0383950085909738 2.6795204410167357 -0.8983420918000519 0.09209020346445768 -0.4295356568740041 -39.08283996228851
-0.43486582060492496 0.0018183608531184324 0.9004934267574711 266.61163639176607 0.08427772007955726 0.9956909388524672 0.038688760451638375 2.761151885816806 -0.8965427953911609 0.09271595251573654 -0.4331452044999491 -40.17148959642759
-0.43768453841907773 0.0029393700185339966 0.8991237984464507 268.8554281358132 0.08482495849272095 0.9956695819742902 0.038036955028634266 2.854240682221836 -0.895118411857106 0.09291632598761275 -0.43603851334415 -41.28189474248781
-0.44301359650602623 0.004181898049411807 0.8965051394384193 271.33878229972004 0.08607117300711059 0.9955682830942306 0.03788861140218557 2.8649054672331307 -0.8923736361457433 0.09394841896226948 -0.4414102265314137 -42.48408043626753
-0.44674395973813286 0.0067946637935917065 0.8946360528066293 273.63293644580426 0.08808331885728996 0.9954469151641747 0.03642482709929104 2.9613288335582024 -0.8903152045071334 0.09507508419170774 -0.44530839312701165 -43.54489478048149
-0.44950134909926276 0.007543144530467413 0.8932478033158188 275.8951075792995 0.08948142594675786 0.9953149071625356 0.03662389917209922 3.0392853437871863 -0.8887865950656986 0.09639157925164252 -0.4480703648768758 -44.694366649490796
-0.45171145934575097 0.009340671548226182 0.8921151883869936 278.0533404509098 0.09112112324907741 0.9951990558421245 0.0357180647399941 3.097180380114035 -0.8874985624740804 0.09742479718209386 -0.45039395033733465 -45.81086676165734
