1.0 0.0 0.0 0.0 0.0 1.0 0.0 0.0 0.0 0.0 1.0 0.0
0.9999986695768112 -0.0015092330877539237 -0.0006189184877046248 -0.031236571357334875 0.0015108876647388998 0.9999952630035328 0.0026816392299919534 -0.009566687738042708 0.0006148683372346123 -0.0026825707785854895 0.9999962128683016 1.5615260138772844
0.9999946897631196 -0.002650817647105743 -0.0018956822951285111 -0.049060142208179135 0.0026577574564956422 0.9999897419157001 0.0036677498107089736 -0.03331298333111377 0.0018859403131363257 -0.003672768597843685 0.9999914769636599 3.1543457334047766
0.9999927874694275 -0.001536538767139154 -0.00347333524747332 -0.06840661675436828 0.0015497054866287605 0.9999916122213574 0.0037912926337991706 -0.062055205118025224 0.003467480645796711 -0.003796647935675051 0.99998678093384 4.73844648259438
0.9999916060531899 -0.00010078334426921916 -0.004096054916531237 -0.12695663446895103 0.00011413276260058988 0.9999946829694552 0.0032589885749033645 -0.06521305511027302 0.004095704685914619 -0.0032594287131899997 0.9999863005699575 6.256261407628985
0.999985008781722 -0.0007494477069408887 -0.00542407042302218 -0.15308303040826804 0.0007694101586364244 0.9999929357419339 0.0036791947809541783 -0.08280846783596206 0.005421274741896969 -0.0036833129602267625 0.9999785212622369 7.779189768186075
0.9999730701663399 -0.000829248057498416 -0.007291864628715748 -0.14690726379012306 0.0008617415556256122 0.9999897090643295 0.00445411797429104 -0.12403988735229578 0.007288096019927887 -0.00446028172840345 0.9999634941053136 9.375206863922257
0.9999435552548208 -0.003930583130074557 -0.009871009097694112 -0.139933104062951 0.003964197837030111 0.9999864027175505 0.0033881433738752595 -0.12955779190860403 0.00985755749960772 -0.0034270827639002743 0.9999455403490088 11.007301241580729
0.9999235275154101 -0.0050082078342025315 -0.011307385879516227 -0.15225299375161486 0.005051114199830921 0.999980139570908 0.0037691788346373638 -0.14453305568522207 0.01128828447901261 -0.0038260054935460074 0.9999289656348016 12.565146254257982
0.9999096035822459 -0.004965866078045036 -0.012494992520639864 -0.18434942438937002 0.005013232806608173 0.9999803557463056 0.003762395290068854 -0.16208848219632063 0.012476063514693731 -0.0038246954894352522 0.9999148561470573 14.101638163705832
0.9999044384315884 -0.004321338229688013 -0.0131316427271872 -0.2153693177887698 0.0043705492124059345 0.9999835256189599 0.0037211275518329386 -0.17276782156826317 0.013115346140753948 -0.0037781644458267302 0.9999068522462622 15.641957182295052
0.9998985732888134 -0.0031908041463985706 -0.01388027031058456 -0.25004639566572917 0.003250106155681861 0.9999856788112963 0.0042519386505178065 -0.1749349054937615 0.01386650442513788 -0.004296619742343276 0.9998946240048585 17.197067529332433
0.9998931189718777 -0.001503595156539081 -0.014542690063935116 -0.2721050504642426 0.001575896633989903 0.9999864499894034 0.004961490440314492 -0.18327743139583433 0.014535032937335376 -0.004983877927436126 0.9998819399200662 18.756562282176557
0.9998861623251332 -0.000287729858778766 -0.015085741686961442 -0.2975396159401743 0.0003751881389469041 0.9999831390200645 0.005794903747138642 -0.20037078878794967 0.015083819959736747 -0.005799904060118156 0.9998694112174428 20.285735452024984
0.9998759282692772 -0.00038985330781788686 -0.015747256334031845 -0.3151671811252841 0.00047973385787134523 0.9999836151503405 0.005704321719659517 -0.21425854472742203 0.015744774468912995 -0.005711168466623173 0.9998597324783456 21.814511344676603
0.99987541757419 5.184233164023066e-05 -0.015784379722111202 -0.35985369419506574 4.160228706502872e-05 0.9999824776565411 0.005919683195493934 -0.2357789307816455 0.01578441003296785 -0.005919602373297755 0.9998578952569476 23.316154673189864
0.9998714352186429 0.0005727190469912315 -0.016024513306322298 -0.3718610006907699 -0.00047002712171213763 0.9999793359167186 0.006411459589141453 -0.233448758788319 0.01602785413947051 -0.006403103345374987 0.9998510429855201 24.77419535234913
0.9998722110216997 0.0014485333792535527 -0.015920533207996464 -0.41797197610140363 -0.0013236162440903234 0.9999682806298846 0.00785402916665743 -0.252032467924321 0.01593140504212074 -0.007831952831925998 0.999842413007281 26.384352097822504
0.9998673850332186 0.0004526285909842395 -0.016279050162462366 -0.43557447412975214 -0.00034928526662533375 0.9999797742212194 0.006350523465157023 -0.26208972430078026 0.01628159533448307 -0.0063439952583222445 0.9998473200331771 27.891188578206613
0.9998670979491384 0.0009664152358936129 -0.016274288935616527 -0.4728110980298638 -0.0008964588429030172 0.999990330199549 0.004305330293940258 -0.2759311394787371 0.016278292303281653 -0.004290168876486265 0.9998582957853078 29.365854985398432
0.9998686043644596 -0.0006757893543227171 -0.016196212983791532 -0.4865154838329689 0.0007386440363418696 0.9999922187470768 0.0038751580982084137 -0.27942809820851716 0.01619346816637282 -0.003886612155479081 0.9998613233017355 30.838037533378394
0.9998759078183825 -0.001500857931825312 -0.015681721520093467 -0.533360676467148 0.0016100430129342856 0.9999745365530575 0.0069522663207365835 -0.3134625119771545 0.015670887845357934 -0.006976651845005866 0.9998528639770813 32.326213719360965
0.9998663448991666 -0.0035464446905776304 -0.01595979536327135 -0.5548969311756536 0.0036814251628456995 0.9999576386420787 0.008436114634618153 -0.32801877185557077 0.015929201070712568 -0.008493741897110236 0.9998370451737794 33.77461568642159
0.9998662533824779 -0.004021127135700299 -0.015852630174357816 -0.5846149110427165 0.004143377773590882 0.9999618750510393 0.007686407810872762 -0.33522632225799415 0.015821117770617166 -0.007751063215344554 0.999844794581399 35.16948588060056
0.9998721551584104 -0.003907670596522353 -0.0155049491900073 -0.6242672800635227 0.004003816072784643 0.9999729204967017 0.006174765594925096 -0.357700293656513 0.015480400373728864 -0.00623605514777042 0.9998607247114285 36.54028062830499
0.999882538234133 -0.0030521926048726407 -0.015019782114613292 -0.6477518984924326 0.0031355762435781726 0.999979786935742 0.005531173615852354 -0.3689837374273929 0.015002596311585696 -0.00557761958641442 0.9998718979267598 37.92933338645643
0.9999003417603864 -0.001907047772654362 -0.013988199178418233 -0.6658899050856062 0.001969639228071022 0.9999881046688791 0.004462179070164928 -0.37657316763974574 0.013979523195500276 -0.004489286083085838 0.9998922038108361 39.32787300297078
0.9999121964606884 -0.0025323135809712915 -0.013007180981648894 -0.6797844954020421 0.0026055767960291845 0.9999808205975133 0.00561866591675431 -0.39293104174248145 0.012992703287681692 -0.005652063786948145 0.9998996168797278 40.71037390160615
0.9999241122174116 -0.0022970329299832706 -0.01210344768815399 -0.676443362999583 0.0023928959154294726 0.9999658382775563 0.007911784059374807 -0.41137689676767936 0.012084860585014155 -0.00794014594216182 0.9998954496481409 41.95427111537414
0.9999444622323715 -0.002138375360034828 -0.010319874109352763 -0.7024208744275483 0.0022307050096353714 0.9999575172761063 0.008943578599512695 -0.4206655389510289 0.010300310964882623 -0.008966102487997209 0.9999067519525016 43.29459994961575
0.9999700377180819 -0.0015878134314763928 -0.007576444720627746 -0.7359780993391217 0.0016610618685506525 0.999951850915639 0.009671438561893344 -0.43793610418435125 0.007560723481701463 -0.009683733726949216 0.9999245275327228 44.569766367443705
0.9999888225432617 -0.0020758342733766667 -0.00424802314146761 -0.7475763191931183 0.0021143611503587584 0.9999564946160082 0.009085062035617264 -0.44987170179798497 0.004228979246440347 -0.009093942342825541 0.9999497067088917 45.898295301222625
0.9999969936519354 -0.0024171384753274693 -0.00041246658307825756 -0.7539988367924103 0.002420111490987906 0.999969939016627 0.007366418631494304 -0.4603942960176715 0.00039464853002760773 -0.007367394700593265 0.9999727825035356 47.24822155256241
0.9999922157766563 -0.0026230552594000175 0.0029475357842347377 -0.7548490624668491 0.0026066168737328014 0.9999811065004256 0.005567063019038467 -0.4709974088704426 -0.002962082808900153 -0.005559336587265441 0.9999801597242531 48.52025342072467
0.9999707488642392 -0.002522245756366633 0.007220781968535813 -0.7623978951403356 0.002476795128244629 0.9999771097961979 0.006296456903319171 -0.48551505494016184 -0.007236497895069485 -0.006278388327201694 0.9999541064160032 49.78458391947751
0.9999165231773162 -0.001289753578642003 0.012856251891363127 -0.7497521139542611 0.0012079147354783584 0.9999789727655725 0.006371418107637786 -0.49997121826999474 -0.012864199119246097 -0.006355356985795571 0.9998970556105281 51.07557681589968
0.9998232397245759 -0.0006631042457844173 0.018789614136872912 -0.726493375302992 0.0005512207050297134 0.9999820925094944 0.005959095238982568 -0.5278942396578006 -0.018793229163390154 -0.005947684683315084 0.9998057009161931 52.33093003906313
0.9996847013146958 0.00040135512325754 0.02510651053835337 -0.700461459973673 -0.0005377495677499444 0.9999851339302835 0.005426116828374194 -0.5599136902398719 -0.025103959503428912 -0.005437906996061609 0.9996700557607757 53.82088043166727
0.9994283037647078 0.0015889819047460428 0.03377189320285853 -0.6772670158893896 -0.001808334121821666 0.9999774629752333 0.006465560247954551 -0.5717218423494262 -0.033760858426626954 -0.006522934778338987 0.9994086530344706 55.01085419308007
0.9990168440620586 0.003869975709343432 0.044162977348606865 -0.6406929280966367 -0.004193995896722879 0.9999649478060054 0.007246623886405519 -0.5868081430896618 -0.044133385080942326 -0.007424718670888695 0.9989980569920821 56.18015677612411
0.9983683754701521 0.005702480338093562 0.05681609436667569 -0.5884940991714537 -0.006126367438929366 0.9999546658194778 0.007289302288957893 -0.6038069400982882 -0.0567719515526159 -0.007625485155072893 0.9983580507478553 57.29423473902869
0.9973753879643182 0.008056745662535437 0.07195432115137311 -0.50168396256237 -0.008637414362931105 0.9999325674150081 0.007762454248066201 -0.6059968889923222 -0.07188692896590279 -0.008363580104208124 0.9973777218144045 58.579898549918035
0.996035998700054 0.010515559980978669 0.08832730207513628 -0.41942337193700713 -0.01135813408057151 0.9998946116328161 0.009042036157172903 -0.6096256956391441 -0.0882229113314319 -0.01000942685403625 0.9960504652326909 59.699880695409995
0.9943980382275454 0.010206847368235827 0.1052062823029634 -0.3044306914698387 -0.0113185600522086 0.9998861849371333 0.009975338099998551 -0.6164443421384951 -0.10509249148989588 -0.011110240261410751 0.9944003875671911 60.71735947138495
0.992205803484914 0.010132848229885418 0.12419729835067324 -0.16543592805003995 -0.011357867375386098 0.9998935464806809 0.009159397085494412 -0.6216094605559386 -0.12409126633062931 -0.010498623387698568 0.9922152672315742 61.831586028226404
0.9894672231652142 0.009317400390879582 0.14445691513969225 -0.013882155589214813 -0.010646560753093734 0.9999077822534931 0.008430761118174679 -0.6279512008310825 -0.14436504087157284 -0.009879931116008794 0.9894751749969739 62.95549687283763
0.9863233156304962 0.006360420649152176 0.16469930811278588 0.16660211485770848 -0.007849654919095223 0.9999339692922325 0.008392852502668835 -0.6392694850911204 -0.16463505082853913 -0.009570898842129142 0.9863081151111138 64.00903931989643
0.9825228348740986 0.0011234695090834022 0.18613870303412666 0.36781586766067187 -0.003157440307539394 0.9999385033869573 0.010631087195406168 -0.6509278938368427 -0.18611531243202145 -0.011033007772777255 0.9824659603354291 65.04349990243219
0.97791028133835 -0.004487247285763839 0.20897690366292992 0.5988360821400744 0.001980139669647866 0.9999235589635402 0.012204723535428293 -0.6621734333465351 -0.2090156948643756 -0.011521321169204315 0.9778444142392378 66.10810707056989
0.9726190427038052 -0.009813694927210804 0.23219795253578188 0.8599054401994842 0.007278030406680782 0.9999041916830724 0.011774452344839809 -0.66910719330678 -0.23229125692400265 -0.009762112809075229 0.9725972820803942 67.13802667123235
0.9662670924686261 -0.016061052537826907 0.25704075280703026 1.1385878917216328 0.013907021334850953 0.9998513079173669 0.010195921416078724 -0.6771489245975427 -0.257166290111709 -0.006277312108539465 0.9663467776025707 68.14206166507957
0.9590919095013797 -0.01970056470994148 0.282408563749591 1.4425224095184972 0.017271333807436635 0.9997893457737997 0.011088963238711988 -0.6843962863652691 -0.2825675320299724 -0.0057577623524089514 0.9592301277666292 69.111261194977
0.9507663532127282 -0.022106204170739576 0.3091191636500903 1.7793377468451492 0.018798851233770546 0.9997297750694305 0.013674064206243945 -0.6908530674857427 -0.30933791360074225 -0.0071897549880016376 0.9509250036844926 70.09747950086121
0.9413094712568549 -0.026335824720166465 0.3365158297293737 2.141995689229188 0.022029633022422175 0.9996193503680258 0.016608721766090424 -0.6887386100173019 -0.3368251394878915 -0.008220626868716786 0.9415313307069754 71.06820015085185
0.9305263063945522 -0.02930355853675851 0.36505081093567593 2.5104395402155286 0.02503596270756803 0.9995517066374623 0.016419084305825185 -0.6947035742064506 -0.3653682986782202 -0.006138991384527219 0.9308428004264542 71.99462185490303
0.9188020281777255 -0.02877038743915249 0.3936687666339549 2.911495895070342 0.025835032906362364 0.9995848470194006 0.012754790626605486 -0.6932619308678781 -0.3938722941401507 -0.001548681956512055 0.9191638686833661 72.90544590188507
0.9061172391818522 -0.030096291507593673 0.421954691993048 3.3569262358771974 0.029661748061118348 0.999531130982568 0.007595979111830215 -0.6987317806486427 -0.4219854613128476 0.005633066145409969 0.906585097498511 73.7994780027476
0.8923868828149819 -0.031906247612011385 0.4501418029277894 3.8386708030438803 0.03309952509517308 0.9994384171471925 0.005222237909982282 -0.6973159838522572 -0.450055633025778 0.010239223292587505 0.8929418152870493 74.68680927602817
0.8758575691321381 -0.03316156076663817 0.48142894541298875 4.357886359356448 0.03307145598933834 0.9994153426304706 0.008674774554084838 -0.7416044128372602 -0.48143514349566047 0.008323689226509152 0.8764421936471186 75.87757888194106
0.8581873042584122 -0.031784487824350866 0.5123517318633979 4.85339886214999 0.028365763306279015 0.999492547742243 0.014492428360083449 -0.7459264258119049 -0.5125523722330545 0.0020960299291011 0.8586534064317247 76.73556866066959
0.8389604775954955 -0.031808511402609235 0.5432619401679895 5.404065130171318 0.026152105719405686 0.9994934742585628 0.018134560402409405 -0.7438706848284594 -0.5435635973822927 -0.0010067357635870477 0.8393673820705229 77.56621115953911
0.8182957568963818 -0.02581414383999017 0.5742174537779098 5.969692761993978 0.022042405453789132 0.9996655000482882 0.013528502319787458 -0.7491498465184981 -0.5743746047721717 0.0015868178893701714 0.8185910428301775 78.37350820806707
0.7967290865057222 -0.01878341214909595 0.6040446557530287 6.541129138292723 0.01857715015633915 0.9998057319719548 0.006586942241477009 -0.7496653226453227 -0.6040510344398282 0.005973419796140269 0.7969232497851426 79.1236354633027
0.7749898055669597 -0.016662459498543992 0.6317540373521529 7.143775495829674 0.017892017135565402 0.999830147219663 0.004421813375481784 -0.748466653370478 -0.6317204104586985 0.007876493773649332 0.77515629640462 79.83548496304086
0.7523188913961028 -0.019432230893090627 0.6585124706875767 7.7775154595296065 0.01911200061365186 0.9997879404240115 0.007668481939529643 -0.7558161665993424 -0.658521842523908 0.0068163469124403915 0.7525307437797386 80.53138241590601
0.7283778315934482 -0.01949855033366583 0.6848981975287364 8.423210225641983 0.01901641060678907 0.9997852201763384 0.008239517254333355 -0.7598453323843379 -0.6849117538565538 0.007022823636968047 0.7285921831706017 81.2112078505414
0.7036787251452438 -0.017833915930286107 0.7102944482540715 9.093802925631449 0.019732024645294072 0.9997898766032306 0.0055542636860747225 -0.7683146342802691 -0.71024425304353 0.010107130368627315 0.7038827650499404 81.85736284241676
0.6781248316749927 -0.016061926860612048 0.7347712073640933 9.771167037258964 0.020204774457644455 0.9997907157504681 0.0032080817138138164 -0.7828418346624122 -0.7346689592972325 0.012670406650582987 0.6783074384380805 82.46030545547771
0.6515400297089413 -0.013713019646375708 0.7584903050000376 10.484434676344836 0.018271229372573673 0.9998302311905447 0.0023813808340380624 -0.7878934983119136 -0.758394192926137 0.012306985400171588 0.6516799722611347 83.06999069872765
0.6242098222128218 -0.012359496287272145 0.7811589727479052 11.222502233004326 0.01762728222401023 0.9998431239884901 0.0017338784074656787 -0.8062772113711951 -0.781057857507645 0.012687405741982438 0.62432976299477 83.64693525689981
0.5963446302129638 -0.005592512835901121 0.8027090418179827 11.983194074898257 0.01629789767358487 0.9998539589183482 -0.005141922473898331 -0.8016497308479793 -0.8025630570538274 0.01614882768149147 0.5963486856000679 84.18857223203351
0.5663702531417303 0.003635026154932195 0.8241429020145872 12.754249520903485 0.01485209096781235 0.9997828642457721 -0.014616420711097845 -0.816133934600634 -0.824017082195543 0.020518551249368022 0.5661932861705187 84.72126903809233
0.5361749542884549 0.011948279516330266 0.8440223083606103 13.550935951767686 0.013518702405343731 0.9996500229204386 -0.022739313104013042 -0.8328050406185679 -0.8439986155670217 0.023602336574293406 0.5358257801087819 85.21929682895994
0.5052142487491196 0.0167069362315796 0.8628322207373904 14.368563759659953 0.01095645842022606 0.999607838028308 -0.025770645534364197 -0.8645967672390341 -0.8629243992840558 0.022473282673564195 0.5048330740810526 85.67804960018574
0.46987305735459217 0.016876287596788577 0.8825726604020764 15.409167881077712 0.010168962359268527 0.9996474026409565 -0.024528811584036955 -0.8767938391728646 -0.8826754228915542 0.02050027585521438 0.4695357670221474 86.28914732972044
0.4375271839880498 0.01570506717306592 0.8990680253109755 16.28089778054989 0.0059415294667923245 0.9997751475353975 -0.020355652732575898 -0.8978574692997174 -0.8991855545431557 0.014247990583358534 0.43733549280301276 86.70334477223999
0.40340346791061266 0.0169185459333758 0.9148657851735367 17.169586011338637 0.0017953169288771468 0.9998124906001146 -0.019281091180760025 -0.9256433225586375 -0.9150204472659703 0.009420533079191858 0.4032974518165068 87.1094029474917
0.36860989176805825 0.02013144581883581 0.9293661671160534 18.057666830935617 -0.005650011700327031 0.9997955250417938 -0.019416113776707194 -0.9469992440723287 -0.9295670094503822 0.0019060418796945583 0.36864826318026545 87.4674449280537
0.33284062985560214 0.022020312868073447 0.9427259521931697 18.958633931141836 -0.010261859326501593 0.9997526943152103 -0.01972927907047461 -0.9709454620571045 -0.942927255603787 -0.003107415432434846 0.33298428582868767 87.80140624777056
0.297386840358685 0.02144412794313127 0.9545162212127339 19.89960019063661 -0.013588250435457411 0.9997415412149449 -0.01822663488606748 -0.9980252166813515 -0.9546603724003535 -0.007549844099406101 0.29760136629809586 88.08567018383161
0.2614011384873113 0.02108198756157564 0.9649999972010318 20.83539562451424 -0.01426363120834657 0.9997366515851711 -0.017977104939960898 -1.0224522869030725 -0.9651248590841964 -0.009065168378119338 0.26163300460757344 88.3428363295151
0.22588248525802357 0.020890852402966464 0.9739305289082669 21.794647352567946 -0.013638141081692822 0.9997398621666923 -0.018281386784345367 -1.041218239476054 -0.9740590864837179 -0.00915315687620753 0.22610863707011486 88.56012056143157
0.19036877574619326 0.01962176981593395 0.9815165385107815 22.748437879266802 -0.0114008277825966 0.9997769999534463 -0.01777558690896555 -1.065700032575455 -0.9816464487516712 -0.007806184303301926 0.1905500279188007 88.74404749356171
0.15628305555210653 0.018600665747588892 0.987537149570103 23.720146122761758 -0.0031801269418192213 0.9998269545563505 -0.018328877085283198 -1.0935706580087696 -0.9877071900821272 -0.00027600057966819516 0.15631516395970324 88.88076862491012
0.12309532799298473 0.022085192198334228 0.9921490737343167 24.69060976137615 -0.0008182316069950918 0.9997542581081291 -0.022152965754085326 -1.1190791741123738 -0.9923945136503614 0.0019151188545361742 0.12308314911650653 88.9886932130052
0.0902324279445399 0.027082540773946222 0.9955524320358327 25.66055919917167 -0.00024245096989158462 0.9996307569352844 -0.027171510935494466 -1.1470896116314822 -0.9959207047575428 0.0022103787499062715 0.09020567643458677 89.08437447118403
0.06140959657245315 0.030402866823856775 0.9976495011464194 26.656755339296854 0.006849676263190983 0.9994996015604299 -0.030880874593042642 -1.1867689994729436 -0.9980891460104644 0.00872995815755022 0.06117061751093733 89.13412784949365
0.03614591240290599 0.028937525719101024 0.9989274711518439 27.666259423432436 0.00784609279073244 0.9995416481949707 -0.02923922624832257 -1.215422841821377 -0.9993157218039155 0.008894556140569691 0.03590229834678549 89.16390367782844
0.013885950577992578 0.025704373267181994 0.9995731416817315 28.665461959866636 0.009889936257850097 0.9996170937041943 -0.025842893320906408 -1.258787280493935 -0.9998546742088877 0.01024456779573773 0.013626418946932617 89.17566888183623
-0.009155923033204116 0.02321432265629076 0.9996885836584412 29.90288021895724 0.0084009273398414 0.999696992598079 -0.023137575719747384 -1.3444241372838854 -0.9999227937662194 0.00818646529131859 -0.009348170558632907 89.13880820029009
-0.025684173062510807 0.02655238498002648 0.9993174140912223 30.91864075950883 0.010043304849170983 0.9996035935581814 -0.02630185874186094 -1.3769963948638195 -0.9996196553098592 0.00936090793901171 -0.025940665387683026 89.11108457734815
-0.040102982127253384 0.030828744121352662 0.9987198502885588 31.941498269178606 0.013147813331899842 0.9994536623512381 -0.030323453254647314 -1.4104351595346811 -0.9991090460150437 0.011914921258549201 -0.04048640293125416 89.0637021547562
-0.05187498185329087 0.035996717785868014 0.9980046205135354 32.95279290673928 0.017656170320355647 0.9992270162874216 -0.03512306323422558 -1.445797536512889 -0.9984974941918182 0.015798931292381448 -0.05247044751742913 89.00232313297195
-0.060615117195767176 0.03972696468671295 0.997370330340804 33.982009048730106 0.023428473472230368 0.9989890068414948 -0.038367575380845266 -1.4854080975235286 -0.997886223072603 0.021041209248151792 -0.06148457786527528 88.92743277274744
-0.06671800967062125 0.04476415865033596 0.9967672131876725 34.97277824414137 0.02701446228810083 0.998707919681627 -0.043043117829471775 -1.5415749775603362 -0.9974060988448367 0.024055379139073355 -0.06784108431916303 88.86949723969371
-0.0704954100771793 0.049240315768660545 0.9962960345505011 36.049780259020594 0.02830116255460802 0.9984775595670314 -0.04734561478239347 -1.6035342909829806 -0.9971105462064416 0.02485868749688411 -0.07178164319534819 88.80911973858167
-0.07311984316040387 0.05312375524182168 0.9959073024961735 37.074420343539174 0.030311753003857994 0.9982373952102529 -0.0510225482868365 -1.6638717962217275 -0.9968624208816536 0.02645693543962489 -0.07460123592215129 88.7226907530266
-0.07573699930800992 0.056234337936327046 0.9955408611265947 38.150007866182555 0.030496478730129156 0.9980720303490813 -0.05405725686644861 -1.7234484526336749 -0.9966613626106319 0.026266356270434527 -0.07730592996267038 88.63633436339272
-0.0784245272577837 0.05991050408958539 0.9951182467546887 39.16007574388205 0.031285309678707206 0.997848883681524 -0.05760932853144279 -1.7798143125943733 -0.9964290355678628 0.02661459816093586 -0.08013014565088095 88.57382639603408
-0.08013279576160626 0.06387353998328414 0.9947355959919364 40.16876190339293 0.03241192366176423 0.9975840441392106 -0.061445439891022795 -1.8393320348912734 -0.9962570964605337 0.02731749931566082 -0.0820094627659893 88.47758200820046
-0.08213207956890045 0.06532062912752477 0.9944785251155867 41.207918141467694 0.0348036281920493 0.9974291598469908 -0.06264007145267189 -1.9067209970587171 -0.9960135686677957 0.029466701500348 -0.08419432601031973 88.38066809760093
-0.08392197333529317 0.06413150885049491 0.9944064822616905 42.26843974306936 0.03484719440774884 0.9975053302205007 -0.0613904652498934 -1.9764300740000251 -0.9958628296273636 0.029500267019955985 -0.08594741888115309 88.28668553026698
-0.08612954882923973 0.06334644491179894 0.9942680366659227 43.307840425965566 0.03415225223529897 0.9975777686838295 -0.06059883740673999 -2.0597759133155007 -0.9956984104063482 0.028737142252291112 -0.08808434690365519 88.19187882853672
-0.08914599709901827 0.06487971630812717 0.9939032214521688 44.503886373822496 0.033923101969432184 0.9974950371975115 -0.06207152260986163 -2.144600256788188 -0.995440713630899 0.028182852554558695 -0.09112361092436272 88.01404040694375
-0.09156476461901919 0.0668823296946598 0.9935505260704552 45.53654782870377 0.03310978828141754 0.9973947299668996 -0.06408973829104828 -2.218226229719337 -0.9952485296649392 0.027027885763969417 -0.0935406734576274 87.92869708650367
-0.09416854493809823 0.06905562581427432 0.9931583990923302 46.583010275706904 0.03114928938659329 0.9973073785666152 -0.06639062002494318 -2.290022709801994 -0.9950688453142081 0.024684270294765637 -0.09606601836790829 87.83085276938118
-0.09667648505873205 0.07239128777396651 0.9926797865833249 47.64584916946613 0.02871647552832834 0.9971391999574019 -0.06991981079453467 -2.3703850290517483 -0.9949015133519095 0.02174666325529905 -0.09847873560998299 87.73318070845833
-0.09889319852734824 0.07648523810004793 0.9921542942697016 48.71649437444965 0.02556512296208319 0.9969079277186118 -0.07430348672650937 -2.4548208262628237 -0.9947696013514709 0.018016437066244912 -0.10054276812617591 87.63357116510655
-0.10107846802541398 0.0785817366344729 0.9917701618667231 49.79957544299023 0.02348314312858226 0.9967864107255439 -0.0765858562770562 -2.5508911871870317 -0.9946012694997117 0.015548699636874096 -0.10259898951336899 87.5135616310123
-0.10424924005464775 0.07699192800742317 0.9915666084382474 50.88895362251271 0.021534763536055775 0.9969400536690357 -0.075145082006917 -2.6400344150975985 -0.9943180325768386 0.013519334749901194 -0.10558824593886151 87.40911444027192
-0.10683456036944072 0.07275575851560355 0.9916113030383872 51.97411940692361 0.019314804557452922 0.9972828167817693 -0.07109093948406638 -2.727272581692184 -0.9940891886725136 0.011557809249116938 -0.10794953455103595 87.29260857980054
-0.10979386866336394 0.07149246451637051 0.9913799140194984 53.06948573635752 0.01829002112820461 0.9973863156487623 -0.0699000177662158 -2.8096820933132083 -0.9937860843919392 0.010457766203303602 -0.11081450083348865 87.19617134902538
-0.11231379474779946 0.07216293886283581 0.9910490006876693 54.14542631922514 0.01724580411461101 0.9973508435264805 -0.07066736982128449 -2.888223986101679 -0.9935231218999333 0.00915451646436595 -0.11326076583934097 87.09004651049793
-0.11372833509075142 0.0749753365904804 0.9906788403416266 55.19157283948258 0.019143578312723345 0.997128699701579 -0.07326581495365234 -2.9686261362900344 -0.9933274330284403 0.010632738809091926 -0.11483708311580898 86.97438169820168
-0.11408580841192095 0.07772919573688612 0.9904254643581696 56.273138747358765 0.02001375982162733 0.9969120537041836 -0.07593290852528445 -3.0550020965445404 -0.9932692876238554 0.01115927011071263 -0.11528917101703628 86.85013895181437
-0.11498572378702354 0.07832802470977074 0.9902742064045899 57.36098278644951 0.018440808374192375 0.9968829363741384 -0.07670950236171468 -3.1459724773910187 -0.9931959624926396 0.009440959227808313 -0.11607173806391557 86.7403179078807
-0.11425904683403987 0.0772799426443961 0.9904406497521475 58.46512761683563 0.01563705831655543 0.9969862069890323 -0.07598674542857468 -3.2367587076008206 -0.9933279179726008 0.006805405094571631 -0.11512312468708208 86.59917893605633
-0.11363871419971572 0.07646981754210451 0.9905748884562505 59.65870468059666 0.01338768921183674 0.9970608699223537 -0.07543468331773291 -3.329107235314761 -0.9934319364770811 0.004689208329412224 -0.11432846938816588 86.5018851123078
-0.11444515463732241 0.07752302729688731 0.990400164993305 60.74996805593504 0.009238119133672368 0.9969905036376607 -0.07697137657074603 -3.4186175957599074 -0.9933866134264704 0.00034043361993031987 -0.11481689932252559 86.4019287122678
-0.11477630988173271 0.07761279171015534 0.9903548117987253 61.851460575434736 0.005006706120622099 0.9969757820885033 -0.07755142050819466 -3.5105716112239524 -0.9933787452848759 -0.003942650374196882 -0.11481778574886659 86.28285157985648
-0.1156599882167888 0.0773602564654981 0.9902717595919237 62.96444316270121 0.0023445854468550865 0.9969809959308165 -0.07761054484977963 -3.5935528463917064 -0.9932860967741242 -0.00665465794685326 -0.11549218797319472 86.17597554210174
-0.11607147217486413 0.07254569315707789 0.9905879747662593 64.08620930935652 0.0030972318484808127 0.9973506452025702 -0.07267804117402808 -3.6745332456284188 -0.9932360346373046 -0.0053677666096866436 -0.11598864849452895 86.04957956448838
-0.11667915802175988 0.06411619765576018 0.9910979201277245 65.21507308470991 0.006080625540121482 0.9979414257550008 -0.06384306348474374 -3.751642578765438 -0.9931510459524143 -0.0014226595670397211 -0.11682883190112925 85.9194019810913
-0.1161379663633757 0.05887756140844818 0.9914864626063102 66.32116593837034 0.011900395448440439 0.9982523042917933 -0.05788538299342571 -3.8287855253345944 -0.9931617961627152 0.005076390323768854 -0.11663565880180293 85.77286769047011
-0.11568145583601508 0.060908603833300524 0.9914171386226579 67.43739243054657 0.019561451282596905 0.9980642658540884 -0.0590344886389146 -3.9115725494777163 -0.9930937268955932 0.012564362467614401 -0.11664898797848067 85.64327872585193
-0.11406901603443775 0.06693328603037231 0.9912155138021759 68.58359178783674 0.025422045937061 0.9975978019953837 -0.0644386920596084 -3.9769028466775205 -0.9931475112798245 0.017848268127620772 -0.11549658074391389 85.48843914301023
-0.11255223960580363 0.07296498565748868 0.9909632204212829 69.73202532524414 0.029216279097121926 0.9971120726994797 -0.07009938311188318 -4.049034241322444 -0.9932161911665742 0.021062415458583252 -0.11435896230559806 85.33965351647994
-0.1113717862873842 0.0777647515815111 0.9907315320663935 70.87597007802032 0.030399070082307307 0.9967337021782936 -0.07481860383677126 -4.125265799182447 -0.9933137579623512 0.021784635719208637 -0.11337198899769385 85.1984831088245
-0.1118695570556929 0.07410098495117139 0.9909562282126441 72.01844769116674 0.026489750960219792 0.9970838515822948 -0.0715687502188054 -4.234667538338089 -0.9933697676586646 0.018243819311824398 -0.11350624546115928 85.09475998969431
-0.1110849693454079 0.069250986942325 0.9913951938521006 73.23173735197592 0.02582269628741974 0.9974335588425614 -0.0667793684539647 -4.349020004939559 -0.993475373596134 0.018182312894036056 -0.1125881235115227 84.98710526445204
-0.1109264825406917 0.06724614587069495 0.9915509423810193 74.38246995506255 0.023242578325835764 0.9976108347564349 -0.06505693605862922 -4.427534905970022 -0.9935567915443574 0.01582966336048869 -0.11222443465652465 84.86201331611665
-0.11004244101331162 0.06819859152642795 0.9915843954448073 75.57158071496008 0.021429003661865644 0.9975740887284205 -0.06623243389549571 -4.5047082470114095 -0.9936958583882154 0.013960286940922488 -0.1112369156828592 84.7147713979193
-0.10990952261374298 0.07312160094111608 0.991248267748614 76.72897598045805 0.022532221676824716 0.9972172638821345 -0.07106354622262873 -4.591986111891923 -0.9936861656605299 0.014524465265111497 -0.11125126553723796 84.5989823383358
-0.10867687092420164 0.07631188180897958 0.9911437001872621 77.91434508293099 0.022082678438364773 0.9969883828920965 -0.07434056558293149 -4.66897178477071 -0.9938318233177648 0.01380800756715796 -0.11003474854750706 84.45711844737559
-0.10929324292418441 0.07517626091921978 0.9911627095716025 79.08064144176957 0.022804072247742672 0.9970631942862349 -0.07310923942053807 -4.763785743776138 -0.9937479365211458 0.014612200174347993 -0.11068659478920573 84.34504526848525
-0.10884270451353717 0.06880170277387661 0.9916751440716838 80.27285054485056 0.024213313034550578 0.9974894195765178 -0.06654752666172156 -4.843957850469379 -0.9937640470182398 0.016768527911442233 -0.11023536331692063 84.22042311013824
-0.1092561556198004 0.06758033868550671 0.9917136634544946 81.4731331558549 0.024060859200589427 0.9975736609742093 -0.0653289061981196 -4.9231135618079405 -0.9937223794972678 0.01672389768162624 -0.11061710415945236 84.09740715083674
-0.10948546555567873 0.0700318751714209 0.9915182647294156 82.6425797808733 0.021223326562078485 0.9974522256526089 -0.06810747352747852 -5.018397073464402 -0.9937617940138855 0.013586537477640742 -0.11069283065164148 83.98679640717702
-0.10916108967065741 0.07284476929970707 0.991351348457038 83.76230865434928 0.02047123941797886 0.9972644396469958 -0.07102510663318372 -5.11068662216805 -0.9938132545194831 0.012541012767547254 -0.11035369563434538 83.86073778882248
-0.11060997832897246 0.07214212265805885 0.9912421232133218 85.00109589684214 0.019083040373103037 0.997332340712457 -0.07045594182984231 -5.193397958216031 -0.9936806681546054 0.011122783257854004 -0.11169159963227338 83.78283411983563
-0.1107954502691948 0.0687123211384546 0.9914650700470554 86.18591608202628 0.018879113176611406 0.9975726097537209 -0.06702587078744414 -5.283008758006762 -0.9936639005646282 0.011291819734495575 -0.11182373416127978 83.65946391760664
-0.1094660720629288 0.06765013092614529 0.9916857561005851 87.39146033686134 0.019252214774106154 0.9976384343973331 -0.0659310733988895 -5.374424052122013 -0.9938040708778594 0.011874931533001237 -0.11050997560257247 83.51527335076022
-0.1077913598129796 0.06808507897116081 0.9918394248925374 88.61327117317634 0.020961189578794462 0.9975860791772562 -0.06620153444740558 -5.462450723979965 -0.9939525397528347 0.013654180797103286 -0.10895830425281683 83.3718824677799
-0.10729680140199438 0.06835017489376657 0.991874815690414 89.81471934500706 0.02316293061468758 0.9975351929133224 -0.06623456457711469 -5.547310288372653 -0.9939571796884614 0.015867970612914846 -0.10861552584408685 83.24990342311963
-0.10686101497487699 0.0678300815599429 0.9919575613473144 91.04527309948689 0.022837598648848354 0.997574490705617 -0.06575393206024306 -5.633200231187156 -0.9940116536371661 0.01562739674419366 -0.10815089876883288 83.13147770344128
-0.10605475398207909 0.06864534672939572 0.9919880067471594 92.26981062277844 0.024283636877946924 0.9974955259101426 -0.06643026997708265 -5.713820219530743 -0.9940637274027161 0.017043830603743804 -0.10745610127196237 83.01288174209137
-0.104879673077108 0.06683437032087786 0.9922365751770347 93.50708018661514 0.024182175279945158 0.9976155634257914 -0.06464062197543259 -5.804535486393369 -0.994190865263793 0.017214951479819243 -0.10624579460655625 82.88120929458806
-0.10386648490273842 0.06616269161676498 0.9923881556890803 94.75213899196214 0.021839564023399295 0.9976960665619616 -0.06423077307691118 -5.892098204681451 -0.9943514402650692 0.015001900040150616 -0.10507214777460439 82.75655947076586
-0.10242291686323157 0.06541582027967298 0.9925876870878287 95.9944169854972 0.022373940705651674 0.9977344207843488 -0.0634462950803281 -5.977376795241932 -0.9944892924906371 0.015709743449770542 -0.1036544793157288 82.62648849946318
-0.1006605932985809 0.06621128889117185 0.9927152210881766 97.23031804238116 0.020132978184939185 0.9977143849619661 -0.06450324975821393 -6.0638669309230195 -0.9947170995545328 0.013493378499676984 -0.10176355236764278 82.50328465276749
-0.09879648986357425 0.0691006443817568 0.9927055729352299 98.48061716519601 0.020745156030331932 0.9975123243677183 -0.06737062591210818 -6.148218787750691 -0.9948913971343375 0.013937850642693164 -0.09998421989268169 82.37926498699532
-0.09802036175543893 0.06812805947857782 0.9928497248793581 99.80852065196008 0.019467697879767466 0.9975943800990439 -0.06653165813405323 -6.225348967774887 -0.9949939785850946 0.012807041285472527 -0.09911085850156476 82.26714071985705
-0.09818505122813836 0.06672626041161914 0.9929286489405011 101.04765466780816 0.01531119909418062 0.9977327908620888 -0.06553506863386736 -6.31498179097573 -0.9950503820900862 0.00876836415918798 -0.09898410424075998 82.1742474344991
-0.09805777737706922 0.0679196404375477 0.9928603097811413 102.30602982252871 0.012554070012844988 0.9976733869101378 -0.0670090171347637 -6.401472937817163 -0.9951015363378665 0.005893682557510557 -0.09868230278996104 82.06145473033328
-0.0981458681323184 0.06703240263986053 0.9929119022173526 103.5207392636588 0.00947938621792033 0.9977466043836338 -0.06642179369649767 -6.492231696883355 -0.9951268913085836 0.0028931707962397218 -0.09856013269704311 81.94099686549355
-0.09952667306516805 0.06423525925247481 0.9929593510397831 104.7733707372905 0.006964285304665072 0.9979346262898157 -0.0638590665606788 -6.586375817059641 -0.99501052259701 0.0005595717767446643 -0.09976846596321054 81.83121915413074
-0.10066147449504714 0.06299636944303634 0.9929243299413502 106.03827601802112 0.00476508813838211 0.9980124835027427 -0.0628361099028341 -6.672955492420314 -0.9949093232488658 -0.0015938035274375862 -0.1007615914066442 81.70380586983534
-0.10238873895464518 0.062141064604659374 0.9928016086938403 107.31193487401212 0.0024467194916910203 0.9980595945397901 -0.06221783756125624 -6.758373530243345 -0.9947414536948818 -0.003941298881008557 -0.10234210504051622 81.58834644811763
-0.10332246599652462 0.06256799479980324 0.992678051559079 108.59770200826843 0.0030197427860234327 0.9980346731953023 -0.0625913113255552 -6.843567813170274 -0.9946433276174449 -0.0034694562510732127 -0.10330834283550683 81.43647488830183
-0.10513856674764299 0.061743403062299695 0.9925389835973889 109.88974716629848 0.0016631821152304472 0.998080230535732 -0.06191193131369386 -6.933700318514564 -0.9944561908940499 -0.004858558636712104 -0.10503941546139073 81.32371878134448
-0.10868953436809337 0.057220321960555674 0.9924275388528766 111.16512422520466 -0.0013009617958606918 0.9983329294358991 -0.05770328848810709 -7.01206783913169 -0.9940748928613242 -0.007562853870487757 -0.10843389979190499 81.20471744903895
-0.11318259902925853 0.057229540854818954 0.9919246336947827 112.42627921399537 -0.00160416380541975 0.9983279342937225 -0.057782023738480674 -7.0958208278618375 -0.9935729092197852 -0.008131129218968964 -0.11290154472883418 81.07811269229991
-0.11861854975666164 0.06327264415633982 0.990921900128911 113.69663187560975 -0.006172521349204865 0.9979013836469349 -0.06445718342998286 -7.174595001722161 -0.9929207116551754 -0.013762304203804048 -0.11797906318148987 80.93036810409673
-0.1250522820718014 0.06643959991779284 0.9899230810075088 114.95549150194806 -0.0052131070197314125 0.9976975331750693 -0.06761993649495952 -7.265574470899647 -0.9921364574814474 -0.013616602334839347 -0.12441799659622976 80.76425573774024
-0.13437596629388082 0.06309964935005716 0.9889193768626874 116.23714958569919 -0.0025507555322421705 0.9979452173395622 -0.06402215893976614 -7.34263882697639 -0.9909271382542719 -0.011125531043225455 -0.13393890110869822 80.60689857338265
-0.14534784038224013 0.060873587065512096 0.9875061578005457 117.48179028619141 -0.0005391013093199254 0.9981004005479593 -0.06160600454323766 -7.43552463727971 -0.9893804701256221 -0.009486665577569836 -0.14503892067380475 80.43285134610211
-0.15768079346748753 0.061421613416900174 0.9855780805074392 118.67487011854041 -0.0003875566087913017 0.9980597965523531 -0.0622614833243679 -7.533716104317284 -0.9874900592772256 -0.010199407391629571 -0.15735105629617174 80.23774779523963
