1.0 0.0 0.0 0.0 0.0 1.0 0.0 0.0 0.0 0.0 1.0 0.0
0.9999984739464208 0.000991079351277696 0.0014387030788338732 -0.0004778293105684432 -0.0009846494579864975 0.9999895556434746 -0.004463078467964971 -0.0035538903044547506 -0.0014431113174187156 0.004461655038861324 0.9999890054715801 0.9792152305961356
0.9999959507184276 -0.002172589702037915 0.001838042636796797 0.010024680399959471 0.002182888242178587 0.9999818270182912 -0.005619664766022657 0.008692475065121613 -0.0018258000082820125 0.0056236542520781635 0.999982520330822 1.9635728791049174
0.999992749893194 -0.003472959662923294 0.0015616376748960011 0.016926041356167522 0.003475779649767466 0.9999923273392799 -0.0018067148078080375 0.010587699845072705 -0.0015553510453300303 0.0018121296173834267 0.9999971485306224 2.952957328747257
0.9999814938830228 -0.006062399764881683 0.0005091174409215955 0.022194910739707575 0.006060225547208651 0.9999729473781769 0.004168714204516496 0.01478285866114714 -0.0005343760799733224 -0.004165551691281781 0.9999911812717712 3.9556080521927304
0.999951611629509 -0.009811149417051093 -0.0007181550417675205 0.017004475079482433 0.009813839305628166 0.9999444580174329 0.003843102692566618 0.02775951067436539 0.0006804098992708677 -0.003849964589266128 0.9999923573783104 4.942536841360331
0.9999206956370701 -0.012457948372621487 -0.0018444400296577872 0.016118534744457628 0.012460466952883283 0.9999214400026007 0.001360362613961565 0.02643639767318722 0.0018273478032410767 -0.001383237315307237 0.9999973737238191 5.906870455589526
0.9999137982337708 -0.012787071010633084 -0.0029810932026523816 0.01688968955464921 0.0127812165355604 0.9999163669997735 -0.001974717662178939 0.02963224217387828 0.003006094739856123 0.0019364454402928677 0.9999936067662992 6.882597648321379
0.9999134083000122 -0.012660754535239226 -0.003589038374223246 0.0005266323268807531 0.012650979527952804 0.9999162373402247 -0.002733316730765941 0.034523909073560066 0.0036233435990182757 0.002687675197226284 0.9999898238398217 7.837102154262035
0.9999215193912517 -0.011889127016460232 -0.003950154057396254 -0.019958217192850288 0.011885790805562561 0.9999289856372258 -0.000866982949720218 0.0323641300925183 0.003960181210133338 0.0008199642035945935 0.9999918222783063 8.758752026317808
0.9999226447828199 -0.011462793134329756 -0.004827921301156936 -0.018286185913671992 0.011472492919225126 0.9999322161181707 0.001986221342704531 0.019850414609904114 0.0048048264015395645 -0.002041455991063297 0.9999863729574957 9.794478132068637
0.9999177605819073 -0.011536077132831987 -0.005602766927955712 -0.02987516869438136 0.011555673318209997 0.9999271826511512 0.0034779030311525463 0.02211442945791628 0.005562237591693914 -0.0035423607547286086 0.9999782563602355 10.75898061051282
0.999902798139763 -0.012544444446981684 -0.006085325446429332 -0.03671342262042014 0.012572224163445318 0.9999106213369973 0.004548463151901614 0.015813694267392018 0.00602772360484882 -0.004624527108442056 0.9999711397321259 11.710247951651535
0.9999014816387523 -0.012336951006950333 -0.006695271202872323 -0.052626563794423854 0.01236741697036165 0.9999132674166321 0.004528205127409798 0.01957131828677419 0.0066388262598982735 -0.00461056222675683 0.9999673338173823 12.673253906234144
0.9998926847690827 -0.01281104508762239 -0.007106058614935545 -0.0694443411268094 0.012834735038965319 0.9999121917313243 0.0032982424924369665 0.02071530956870507 0.0070631807109509375 -0.0033890929202763237 0.9999693122928434 13.610049226379768
0.9998748254649662 -0.013156258174452803 -0.008788985848800723 -0.08234929866954827 0.013167216508032084 0.9999126001871227 0.0011901245556379442 0.024837770979276863 0.008772560107168427 -0.001305702061907249 0.9999606678921384 14.571139153431654
0.9998375396363157 -0.014441510817993193 -0.010785967703115636 -0.08182008888249688 0.014438930559161076 0.9998957029394968 -0.0003170606206656366 0.029779971806778424 0.01078942159277282 0.00016127127220325253 0.9999417794918213 15.520288564324531
0.9998199607569571 -0.014102586478818754 -0.012695004000167669 -0.09388623848671751 0.014090334856326967 0.9999001707866163 -0.001054004047459048 0.033903937477966925 0.012708600851132746 0.0008749374280034067 0.9999188596825763 16.45538620853218
0.9998259214800567 -0.012304700148587897 -0.014025729599880616 -0.12416779655833438 0.012280492201481153 0.9999229523050219 -0.00181079123539681 0.0327088326243324 0.014046930192927808 0.0016382331525672084 0.9998999949716436 17.364756739606094
0.9998233246186508 -0.011536507131888635 -0.014840099450607998 -0.16142585086115258 0.011515870696424962 0.999932601847841 -0.001475291127282663 0.022467440772767935 0.01485611896193868 0.0013041338132648605 0.9998887912985053 18.270404070065716
0.9998027934848016 -0.011440855373393307 -0.01623209685506803 -0.18415608334837852 0.011426776135311893 0.9999342515716224 -0.0009598547040489866 0.028437187616176213 0.016242011179059032 0.0007741848774781418 0.9998677901155907 19.17135693121739
0.999785140310067 -0.010712562985558864 -0.01774582231005372 -0.20181965014440764 0.010721212477570154 0.9999424491788701 0.0003923431834958878 0.028460536761063863 0.017740598022342995 -0.0005825156163364253 0.9998424535182362 20.07053764186806
0.9997701364110866 -0.010360191754714244 -0.018770742323170345 -0.23361306321962025 0.010384341423409788 0.9999453737270294 0.0011895440780046523 0.023743096874369235 0.018757393042727524 -0.0013841924421883606 0.9998231064631001 20.981886584591386
0.9997256971290449 -0.01147218897274274 -0.020418603772514046 -0.2562986301019915 0.01149684262378368 0.9999333145623657 0.0010904301926146953 0.026350351321969948 0.020404732527754335 -0.0013248805586522747 0.9997909239345875 21.880421459238715
0.9997007220362745 -0.011657238301805936 -0.02150756042247415 -0.28381950364188985 0.011672081424594676 0.9999317194685061 0.00056472645971763 0.031142944449434627 0.021499508723901103 -0.000815595446028212 0.9997685261742837 22.775982505165555
0.9996688751642582 -0.012144965135563185 -0.022685674988474708 -0.2833641808180115 0.012172257848118177 0.9999253477675671 0.0010653782374514345 0.026960966072947044 0.022671042470642538 -0.0013411613496758748 0.99974207929822 23.748659919995802
0.9996337456986827 -0.012294359079722959 -0.024108570991253995 -0.30303788475308524 0.012374584811212624 0.999918371097568 0.0031813192760844033 0.02765671937099798 0.02406749075353735 -0.0034784876606240864 0.9997042842823188 24.64188079870886
0.9996072738906154 -0.013392311820044245 -0.024615929173746574 -0.33220421165301633 0.013549088980274711 0.9998889029362874 0.00621320953068815 0.028233755942075348 0.024529985176856568 -0.006544292855789603 0.9996776740821217 25.51766397606132
0.9995832045818148 -0.013487649013106362 -0.02552450669550656 -0.3539502294567707 0.013685662180376285 0.999877471136572 0.0075990370586221205 0.03391231509753997 0.025418886062027315 -0.007945189590748924 0.9996453141958566 26.367219700262847
0.9995687473742366 -0.012829449792909505 -0.0264144750224322 -0.3796465681076196 0.012999568275332524 0.9998957889576141 0.006278729926140948 0.044188502055870126 0.026331169692105375 -0.006619398978885013 0.9996313585816543 27.214402486405938
0.9995706213904313 -0.01095016393068931 -0.02717842458712543 -0.40464201695600227 0.011050529880087584 0.9999326556791176 0.003545404896002474 0.051128266492692045 0.02713777150976706 -0.003844218567971607 0.9996243110994677 28.021109832997627
0.9995617562095099 -0.010422369803349794 -0.027706853503105366 -0.44020987569869535 0.010481753157549217 0.9999430670085437 0.0019988977690822175 0.048966750685473154 0.027684442817303128 -0.002288438163739021 0.999614092876179 28.81051576367113
0.999536671137879 -0.009528239302389064 -0.02890771015497117 -0.4668918344328828 0.009575450663127344 0.9999530364864693 0.0014951809549054267 0.0558307152533618 0.02889210610539545 -0.0017712925467878373 0.9995809665692461 29.617103916688322
0.9995110649668416 -0.00975777319867597 -0.029705502369987858 -0.4980879897908934 0.009797626808603662 0.999951286426585 0.0011963622933419456 0.051697678661545426 0.029692381476895454 -0.0014868207762876139 0.999557978231483 30.420433443497974
0.9994413660518128 -0.009961665163460545 -0.03190174057410492 -0.5218212557814842 0.009995341549849717 0.9999496436077745 0.0008963235948668494 0.04222040779101012 0.03189120524201372 -0.001214691671151073 0.9994906080360915 31.21455076193069
0.9993937408122933 -0.009757547714909253 -0.03342066857203952 -0.5669311152435123 0.009789632234322726 0.999951763167119 0.0007965172231134559 0.04449385336781788 0.03341128441002456 -0.0011232103815742313 0.9994410560270731 32.02076037034158
0.9993239834608664 -0.009872683041106936 -0.03541336201881952 -0.5969415100745489 0.009925821558197321 0.9999498599333828 0.0013250228688535817 0.06512588195741482 0.03539850485968235 -0.0016756338436541513 0.9993718717799301 32.80808524160442
0.9991884870302131 -0.011720340995796556 -0.038535710622952225 -0.6090397780816875 0.01188326433350657 0.9999213848540581 0.004001517252571372 0.0579537725411099 0.038485781985736926 -0.004456200005034143 0.9992492115916136 33.68544556653825
0.9991240329879812 -0.010885425409639658 -0.040406363601325476 -0.6440621441507631 0.011115179761765865 0.999923285991342 0.005465794648596383 0.06092151622477067 0.04034376636724662 -0.005910130787737749 0.9991683796384756 34.439193035459986
0.9990617786799397 -0.010201266405678937 -0.04208914996285336 -0.6832887385727421 0.010460005133798498 0.9999276986784361 0.005931754230203998 0.06168015979128636 0.04202559545653222 -0.006366441656608524 0.9990962504919918 35.188455826997384
0.9989990249070304 -0.007859102802159564 -0.044036152624265315 -0.7245014881646691 0.008080877519342262 0.9999555367465461 0.004860447350215836 0.07157903628943686 0.043995995878260225 -0.00521143291925733 0.9990181146073419 35.94632233194706
0.9989155741515381 -0.006291156795581235 -0.046131302427705925 -0.749839852005959 0.0064890782140991955 0.9999703678544597 0.00414189291843902 0.07362515707709819 0.046103878160458016 -0.0044367509722683515 0.998926797948366 36.640709534559946
0.9988616648653783 -0.005569132199214533 -0.04737466864171613 -0.8091229954920475 0.005830653392828991 0.9999685081846368 0.005383875927692635 0.07994439186669168 0.04734319321061288 -0.00565397254501367 0.9988626805778074 37.424748829106
0.9988146791222456 -0.004704198080501156 -0.04844695336494279 -0.8473838359710927 0.005049709441264675 0.9999626666900588 0.00701182292026177 0.09177998844562367 0.0484121596758948 -0.007248154697970727 0.9988011448977169 38.14147118067162
0.9988186607493189 -0.0017872090497838423 -0.04856015674140084 -0.8841387536111238 0.0021414054117436542 0.999971476797497 0.007242925810432508 0.10176618870369396 0.048545827027661206 -0.007338356440324029 0.9987939983815257 38.83319684414711
0.9988871735911931 0.001510925984411941 -0.04713949021433413 -0.9340811312664435 -0.0012734983133680447 0.9999863551555407 0.005066330504692544 0.10656016286883889 0.04714650185372742 -0.0050006604970301936 0.9988754680927697 39.53474878421003
0.9989655850531491 0.0033309123029686342 -0.04535046750199364 -0.9719018050819574 -0.003241429619014193 0.9999926523929537 0.002046532220703712 0.10850354583241631 0.04535695110393143 -0.0018974149085883014 0.9989690419643745 40.22181211506501
0.9990717487993963 0.0036605861180372566 -0.042921333392480346 -1.0123244612241364 -0.003657396952601532 0.9999933000229754 0.0001528289590910603 0.11273874686512271 0.04292160526409883 4.293258524955014e-06 0.9990784432581462 40.8833656941717
0.9991829766790143 0.004741036378564489 -0.04013603977625727 -1.0342297818762045 -0.004709429558600808 0.9999885216059448 0.0008820031686024712 0.11999567392794847 0.04013976068808526 -0.000692264699357056 0.9991938352399344 41.54694293085517
0.999254366555695 0.009253322401343227 -0.03748448937778796 -1.0572232107479624 -0.009131613514620586 0.9999524683450587 0.0034168238532298746 0.12503568210860805 0.037514324650675744 -0.003071982285300747 0.9992913681058405 42.217615237248964
0.9993307729499138 0.013539616092372966 -0.03398065672407041 -1.0821717643959208 -0.013310865140361307 0.9998872595953393 0.006949026416525025 0.12218716033795994 0.03407091288097622 -0.00649206400104031 0.9993983319980394 42.85084990078627
0.999380721372825 0.018556846839270138 -0.029896775473548656 -1.1070278976413686 -0.018325925511435682 0.9998002236233121 0.007979554932727053 0.12382390308956363 0.030038878182802056 -0.007426727284542477 0.999521140106281 43.503591965098124
0.9994508778029477 0.022077373603823416 -0.024708954524108914 -1.1204149349880377 -0.021881849634321406 0.9997272972920068 0.008155716142704982 0.13312888287377242 0.024882273117587738 -0.007610560030420328 0.9996614186115843 44.10821751055613
0.9994884953074524 0.025770342726532593 -0.018937718547958542 -1.1372047973635704 -0.02558123441907432 0.9996211039839287 0.010161147353922208 0.1386847097747366 0.019192399371652614 -0.00967149966183123 0.9997690302768186 44.68734181061302
0.9994604179130644 0.030395331102693355 -0.012449773981893399 -1.1498450706295327 -0.03025663840370701 0.9994796244847158 0.011181058643917899 0.14702697215458524 0.012783147403902916 -0.010798337235382637 0.999859983725422 45.256323250302444
0.9994104531012167 0.03388533914921237 -0.005525397973330295 -1.157927434948726 -0.03382363607566367 0.9993683503052725 0.010902387387136883 0.14464243599937493 0.005891338951536422 -0.010709070868240328 0.9999253011732911 45.779678844197804
0.999315957643077 0.036960273934358225 0.0012469765824436058 -1.1512326644700166 -0.03697177678401604 0.9992557288525655 0.011003457491217929 0.14509778160258 -0.0008393576906512859 -0.011042033600082332 0.9999386826064095 46.30474293394904
0.9990621583089705 0.04241262371698245 0.008716259774885089 -1.1564719717951613 -0.042514565391850744 0.9990254106049121 0.011863418361874625 0.10751447296147247 -0.008204606301564325 -0.012222860349708445 0.9998916371889045 46.95594863670857
0.9987915969993194 0.04637687812720947 0.016264407112557076 -1.1495584648420385 -0.04652507283636043 0.9988778775826243 0.008854562304449946 0.11782018815776579 -0.015835509499867492 -0.009600565150343472 0.9998285181908314 47.449912038566445
0.998527480965543 0.04860471315022095 0.024092563503949428 -1.137673427706003 -0.048756228344749616 0.9987942055844731 0.0057415231843154675 0.12333526510253676 -0.02378444773800164 -0.006907731209748726 0.9996932445982278 47.91364623895134
0.9982841312529968 0.0489502317660541 0.032135153624951146 -1.124938678019261 -0.049156321671084656 0.9987750919414484 0.005654357356942272 0.1216096426597975 -0.03181900891320274 -0.007224301170406928 0.9994675383144671 48.3453937232342
0.9980376843886877 0.048394701800615995 0.03973327796313556 -1.097273882404972 -0.04871172574614327 0.9987880033551905 0.0070492644002446096 0.1228973653309263 -0.039343974314993424 -0.008970908057799279 0.9991854555054931 48.76263258773537
0.9976101010923248 0.05001900047409055 0.047667450006628365 -1.074814194619444 -0.05043802450483589 0.9986980626824031 0.007627927534019449 0.12641859718410914 -0.04722384866368961 -0.010013949569855431 0.9988341348449208 49.15096781674289
0.9969590356712407 0.05313252211502925 0.057005405771433384 -1.0883993746876535 -0.05367798508564279 0.9985256118923912 0.008079375722870168 0.12081313678527547 -0.05649208006982354 -0.011114741950298292 0.9983411778549269 49.46307779428136
0.9962784545810819 0.057500451988448914 0.064210115703487 -1.00997069281272 -0.058065793684323116 0.9982884135935014 0.006971864082143495 0.13456992666340614 -0.06369932920636394 -0.010674329304192466 0.9979120473030502 49.87520506073778
0.9954326516017658 0.06111517767226255 0.07334010623911956 -0.9972344270356546 -0.06179994080819935 0.9980632888092462 0.007102031214681396 0.13083203358419812 -0.07276402573511596 -0.011602007988233451 0.9972817004083954 50.17414185965323
0.994826250175353 0.06026610671383395 0.08178464613607302 -0.9463542505951715 -0.06109362000803762 0.9981027124924127 0.007651464539663815 0.13160781514044814 -0.08116835317018209 -0.012608397869872504 0.9966206533816142 50.476473635092056
0.9939789792034729 0.05911777679091783 0.09225441652799714 -0.9002029148662183 -0.05992734972049112 0.9981845423090128 0.006027623978369035 0.12755276649384534 -0.09173059280905105 -0.01151989421157477 0.9957172241054456 50.76073893803246
0.9929188411191918 0.05786009098068106 0.10375155334850823 -0.8454579351506413 -0.05834936794181885 0.9982948031880611 0.001684395589131709 0.12255227986195934 -0.10347717724847003 -0.007726305677214289 0.9946018188145802 51.03099993905905
0.9914116932008185 0.05861043882707566 0.11690881508758832 -0.8028301303830444 -0.05873023918222582 0.9982709495934285 -0.002422850270448873 0.12759265135108017 -0.11684867817089264 -0.004464040583606894 0.9931396975004992 51.310788057234575
0.9892854861138597 0.06030097627346178 0.1329587124822277 -0.7813676270247845 -0.06018100121130257 0.9981753334598205 -0.004924506633295738 0.13681951044066543 -0.1330130597259889 -0.003129845498355275 0.9911093431148185 51.611789987627624
0.9869333459181834 0.06223536910441091 0.1486247945235825 -0.7123320995412284 -0.062002445937474414 0.9980567120919045 -0.006204526256520584 0.1328756573105757 -0.14872211473923422 -0.0030916469292315858 0.9888741953892594 51.86573382802597
0.9841920346591406 0.06216273814272033 0.16583676582742576 -0.6699976410918631 -0.061744480781933765 0.9980624300978197 -0.007681453000837609 0.14071702187546495 -0.1659929456527303 -0.002679480142536609 0.9861232997854251 52.16604019116329
0.98106961694601 0.0613127208792163 0.18369310537904368 -0.5979724029796015 -0.06077112515930119 0.998114833936751 -0.008581877550073419 0.132769034815124 -0.18387299163357754 -0.0027438173771624744 0.9829461808328669 52.41383370875214
0.9773606572835674 0.060539623810383136 0.2027340611321403 -0.5269316824093148 -0.05993809648406204 0.9981605146227935 -0.009111072265501868 0.13350166277839035 -0.20291271567868874 -0.003246690138774969 0.979191446459293 52.680529066410635
0.972931479842843 0.06100203357851786 0.2228970332465215 -0.44891762573539806 -0.060296477147587825 0.9981306581965239 -0.009976172200014684 0.12673946520224127 -0.22308892929593335 -0.003733773889686688 0.9747909460792784 52.93160114905894
0.9677173530754973 0.06329723879277664 0.24396021011173802 -0.37258336072239395 -0.06220168723728008 0.997989033885345 -0.012199932353555999 0.12517886110151588 -0.24424183642731795 -0.0033686504428281265 0.9697085013202706 53.182842306239856
0.9615930665140237 0.06457680927591532 0.26677445555356033 -0.28916978627710416 -0.06304457407273896 0.9979080636759573 -0.014313564562623799 0.11930127230266518 -0.26714070470848017 -0.0030548574833411603 0.963652692485012 53.43022012670588
0.9544224764964779 0.06569727635581682 0.2911384623126209 -0.1936199948000286 -0.06408127538044882 0.9978305431718426 -0.015092953952117233 0.1101468009871813 -0.2914984159544354 -0.004251469488668442 0.9565618633957983 53.67002621484294
0.9460783015997869 0.0685037691877838 0.31661187730268336 -0.09629487905357839 -0.06691131659992797 0.9976320242080036 -0.01591288740316132 0.1039782502623491 -0.3169522408075494 -0.006130080073565886 0.9484216884726777 53.91291612241997
0.936265282699611 0.07054980283240996 0.344136667229352 0.010078052701596379 -0.06890069205814715 0.99747806238397 -0.017035542158360797 0.09959520031441768 -0.3444706301636266 -0.007761467839847829 0.9387650103043067 54.1641804682001
0.9252495570607853 0.071357175962649 0.37258745362324847 0.13538271244142774 -0.06953587778660958 0.9974107957471336 -0.01834301576936977 0.0918691844128125 -0.37293165440770304 -0.008936328424201886 0.927815780839617 54.4149342450764
0.9126313722461868 0.06969608530418757 0.4027982548191008 0.27119972508510465 -0.06715755344823734 0.997532948147841 -0.02044212254937926 0.08733825201333226 -0.4032292665555031 -0.008394822973005773 0.9150604819028975 54.658642411494924
0.897814021176548 0.06691994806761031 0.4352605012282017 0.4062796583745056 -0.06331076002019863 0.9977332260517304 -0.022806957229570785 0.07346589249926044 -0.43580010445668993 -0.007080267158447559 0.9000156325156264 54.879948405574474
0.8805937442293253 0.06610540685568868 0.469238460495963 0.5704761976472482 -0.06043179450364762 0.9978027650636117 -0.0271595332154292 0.06806398450784838 -0.4700028253502807 -0.004440407172204478 0.8826537412524226 55.11499345369351
0.8611929316573707 0.06813949754347387 0.5036901263057537 0.7417509267189731 -0.06000049817274047 0.997673065941169 -0.032378908483314754 0.06070723429278075 -0.5047243551508152 -0.002337171382424252 0.8632773962913213 55.347746174067716
0.8395773840570718 0.06970176552180593 0.5387499234923632 0.9239465776313508 -0.059298215888214385 0.997567183559403 -0.03665291090534552 0.04713631529015681 -0.5399940164227366 -0.0011739542170222314 0.8416680367336861 55.58766669880568
0.8153299490795585 0.07250523070604882 0.5744389137708095 1.1386486151161526 -0.060290159777426064 0.9973664724844483 -0.04031397025772416 0.03880719138904524 -0.5758490867996034 -0.0017638265761880903 0.8175541071683708 55.83093169667741
0.7866692499552823 0.07762353799142079 0.6124753689124879 1.32223800130782 -0.06392456167860666 0.996973280540417 -0.04424848362008671 0.024166740527672998 -0.6140563016442316 -0.004343298075601478 0.7892502734702314 56.194618768090486
0.7565956211033724 0.08190684326577105 0.648732868870877 1.5583858369105092 -0.06735195512343342 0.9966084962506885 -0.04727810637062855 0.011564621505395079 -0.6504050893622013 -0.00792301881721052 0.759546210249626 56.44372171114306
0.7238136769140102 0.08297506784631255 0.6849882475109487 1.8258402599764612 -0.06703231600472143 0.9965033004458485 -0.04987825990924505 -0.0036016737458831136 -0.6867317014113037 -0.009813781963690904 0.7268447289210436 56.67905122967035
0.6874636164898498 0.08071501617394562 0.7217193790987856 2.122137349378228 -0.06340807770065389 0.9966802589198747 -0.05106737864546708 -0.01858910542797974 -0.7234453619209986 -0.010655873659694132 0.690299399298264 56.915183478424716
0.6483337269080713 0.07938565978132332 0.7572062437503896 2.438260608046389 -0.06050322431316715 0.9967759305274404 -0.052698236866766626 -0.037212731557367755 -0.7589484425184632 -0.011647374907645393 0.6510465423121146 57.146840598323024
0.6065742928011183 0.07882710432969513 0.7911092939258259 2.7894906670312554 -0.058188006496264565 0.9968054974035093 -0.05470791758176391 -0.05637502734354802 -0.7928945599591499 -0.012848656316430911 0.6092233817066186 57.36367338424941
0.560794495553266 0.07877031511033329 0.8241994729521348 3.166740148205297 -0.05465229147006157 0.9968147626511575 -0.05808146001770205 -0.07216829194873282 -0.826149296915654 -0.012472626753626787 0.563313210201603 57.581645032584014
0.5134506250122977 0.0776802114941498 0.8545959515564681 3.586955755788552 -0.05178957912908299 0.9968840576137148 -0.05949802659961272 -0.09920568242061689 -0.856554899097608 -0.01370986571195821 0.5158737679064974 57.7782679723604
0.46479076782347106 0.07554369392504935 0.8821919816311112 4.0178027081675545 -0.049749326546981575 0.9970077947403866 -0.05916470007557747 -0.1247194543226587 -0.8840218021373626 -0.016389250595121883 0.46715826634101243 57.97686700449922
0.4153953373416076 0.0735001769145327 0.9066666629519279 4.450528984123325 -0.04930769266445697 0.9970842136571691 -0.05823935370324842 -0.14085556711482639 -0.9083036194791694 -0.020513285187824356 0.41780825742419625 58.13774719317689
0.36534111174535155 0.07343269013597951 0.9279727970625344 4.949574613491777 -0.052410966713131314 0.9969249981964731 -0.058254944332281546 -0.1653192579489764 -0.9293970963139844 -0.027353025250516562 0.3680663654462045 58.31941870494976
0.31586907643045903 0.07379732952825387 0.9459284754723621 5.45129930094305 -0.050521356057952146 0.9968644268141141 -0.06090079748766221 -0.1918237897677133 -0.9474567637296356 -0.02855291065838878 0.31860698698537615 58.46495291134041
0.26949086296971614 0.07043276250945342 0.9604238130852051 5.954730758273336 -0.03879948031845389 0.9973061056203069 -0.06225055838685481 -0.21320206922087434 -0.9622210115679536 -0.020487988133153622 0.27149763763134327 58.54774573418075
0.22525102349745707 0.06462824223738232 0.9721549088075699 6.526133870849515 -0.025613084745025872 0.9978454926512083 -0.06040151227834954 -0.23924570792903624 -0.9739640374794095 -0.011294383603088709 0.2264210471573571 58.647837375643675
0.1837629488236363 0.06346234605590426 0.9809198281575934 7.05918316039004 -0.01712259420268783 0.9979689641067578 -0.061357668204184146 -0.2721713629132952 -0.9828214463509697 -0.0055206261207695895 0.18447635967739318 58.69315931619133
0.14533948189359813 0.06530599588621072 0.9872241700364771 7.601589104304078 -0.012949204252484931 0.9978592618484087 -0.06410313293885482 -0.2823521420446333 -0.989297100527505 -0.0034670512917026296 0.14587400879941848 58.74235435220328
0.11298418817026368 0.06594232508051487 0.9914061644888448 8.156204240587506 -0.004187200048649274 0.9978180007681801 -0.06589161326561097 -0.31567914150680465 -0.9935879631815491 0.003293494491865151 0.11301377046525352 58.77713119829555
0.08436870258542417 0.06410081537552077 0.9943706590061102 8.722486858039783 0.002716113581584985 0.9979101671806748 -0.06455943745456191 -0.3518857792763101 -0.9964309031493677 0.008147619629742342 0.08401828100660513 58.79485341548424
0.05964395040978332 0.06221503179414966 0.9962790216592782 9.300403287386432 0.009475870368969816 0.9979755877457196 -0.06288826714368871 -0.39008409190412735 -0.9981747377389723 0.013191515547442776 0.05893366488939744 58.80052695747333
0.039730220990319864 0.061269902519931724 0.9973301903508479 9.927511785555724 0.013676204718476541 0.9979914221148578 -0.06185533776208809 -0.41636508745446577 -0.9991168455013452 0.01609721809387402 0.03881248001712323 58.81259603128206
0.02421203489228141 0.06331033292678923 0.9977001448887707 10.578332062893285 0.0170811918979229 0.9978208253308695 -0.06373251461670794 -0.44353740402355 -0.9995609087242865 0.018585001499103138 0.023077856693312193 58.79554067907511
0.011082939552916615 0.06300371619267024 0.9979517524393552 11.237981346155875 0.01789554456834496 0.9978407111458387 -0.06319544813172182 -0.4777389983914996 -0.9997784344220819 0.018559281394499794 0.009931522473971333 58.784590683249235
-0.00036715776390994215 0.06382134657071913 0.9979612722531256 11.920332795839794 0.018265089726321862 0.9977952869172867 -0.06380401165239441 -0.5165853742683397 -0.9998331119204176 0.018204426042850896 -0.0015320509079532751 58.75160636846759
-0.009184387451540932 0.06665200674933512 0.9977340111589997 12.588892013650515 0.023368510347986288 0.997517904552881 -0.06642245720044805 -0.559312081297116 -0.9996847301780979 0.02270550798189465 -0.01071914903469895 58.74308079182777
-0.014998172150395783 0.0688155601971585 0.9975166532479036 13.27481133182419 0.028045427898412873 0.9972653118691589 -0.06837654361331995 -0.5879268141166487 -0.9994941264490463 0.026950258203968586 -0.01688711865882997 58.688752457213816
-0.019235727576577766 0.06807897724822616 0.9974944810080082 13.941994210769597 0.02814142902155447 0.9973206659897101 -0.06752443381817998 -0.6208659492474187 -0.9994188545135743 0.026772038522990024 -0.021100028343560062 58.66146177838073
-0.02264912270981556 0.0650939724605077 0.9976220687162982 14.628035161356081 0.025656685933432618 0.997587237227829 -0.06450921319517255 -0.661829542875541 -0.999414204275379 0.024134599011744293 -0.02426457135729776 58.63477994875658
-0.02523219665298293 0.05808616077468578 0.9979926523670015 15.334923422334487 0.02378043647363582 0.9980628761491422 -0.057489008462708886 -0.7051060298628905 -0.9993987327854628 0.02228212690385273 -0.02656463301933676 58.62446666764235
-0.026349510279484845 0.05266481659896447 0.9982645543144508 16.050955804272494 0.024854787749857967 0.9983370822059574 -0.05201259288292567 -0.7350086960725326 -0.9993437560889352 0.023441147264860927 -0.027614666048429326 58.604225405946956
-0.02684959364692019 0.0499142581587129 0.9983925411146964 16.768898993124562 0.027557715498554302 0.9984099796970303 -0.049174025235650454 -0.7738667603080078 -0.9992595616943059 0.026193115008356877 -0.028182425173554293 58.57876170566608
-0.026488321243179902 0.0520720402947713 0.9982919770574428 17.52281809000724 0.030813051562691644 0.9982103849682643 -0.051250201901109176 -0.8196093766902092 -0.9991741213077494 0.02940289035195797 -0.028045415807895102 58.56191943647528
-0.025609224166086575 0.059392255093485516 0.9979061717779493 18.269172733115298 0.031901247505032884 0.9977737069424555 -0.0585656908260603 -0.8587901684400611 -0.9991628886449068 0.030334629867881924 -0.027446897557735994 58.5375415622151
-0.022644760440744927 0.06710821494623051 0.9974886978363774 18.987856107154677 0.03272552687602216 0.997259612107909 -0.06634987527546271 -0.9005028222071412 -0.9992078135779704 0.03114086615868656 -0.024778856705238494 58.494097450054355
-0.020659760975298536 0.06789244366904991 0.9974787167499307 19.77031565728354 0.03337425260079042 0.9971824648053927 -0.06718103265044684 -0.9379313750371606 -0.9992293698344651 0.031902162580092513 -0.022867410936334265 58.481283839722835
-0.018878205197139453 0.06377612130643348 0.9977856582050285 20.557819379655083 0.03230943898294122 0.9974812094377975 -0.06314536381331906 -0.9756619913600996 -0.9992996114885377 0.031045823706513355 -0.02089122565197643 58.499608668969245
-0.016393393211554308 0.05665658977553129 0.998259128430098 21.239299441917584 0.03207752872042172 0.997909166984534 -0.056109950983972715 -1.0348810558383137 -0.9993509337616102 0.031101853373078334 -0.0181765207495177 58.51370510117662
-0.013194239966322296 0.0549322389888373 0.9984029052198238 22.001423579208907 0.030099563385149002 0.9980591521277523 -0.054515549507048976 -1.0760342213312684 -0.999459818259711 0.02933220028748907 -0.014822068363090413 58.4977486927449
-0.009523334477689271 0.06002356407081036 0.9981515305086016 22.758631409270315 0.03766931046353637 0.9975098065512876 -0.059625572393180656 -1.1202284234905218 -0.9992448794713077 0.03703184562305858 -0.01176066580267432 58.474685018342164
-0.006050710401127812 0.06571290256809773 0.9978202259624314 23.508423836246752 0.039419934972491855 0.9970785503882051 -0.06542501878119711 -1.1604434615074783 -0.9992044123353371 0.0389381405800428 -0.008623431901663592 58.472714421057354
-0.003240349107329177 0.0661918615535632 0.9978016524348597 24.26233751950255 0.033700066793583915 0.9972473502763298 -0.06604564985634687 -1.1992222950674774 -0.9994267385035137 0.033411971371248204 -0.0054620997168008945 58.47171091034602
-9.479317005944843e-05 0.06257993040037113 0.9980399507661705 25.02612236906328 0.028639983765835157 0.9976307206996485 -0.06255155031006458 -1.2421806347070268 -0.9995897870347356 0.02857791852785202 -0.0018868567692975624 58.483812412579994
0.004824836076976591 0.057945416204680425 0.9983080935751734 25.796378113387878 0.032324412725073234 0.9977889717806051 -0.05807150880579824 -1.306740693567465 -0.9994657839560142 0.03254990835423562 0.00294111667933028 58.49416297417752
0.0037716698847884977 0.06010160766629036 0.9981851387704628 27.122366617564275 0.035672322072816454 0.9975488339505573 -0.0601980840377569 -1.395177664474578 -0.9993564228763498 0.035834629059206105 0.0016184609898511892 58.48383456855763
0.006881080487523783 0.0648098112583295 0.9978739094174094 27.883060491914616 0.035190786766246505 0.9972637254836655 -0.06501284766269579 -1.4309074105891504 -0.9993569228549413 0.035563326603398976 0.004581543713988445 58.486515242248586
0.010537320296216346 0.06503770699875973 0.9978271701799458 28.660711841773754 0.031372046162139657 0.9973698332542549 -0.06533919523517558 -1.4855788060635189 -0.9994522297741777 0.03199238007281251 0.008469239440539122 58.50742944253135
0.014506213628080245 0.06458600712445896 0.9978067034500703 29.449593653299917 0.030627723693227023 0.9974147456322853 -0.06500590539831819 -1.528139553851029 -0.9994255911810286 0.03150353756331326 0.012490588995282548 58.51076586390917
0.018113221716889782 0.061405659259301866 0.9979485238277401 30.23036566537486 0.034092486409939414 0.9974939291369053 -0.06199648139537287 -1.5721965499551473 -0.999254528921147 0.03514550249959776 0.015974357095917213 58.5238323833472
0.021490431614962557 0.06144549530422206 0.9978790570283665 31.005571352809515 0.03847039203811425 0.9973195415546935 -0.06223954506236142 -1.6292923456769346 -0.9990286233564266 0.039726353217414086 0.019068995112717424 58.54429566301458
0.024746603636865983 0.062421368542349163 0.9977430422497269 31.801688135196034 0.041144248132335935 0.9971394447506767 -0.06340408952060574 -1.6747670835841526 -0.9988467131918014 0.0426204231749573 0.022107534333863255 58.56480064723204
0.027161467697469743 0.06261681500831195 0.9976679754060136 32.623392554149845 0.04185748190479572 0.9970896159177617 -0.06372008347107123 -1.7144523291111964 -0.9987543270900553 0.043490600216430975 0.02446143519308641 58.58045212981486
0.031157540037292875 0.06114825535375116 0.9976422698372482 33.394791137069205 0.04287999428112533 0.9971261592074233 -0.06245581409847289 -1.7593338229958413 -0.998594268854611 0.04472486435356499 0.028445961387867702 58.60336231398689
0.03382066959168806 0.06016276478924723 0.9976154590027582 34.191369064093834 0.044148162060206816 0.9971222185972666 -0.06162970847221834 -1.8038200130876274 -0.9984523534426046 0.04612724696509233 0.031067265607803263 58.65933936973324
0.03664488662227183 0.060420965656415866 0.9975001048589355 34.97825667085555 0.04259939498050403 0.9971687540683786 -0.061965857187750016 -1.8456289996192126 -0.998419973674273 0.04476363277107698 0.03396723935500667 58.69142830331621
0.039376500854294116 0.06203822595764875 0.9972967209915513 35.74302831345742 0.03929238661646709 0.9972026939772557 -0.06358376741343447 -1.8890147191211086 -0.9984516009974918 0.04168987460440929 0.03682872277197213 58.73077333532624
0.0423828349144616 0.062210040436442016 0.997162778172907 36.52632068133867 0.04089031270383782 0.9971153452208494 -0.06394505963785266 -1.9295883959786853 -0.9982643325450411 0.04348447072234435 0.039716787060407155 58.760736970363396
0.045759557436613196 0.06171180295429471 0.9970444906218257 37.31416570528541 0.03879352177013183 0.9972273366500392 -0.06350355664480334 -1.9768004845566685 -0.9981989408789591 0.041584761800444896 0.04323866341741678 58.785505563599116
0.04766156591644122 0.062099455479276436 0.996931307946325 38.092176307390666 0.03699112619871395 0.9972711959660544 -0.06388910923613147 -2.0194637330454333 -0.9981783566662542 0.039922666814892066 0.04523437804859898 58.841817043121864
0.050806285545487606 0.06218095357658631 0.9967709116749831 38.881751072495796 0.03404025250493179 0.9973721513350768 -0.06395352180014105 -2.067244430543134 -0.9981282395356175 0.03717957441320502 0.0485561189551027 58.88144005712283
0.05340232208045148 0.06399138686912186 0.9965205940686737 39.67157782883365 0.03249549072361885 0.9973046790399299 -0.06578313041877488 -2.1149105174748715 -0.9980442049724286 0.035895397638537496 0.05117895416403462 58.945238184324374
0.05679539668129352 0.06762060131029583 0.9960932371993341 40.45888113661752 0.031719241156806396 0.9970778273730984 -0.06949601356465165 -2.1624537771187162 -0.9978818430336586 0.03554237526356259 0.054484556567647835 58.99610316756238
0.05952273477149983 0.06954123512814173 0.9958017175432939 41.243011181613 0.03174073440416474 0.9969341810984992 -0.07151758061448371 -2.2175105627583473 -0.9977221907048103 0.03586439981816804 0.05713295897182835 59.05379189694171
0.06242013516785361 0.07183546019891605 0.995461397234286 42.04043437548488 0.025567137778661448 0.9969639661966219 -0.07354707044681015 -2.2679042211424925 -0.9977224304341533 0.030041916774917365 0.06039399841917337 59.114759936679164
0.06481348953524102 0.07097361906578024 0.9953702612450157 42.85798377216116 0.02190919274016775 0.9971258952388529 -0.07252541842409739 -2.319902427310711 -0.9976568542578854 0.026508384349517394 0.06307223407680174 59.183038319944146
0.06819693286806527 0.07152501142513074 0.9951046935313006 43.66231348954413 0.023936495609801642 0.9970224038829638 -0.07330327641625604 -2.371788668848675 -0.9973846913429696 0.02881837774877364 0.06628181182359494 59.251696281728734
0.07124548179359536 0.07276191613924936 0.9948013796149177 44.45812583029896 0.022964841115667368 0.9969517752039082 -0.07456389200080812 -2.4259006243355454 -0.997194413039168 0.02815779603450647 0.06935734370597324 59.329334748052084
0.07511537893389197 0.0738455243900723 0.9944367845042608 45.23458238793608 0.018121364977091547 0.9969884057468236 -0.07540381248832283 -2.4751098330441272 -0.9970101784731114 0.023684537866767563 0.07355098019097228 59.38625705679992
0.07901627173041625 0.0718042880807763 0.9942839498931069 46.05205430898328 0.017179901764795925 0.9971562889089085 -0.07337701591619332 -2.529676434497066 -0.9967252779864557 0.02287967881387788 0.07755798166660088 59.463236289534365
0.08403445905644458 0.0715633838506876 0.9938897784880023 46.86819597873667 0.01771992393036459 0.9971527553157349 -0.07329656787422092 -2.5874572031067125 -0.9963052815211777 0.02377108870197845 0.08252709467156727 59.53270960634869
0.08854336478950553 0.07516639862621591 0.9932321405740542 47.69272421232473 0.01344835094960545 0.996967517857857 -0.07664796274578956 -2.642271328499749 -0.9959815331663981 0.02014400292664062 0.08726399450863287 59.62432211164856
0.09395108762463633 0.08406242011593253 0.9920215232838453 48.49986578855719 0.011616861277349325 0.996268513410128 -0.08552249833603066 -2.6975563455381084 -0.9955090364573348 0.01955910815517944 0.09262396892793612 59.72993196977492
0.10200618952913831 0.08825845541530009 0.9908608289489759 49.33084165225559 0.010724606947502232 0.9959010409342457 -0.08981146626075888 -2.7672775860563696 -0.9947259522620125 0.0197879183794388 0.10064153308968204 59.8026479886964
0.10898022832214893 0.09149809495018338 0.9898239280070671 50.169409194126374 0.0063150969826997385 0.9956709031553111 -0.09273387816750704 -2.8290129043497867 -0.9940238575532034 0.01635699331705468 0.10793062301624334 59.903915418950916
0.11594476727871306 0.08959271775284489 0.9892067306010127 51.01385115085051 0.0025068266337739094 0.9958940081971335 -0.09049221103098361 -2.9032575120754784 -0.9932524989955543 0.012971868127102628 0.11524410560362641 60.01601043236354
0.12361826131258602 0.08774193495291804 0.9884431588719562 51.8439199140677 0.002603320697000474 0.99605116695618 -0.08874286183451902 -2.974057415374793 -0.992326432274885 0.013543472817186196 0.12290169304223753 60.128326670247574
0.13145525537822533 0.08441775389104855 0.987721194802175 52.66187417502121 0.0021271586439681796 0.9963412536273575 -0.08543758842786359 -3.0367915205152842 -0.9913198227764586 0.013332259683038554 0.13079472398455172 60.228796012864116
0.1387265582710443 0.07851972255990765 0.987213044484009 53.50592562123635 0.0006529335105683558 0.996844412411907 -0.07937752276929867 -3.1054944854119344 -0.99033050831937 0.0116563550166801 0.1382375263075255 60.35953333462478
0.14595934022928114 0.07129599583824746 0.986718172518002 54.326555234407074 -0.0023438795498791627 0.997421858162764 -0.07172268182238332 -3.166589112302599 -0.9892878131405888 0.008155846772210637 0.1457501455743343 60.486946249914766
0.15505065939231355 0.06695243443769573 0.985635157928569 55.42609526541008 -0.0008943522524148829 0.9977099367525081 -0.06763196167016697 -3.3109511608998 -0.9879061155575756 0.009604875229402367 0.1547554626362838 60.55133287959514
0.16220808814757248 0.06882005864369088 0.9843537655069892 56.24991350602357 -0.0009875056553296467 0.9975757651494948 -0.06958173337148756 -3.3692173820586304 -0.9867560797745766 0.010314665029899975 0.1618828178443621 60.693209231778106
