1.0 0.0 0.0 0.0 0.0 1.0 0.0 0.0 0.0 0.0 1.0 0.0
0.9999999176643335 -0.0003343369895972276 -0.0002299784849617981 -0.001364049943293677 0.0003347140624745601 0.9999985966867715 0.0016415209362305471 -0.014728020084022176 0.00022942934106176776 -0.00164159777810781 0.9999986262585127 1.3640943555505003
0.9999985249777547 -0.001523133530478913 -0.0007937925190032456 -0.009079889602615151 0.001524326179419298 0.999997707149474 0.0015040364003138845 -0.02734004142178134 0.0007914998506832721 -0.0015052441805444802 0.999998553882926 2.716832941013855
0.999994962262071 -0.003011069636684748 -0.0010044451813414077 -0.012135432322613575 0.0030116826954779347 0.9999952791928918 0.0006093925436213225 -0.0461907222019456 0.0010026055161645355 -0.0006124145438325939 0.9999993098650646 4.029311546914985
0.9999947454443087 -0.003078372061131988 -0.00101622301955415 -0.013902982438099868 0.0030790905853817323 0.9999950101950171 0.0007062479979535245 -0.0627864524648562 0.0010140438546943327 -0.0007093733296662447 0.9999992342519768 5.3736305406301215
0.9999923301177785 -0.0038310524615313597 -0.0008140900765843571 -0.022386320481575357 0.0038323715139211376 0.9999913362068296 0.0016249430325199397 -0.0791923238069492 0.0008078577814717276 -0.0016280504650175312 0.9999983484073802 6.674141269796801
0.9999843216060889 -0.005569505418226342 -0.0005806474029128557 -0.019978054623787527 0.005571219176493247 0.9999800019883205 0.0029928481962989773 -0.09958000598945385 0.0005639671068740946 -0.0029960361871919287 0.9999953528433356 7.985892772578777
0.9999862546404085 -0.005216040624092545 -0.0005324006536058442 -0.024621501192854355 0.00521789557645052 0.9999801054633174 0.0035443255107208333 -0.11423712502753605 0.0005139027158925837 -0.0035470548037075285 0.9999935771324824 9.288690304530599
0.9999909430014038 -0.004103401282223011 -0.0011296074894252331 -0.027081635944184963 0.0041055368597970295 0.9999897771617332 0.0018947662441435634 -0.13007616128690538 0.0011218209553948322 -0.0018993867284332882 0.99999756692094 10.658368671666217
0.9999989706368673 -0.0012566200899384033 -0.000692554081314038 -0.04708896789599239 0.001256385542342754 0.9999991532863162 -0.0003390015040209307 -0.14989071668820064 0.0006929794910194927 0.0003381310401302271 0.9999997027233681 12.016188898274638
0.999997846330526 0.0019892986719665853 -0.0005916291942247667 -0.04587658605128239 -0.0019899440031232577 0.9999974236201394 -0.001092188604553277 -0.17322971605106555 0.0005894549806226509 0.0010933635613071398 0.9999992285491768 13.396123417329324
0.9999914839492015 0.004111573114007272 -0.0003563644231590336 -0.05783708593621085 -0.0041118315431933295 0.9999912817479519 -0.0007275090711485517 -0.2008550866415326 0.00035337010954704075 0.0007289681861203626 0.9999996718674208 14.755136056556381
0.9999855340070006 0.005377310950661513 -0.00012768584010778973 -0.06856194344921787 -0.00537731334982116 0.9999855419757825 -1.845368539660698e-05 -0.22150971699348318 0.00012758476281825797 1.9140025218317966e-05 0.9999999916778939 16.139372667318774
0.999995339709405 0.0030204809529486734 0.00044413318330676987 -0.08096683998453003 -0.003021719619868247 0.9999914717636574 0.00281524608040795 -0.2532686579475092 -0.00043562599847027947 -0.0028165750064969514 0.9999959385593634 17.497978494328677
0.9999993080804623 -0.000919840183275788 0.000733302552635968 -0.08164983906139618 0.0009165064684551574 0.9999893031299588 0.004533612417566042 -0.26925473952794177 -0.0007374649074709369 -0.004532937204138208 0.9999894542573005 18.86739964673616
0.9999964386626768 -0.0025609142349335826 0.0007512524505329982 -0.08952685082993853 0.0025596017836550804 0.9999952055183541 0.0017428077960234267 -0.2801088952777769 -0.0007557120299605023 -0.0017408786821846163 0.9999981991187492 20.210170454259522
0.9999929906407746 -0.003736491452156205 0.0002393761631754157 -0.08432133335660488 0.00373658343175017 0.9999929448504676 -0.000384959150130352 -0.2882994120367409 -0.0002379360777668986 0.0003858509008186588 0.9999998972527473 21.59520410056714
0.999997046024008 -0.0024253599623554356 -0.00015991344899997568 -0.11598718222840372 0.0024251342060850846 0.9999960833602127 -0.0013971357546445462 -0.3550541981632969 0.00016330137979788894 0.0013967438159638865 0.9999990112191971 23.275241714576296
0.9999997852717873 0.0006490704227802481 9.03546655333089e-05 -0.11438791936720319 -0.0006491040124357286 0.9999997200574141 0.0003722218082502342 -0.37062294436708326 -9.011304207274117e-05 -0.00037228037789965054 0.9999999266434773 24.685916554633916
0.9999992445033765 0.0010242716347925816 0.0006796030417886167 -0.12813169420920756 -0.0010270133218964787 0.9999912865600484 0.004046238699795654 -0.3944348146325616 -0.0006754526725805205 -0.004046933604253497 0.9999915830106221 26.07527730154013
0.999998411122095 -0.0013002705202909777 0.0012194465382618827 -0.12036030144442075 0.0012930754180561115 0.999981861056604 0.005882645130704474 -0.4048425116457939 -0.0012270734488349392 -0.005881058947557342 0.9999819535553662 27.478394411268713
0.9999866070571074 -0.005087097104384498 0.0009524439431563545 -0.1391176871142357 0.005083121243234604 0.9999785470022152 0.004131272656814316 -0.4197344440021456 -0.0009734396955484549 -0.004126375938875102 0.9999910126779992 28.85657170176265
0.9999833978766909 -0.005661168874806913 0.001074773445309352 -0.15330189745636674 0.0056590757925418286 0.9999821042722354 0.0019406175425140467 -0.44182963947462545 -0.001085740375085951 -0.0019345030997554929 0.9999975394297703 30.26619953426999
0.9999840917915858 -0.005402543139729343 0.001621323959213529 -0.16077325995320255 0.0054032549044521995 0.9999853077223728 -0.00043494347777714345 -0.46259579309388593 -0.0016189503373697618 0.00044369698523997694 0.9999985910654027 31.6703099314218
0.9999926058029951 -0.003079679018533237 0.0023030233343083427 -0.1696967946154659 0.0030826301688912736 0.9999944307922058 -0.0012789745165794886 -0.4848611904408942 -0.0022990716773088906 0.0012860644287999484 0.9999965301478339 33.05853354092011
0.9999937837140742 -0.0021343353963530673 0.0028066253090297815 -0.17435889789976466 0.002144428563682577 0.9999912274589797 -0.003598114953476571 -0.5035535943336951 -0.002798921103688777 0.0036041111940454643 0.9999895881573749 34.44561971824096
0.9999943187751084 -0.0012084588633833816 0.003146751449110463 -0.18384435264456203 0.001217410376346948 0.999995213855232 -0.0028443239274678843 -0.5280644883578958 -0.0031432991398419965 0.0028481386560899194 0.9999910038478912 35.81994905964697
0.9999938975419128 -0.0007395668110383641 0.003414369614797541 -0.1973284559502532 0.0007448043392500896 0.9999985476646689 -0.0015329497869204082 -0.5560214213777016 -0.003413230937202521 0.0015354834694634887 0.9999929960480145 37.20347088836674
0.9999964348540216 -0.00020988755959831855 0.002661996705291185 -0.19799178714751875 0.00020953128310629714 0.9999999690547364 0.00013411624661189444 -0.5702020648383402 -0.0026620247722466996 -0.00013355799688261278 0.9999964478868779 38.60660852564419
0.9999918858029185 0.002784257083941911 0.002911398429166603 -0.20370824269737545 -0.002785178367029156 0.9999960725756566 0.00031243355461234675 -0.5898561297665064 -0.002910517099531848 -0.00032053978338762723 0.9999957130630414 40.03133860253702
0.9999799603766223 0.005489866398990309 0.003152810189349905 -0.2081281940922022 -0.005487997467900612 0.9999847601480937 -0.0006011283988955531 -0.5902261446790266 -0.0031560622555881056 0.0005838137381729142 0.9999948492030136 41.508234756977274
0.9999665249253594 0.007759377934214492 0.002596359523380577 -0.19151218780018345 -0.00775871380614567 0.9999698654100192 -0.000265766706741052 -0.6073812541980294 -0.002598343467470833 0.0002456133997009362 0.9999965941368415 42.97204785576554
0.9999798331016927 0.005990778303797772 0.0021080714469866287 -0.18190081299979047 -0.005992789153353224 0.9999815929012288 0.0009488608352595151 -0.6795292683884578 -0.0021023482286020912 -0.0009614749273815378 0.9999973278453747 44.3131751051056
0.9999845633227402 0.005322981301419373 0.0015934196852027177 -0.17869752708447673 -0.005323668244699077 0.9999857379342677 0.00042718202034714835 -0.6845806844089503 -0.0015911230778398178 -0.00043565826385476124 0.9999986392636884 45.74246934468761
0.9999915286102105 0.004074455695992504 0.0005843959240500446 -0.19486050533911162 -0.00407467972607813 0.9999916252369104 0.0003826763284416619 -0.7195725553992646 -0.0005828318321264896 -0.00038505431286504986 0.9999997560200861 47.21227290114417
0.9999951922586418 0.0030985894320081924 0.00011917690190011462 -0.2209801944719467 -0.003098671838179933 0.9999949557765462 0.0006976061229111597 -0.747753812785597 -0.00011701470578503418 -0.0006979720591110302 0.9999997495712503 48.62376544601817
0.9999956824497497 0.0028789280300929926 -0.0005889441884004263 -0.24731569931376432 -0.0028777384482295953 0.9999938375770767 0.0020108280122170127 -0.7657147600517882 0.0005947295882053269 -0.0020091245030312036 0.9999978048553148 50.053089471726274
0.9999943298885245 0.003147420446475677 -0.0011974703895522927 -0.2622487633858742 -0.0031456200466666254 0.9999939238755293 0.0015024268847715818 -0.7773850576022296 0.0012021918826696206 -0.0014986515789809961 0.9999981543873578 51.50287390680951
0.9999915684510982 0.003467316041681364 -0.0022001695797739516 -0.2819397352323036 -0.0034634048879725967 0.9999924199870314 0.0017789870889345998 -0.7966368002210575 0.002206321212931411 -0.001771352011241006 0.9999959972213677 52.92420233365149
0.999991406904919 0.0029636393042120224 -0.0028987856759769533 -0.31030391700980103 -0.0029541972065172113 0.9999903351022105 0.0032561359053057837 -0.8336815001153535 0.0029084076718585016 -0.0032475443404740897 0.9999904972651344 54.3547307415808
0.9999927277889172 0.0009152540147404759 -0.003702253282665254 -0.3185998553400235 -0.000899342162958221 0.9999903622933491 0.004297267048985129 -0.8508733636608788 0.003706150692353164 -0.004293906205877018 0.999983913278879 55.7825233516085
0.9999919579147771 8.644973945280592e-06 -0.004010490124042031 -0.32768660125884264 8.793703034108131e-06 0.9999905463742749 0.004348227771162231 -0.8661993901993273 0.004010489800685214 -0.004348228069403099 0.9999825042890575 57.23009023745566
0.9999875357871842 -0.0008935839332355049 -0.004912207042590387 -0.32331611568042984 0.000909230129266896 0.9999945181645746 0.0031838563680277477 -0.8715348597628626 0.004909335071783605 -0.003188283010408722 0.9999828664935208 58.66617487147053
0.9999852526345794 -0.0023032639474811264 -0.004918281055880998 -0.3336735551925994 0.0023199294511781704 0.9999915782277807 0.0033854690744226854 -0.8862754930362061 0.004910442006373804 -0.0033968292127438343 0.9999821743964247 60.10081258663425
0.9999854624790734 -0.0036067241477622013 -0.004008287843412392 -0.35273275232981627 0.003623004836420542 0.9999851871092736 0.004061945098866508 -0.9032986651607339 0.003993578153607602 -0.0040764080944970795 0.9999837169827207 61.525043636557115
0.9999818607821835 -0.004955250936620028 -0.003423973533308471 -0.3652929044256748 0.004970635278560763 0.9999775242007926 0.004499319746469884 -0.9142726860676738 0.003401601318378997 -0.004516257455966499 0.9999840161357891 62.9706154709923
0.9999739438208683 -0.00665309338961525 -0.002801433148929016 -0.37495466110827713 0.006664917691601207 0.9999688304905383 0.004232838238020237 -0.943593730271936 0.002773184361531291 -0.004251399267785007 0.9999871174434013 64.3140357728679
0.9999644841508379 -0.008177689353106768 -0.002038586224004955 -0.38245486878812873 0.008185389776225654 0.9999592862691616 0.003798051905919329 -0.9700546923997488 0.0020074439369205566 -0.003814603637716653 0.9999907094408064 65.78352386489911
0.9999736728244234 -0.007114396281291566 -0.0014279438314666554 -0.3854783446149102 0.007118427773123954 0.9999706354658143 0.002838343202354866 -0.969705091673636 0.0014077088022373383 -0.002848433191823404 0.9999949523794007 67.24475309261372
0.9999764971255123 -0.006495224361423716 -0.002194825069347124 -0.3336032481139112 0.006501804614254672 0.9999743498491253 0.0030043602609122404 -0.993482776244321 0.002175254777795781 -0.0030185599735734754 0.9999930782572135 68.71014772817895
0.9999974205323667 -0.00227129679518005 -1.181021548224698e-05 -0.44246586234516755 0.0022713268770734036 0.9999797762483486 0.005940384543128715 -1.1014633831853111 -1.6823997395632362e-06 -0.005940396044958905 0.9999823556903384 69.97205182151083
0.9999992633618714 0.0008030746249594283 0.0009101356279881301 -0.46212288976850885 -0.000809697443205915 0.9999730276936363 0.007299881867036883 -1.119561379122024 -0.0009042487296385207 -0.007300613424156517 0.999972941322847 71.39952015847727
0.9999830058513127 0.005601748319798497 0.001615061712445866 -0.4651876395003393 -0.00561392165391612 0.9999551016804665 0.0076340360800548155 -1.1407010075281605 -0.0015722252501043062 -0.007642973176030497 0.9999695560709803 72.81413380148923
0.9999474140100328 0.009927483340961362 0.0025718260366798936 -0.4830881857238106 -0.00994613198046005 0.9999235762277392 0.007342762597000061 -1.147467206202662 -0.0024987343346742196 -0.007367956191751405 0.9999697343161348 74.22411707469753
0.9999063605327239 0.013231221328164379 0.0034935581242651658 -0.5017001915090246 -0.01325518139619861 0.999888154472348 0.00692666673340701 -1.171927428023168 -0.0034015191247972333 -0.006972325870679393 0.9999699077170257 75.5528211618748
0.9998903125416135 0.01422926391850008 0.0041098581206644854 -0.5074310789606025 -0.014258028423878221 0.9998734490519514 0.007056522260908648 -1.1956801743478758 -0.0040089288966257295 -0.007114346722819343 0.9999666567240176 76.9324326749058
0.9998832482198448 0.01462246310641716 0.004435482164743164 -0.5184417295836241 -0.01465341085196903 0.9998679409618298 0.007026961445323003 -1.199300640792573 -0.004332144934750216 -0.007091135977551743 0.9999654735593685 78.36602853203271
0.9998880577086062 0.014275878555135152 0.004480105265489744 -0.5240252333871258 -0.014303577015931827 0.99987839802944 0.006212635401351712 -1.196353459690421 -0.004390869647364113 -0.006276021475413705 0.999970665478833 79.775627234932
0.9999165446923783 0.012251085314269914 0.004100555947356126 -0.5253539626569279 -0.012274718940364799 0.9999079060280038 0.005788845966827137 -1.2383137667510289 -0.0040292586650607755 -0.005838696028659239 0.9999748370350601 81.19254850777747
0.9999181323235361 0.01214106139863747 0.00404020775775111 -0.5653143658393281 -0.012162629486686803 0.9999116809318106 0.0053573109010543974 -1.2387845529588253 -0.003974807489785362 -0.005406011860465599 0.9999774877171904 82.68315062378869
0.9999207787769945 0.012001401119108844 0.003795068008225413 -0.5709030147177169 -0.01202298535506376 0.9999113795581217 0.0057167170059195345 -1.2588623286380076 -0.003726123073749095 -0.005761892167691115 0.9999764580256313 84.0902053948626
0.9999276431246085 0.011594734329994126 0.003204785653142412 -0.575893444622075 -0.011610896781476414 0.9999197303261012 0.005071487011420424 -1.2650848687744929 -0.003145725861487683 -0.005108330489892082 0.9999820045222866 85.49913046092117
0.9999167884733406 0.012537031686506132 0.0030395666882240724 -0.5917797789933601 -0.012552255102505948 0.9999085045321691 0.005042167795976477 -1.2725899253523252 -0.0029760747642210922 -0.005079901645968168 0.9999826686389445 86.75423487464158
0.9999196333485714 0.012423777741453272 0.0025251912184276093 -0.627471941276945 -0.01243799881362886 0.9999064201575968 0.005696236751732836 -1.296723684032792 -0.002454186132065124 -0.005727187289638343 0.9999805879596756 88.08310806677855
0.9999508441801416 0.009846598335201358 0.0011634967328473125 -0.6133468020969989 -0.009854280050687956 0.9999283778916459 0.00679207270753194 -1.3114730351770796 -0.0010965345889436923 -0.006803204260273001 0.9999762567299727 89.46673627198928
0.9999730440849406 0.007318532071774415 0.0005917700666960474 -0.635628685852734 -0.007322738832284939 0.9999454358609554 0.0074500199219958005 -1.3281088535565078 -0.0005372145675373611 -0.007454152477538771 0.9999720731157196 90.8378805508853
0.9999876792091108 0.004876669890761806 -0.0009271034208842961 -0.6271446274568248 -0.004869852107548919 0.9999620836480603 0.007219127833774599 -1.3312436015264142 0.0009622735718492343 -0.0072145240318620485 0.9999735119854758 92.22938898638243
0.9999912209644072 0.0039058807454055056 -0.001517263891595114 -0.6270897088135257 -0.00389599968619849 0.9999715335256231 0.006461681271847875 -1.348410359005858 0.0015424592569040787 -0.006455713284872466 0.9999779720500969 93.56672209045371
0.9999952950449589 0.0023599342831854826 -0.0019597444028994393 -0.6294538496982777 -0.0023479463927957977 0.9999786566205221 0.0060970034568156774 -1.3623128830775837 0.0019740911028134083 -0.006092373395886939 0.9999794927650881 94.89984335392977
0.9999984576760977 0.001733760664891914 -0.00028056974664224824 -0.7058695392226891 -0.0017317599822181842 0.9999741365903178 0.006980484067206871 -1.4639660152506946 0.00029266497884957435 -0.006979987421579988 0.9999755967636434 96.190168676986
0.9999995933239654 0.0008906540211980985 0.00014172973674776387 -0.7200347797137797 -0.0008915890347986337 0.9999768896112547 0.006739830294114598 -1.4809811422848498 -0.00013572360436480492 -0.00673995391786633 0.9999772770419777 97.56795630985863
0.9999971374427302 0.002326805298326005 0.0005577485536128194 -0.731394079578641 -0.0023301192105379875 0.9999791861601337 0.00601646000413604 -1.499190235454021 -0.0005437378137089486 -0.00601774240229414 0.9999817453961695 98.93639430568902
0.9999924241644607 0.003746309314467144 0.0010567782197780282 -0.752651702760691 -0.003753210183382004 0.9999711399414091 0.006605505097888446 -1.5159334791279995 -0.0010320014558217081 -0.006609421366444217 0.9999776250107779 100.30808469648211
0.9999888434098683 0.004542037589014724 0.0012972857564408937 -0.761215640605599 -0.004551907151278327 0.9999599247738871 0.0077090198785724215 -1.52916255224428 -0.0012622191093579335 -0.007714838996509314 0.9999694435642411 101.69275046469491
0.9999884587650043 0.004382995109592878 0.001967661215917983 -0.8096971691763316 -0.004401242607193239 0.999946441000878 0.009367187047890725 -1.5479897246898615 -0.0019264994949311006 -0.009375739093363776 0.9999541910088428 103.00232576794068
0.9999872410445142 0.004313801542703464 0.002628471881302344 -0.8486792393531394 -0.004335225811784809 0.9999569786377788 0.008200407963364463 -1.583023423715088 -0.0025929838683382907 -0.008211698353869666 0.9999629215349956 104.36737903611238
0.9999838674908613 0.004757784168421101 0.0031029418019455353 -0.8533960015390779 -0.004776163628062614 0.9999709342491108 0.005942972148558079 -1.5972245952659188 -0.003074576233810319 -0.005957696431280029 0.9999775261645709 105.72857776171716
0.9999868721615832 0.00408356242081197 0.0030951611345496344 -0.8581744406547763 -0.004098547914234879 0.9999798355822412 0.004850807552198363 -1.62017794040242 -0.0030752901469967386 -0.004863429537792856 0.9999834446847822 107.08716021698766
0.9999919203149363 0.0017288826059240494 0.003629086631767944 -0.8783255104243544 -0.0017511088296206544 0.9999796766136092 0.006130251023281908 -1.6429877250844744 -0.003618414392073981 -0.006136556418428626 0.9999746245543487 108.4444625541541
0.9999895337194988 -0.0005981170885950282 0.004535935119413364 -0.8865941818892642 0.0005615554435329856 0.9999673806487934 0.008057437177845461 -1.651809810757482 -0.004540606451019003 -0.008054805667390018 0.9999572505856026 109.8019220670739
0.9999826790110778 -0.0015572421400193025 0.005675973462318042 -0.8980918571523205 0.001510693434244115 0.9999652703529812 0.008196090118888966 -1.6583785080687696 -0.005688539634679738 -0.008187373498660343 0.9999503024810874 111.14288404229914
0.9999785108265076 -0.0018773671036554666 0.0062811923994052065 -0.8901454987960133 0.0018345348771178819 0.9999750747096595 0.0068179499261570185 -1.6792075703624485 -0.006293835633766703 -0.006806280347521595 0.9999570301672198 112.4923055735995
0.9999714196561743 0.00018704914431378063 0.0075581005175185244 -0.8976822690078388 -0.000223432622377947 0.9999883911332224 0.0048132812771241335 -1.6977479547610173 -0.007557112456392297 -0.004814832438109129 0.999959852914063 113.82561052843651
0.9999581739848294 0.0018139768792351317 0.008964361037300667 -0.9097024907827107 -0.0018432765066715145 0.9999929831794423 0.003261276375846636 -1.7353558277003889 -0.008958382256045271 -0.0032776637657488425 0.9999545011187225 115.1694014482714
0.9999352080563292 0.005131947927568345 0.010160846412304416 -0.9034034704625893 -0.005165735890317288 0.9999812062632569 0.0033018620493880887 -1.7462916963774215 -0.010143710467930382 -0.0033541363643162184 0.9999429258248654 116.55278339623409
0.9999023570276511 0.006641566141426888 0.012294958712292293 -0.9243816589749773 -0.006698271957712104 0.9999670929457638 0.004576699507143005 -1.7412977289349123 -0.012264157668932988 -0.004658607601763355 0.9999139402027978 117.88623288584023
0.999888088288832 0.006379708161369127 0.013531822563152182 -0.9160664386259009 -0.00647844640536569 0.9999526199749715 0.007265503242239273 -1.761084428419245 -0.013484829634729491 -0.007352355334581237 0.9998820441635885 119.2323585136195
0.9998766997867351 0.006189053415573757 0.014431938241495664 -0.9047377599704756 -0.006297203463093464 0.9999523424235811 0.007460436323533644 -1.7735148590124712 -0.014385077411386211 -0.007550397301617401 0.9998680218151075 120.58089662684469
0.9998468842370566 0.007225520273731658 0.0159373755124173 -0.9139671893222976 -0.007345080156963883 0.9999452265274302 0.007456121142658729 -1.8022279804381367 -0.015882628212537157 -0.0075720407936117114 0.9998451911767552 121.88522556701896
0.9998105159244353 0.006975980715006388 0.018173275433404072 -0.8708366023161797 -0.007157998473681156 0.9999246786173014 0.009969962383951179 -1.82974614760922 -0.018102356331850485 -0.010098157512659535 0.9997851428732497 123.2499775088046
0.999771144948587 0.009179170643799047 0.019323575095814723 -0.8558791606427854 -0.009364728575794545 0.9999106966208741 0.009534182810290791 -1.8406659002744608 -0.01923433354429704 -0.009712960900279849 0.9997678224486205 124.61765267777457
0.9997443184443549 0.00983150214618058 0.020362693922513626 -0.8334090023610423 -0.010008739933505028 0.9999127522842501 0.008620495593599632 -1.8567792270753807 -0.020276164903052757 -0.00882209639969183 0.9997554939843736 125.97205018531702
0.9996971263936449 0.011358118793327623 0.02183228384217779 -0.8135881259121877 -0.0115336874156255 0.9999020186172041 0.00793266788912312 -1.8699971571686531 -0.021740044500584668 -0.008182072030796414 0.9997301756786156 127.29250026030851
0.9997055963088255 0.009771721726522044 0.022208875777828003 -0.7737235906316345 -0.009952652529573376 0.99991806051687 0.008050898074530745 -1.8802727743730503 -0.022128384858392962 -0.008269565084109516 0.9997209354999417 128.69711519043068
0.9996833284064239 0.009586413144388637 0.023266791555329087 -0.7592615175615578 -0.009799482269084952 0.9999109304934084 0.00906097274380795 -1.8905449190768147 -0.023177856965473097 -0.00928610590243476 0.9996882289912474 130.07321524254172
0.9996746739412422 0.008490828494922213 0.024051031411167084 -0.7381281523215855 -0.008740553798953905 0.9999087818869955 0.010297117293318279 -1.9134290885462917 -0.023961406464536282 -0.010503986706702313 0.9996577000471245 131.42993916085203
0.9996649929291505 0.007669295880932093 0.024720109478971273 -0.7296128561818465 -0.007926746279971671 0.999915189109249 0.010333502892426613 -1.9136932021284856 -0.02463876225329841 -0.010525991131743934 0.9996410030132417 132.79559693648403
0.9996628282922317 0.00589016656674252 0.025289042460957853 -0.7145356797829073 -0.006162757229175692 0.9999236056466609 0.01071462990098963 -1.9275219882492798 -0.025223999566094654 -0.010866867460173006 0.9996227593634974 134.15415787125372
0.9996656590202906 0.004150529171701403 0.025521427920924593 -0.7048206480320908 -0.004446040567295332 0.9999236068872858 0.011533131092416011 -1.9332369080967091 -0.025471609662564672 -0.01164274439793919 0.9996077448699976 135.5069112252583
0.9996783653173908 0.0018075142276213945 0.025296221232948612 -0.6835294861271569 -0.0021005431215864075 0.9999309500974894 0.01156212591725131 -1.955385803530129 -0.025273575824241612 -0.011611542940064626 0.9996131343853017 136.87056560817305
0.9997052322258164 0.0007192263455974257 0.02426790831098102 -0.6531757153188906 -0.000994877141098748 0.9999351088475126 0.011348493890703457 -1.958223919812902 -0.024258171402653215 -0.011369292307659835 0.9996410757430001 138.25573336988205
0.9997414387074907 -0.0006949314074569667 0.022728237974282774 -0.6140247420856907 0.000414768684454598 0.9999239086198438 0.012329028240406263 -1.9727973304051174 -0.022735076380234476 -0.012316413469564476 0.9996656552374057 139.6472016981302
0.9997567756244684 -0.0017726148601399474 0.02198288947167692 -0.6025336130783737 0.0015004684816612222 0.9999221122473037 0.012390239433776864 -1.9814783395223305 -0.022003140396359207 -0.012354241192739803 0.9996815665686998 140.89542051479282
0.9997870289989877 -0.0028981861088135806 0.02043274731052822 -0.5813707161100901 0.0026379283842972606 0.9999152007274519 0.012752752174296323 -1.9964320108715048 -0.02046797447762081 -0.012696136083800486 0.999709892993625 142.22764144119975
0.9998162224863703 -0.002848706540903467 0.0189580094980667 -0.5624577463453673 0.0026239603287290247 0.9999261147597226 0.011869281937811654 -1.9991007565852512 -0.018990420882071826 -0.011817355565853957 0.9997498257174902 143.5648246155429
0.9998313648167002 -0.002539036008767827 0.01818777679983852 -0.5561896019453985 0.0023276195024627046 0.9999295921035312 0.011635850768963417 -2.0085722130130192 -0.018216040080827646 -0.011591554331150401 0.9997668787032113 144.87897303795788
0.9998242968003834 -0.0030700948419738654 0.01849189133864006 -0.6188762439561092 0.002883489556849884 0.9999447410433677 0.010109418761120634 -2.0765475478859465 -0.0185219063704124 -0.010054321328336668 0.9997779001393421 146.32495642478216
0.9998110876834205 -0.008698820437651552 0.017381584170868037 -0.5948653835811925 0.008537986180805307 0.9999202471783135 0.009306023578129333 -2.074034112017608 -0.017461149368579728 -0.009155861830205671 0.9998056203367104 147.69676220699264
0.9997299622806597 -0.017006914633913347 0.01583563617116795 -0.567235194589972 0.016822193375414272 0.9997897358018901 0.011725953915431171 -2.0835129399523544 -0.0160317288010678 -0.011456397331684666 0.9998058484685052 149.0191844758292
0.9996267479362416 -0.022884723392838403 0.014921603320252677 -0.5601766001820081 0.022690836475121705 0.9996575347410734 0.013036072087054944 -2.0831972656547375 -0.015214820093349362 -0.012692622685358661 0.999803684019465 150.3650085669901
0.999563130019854 -0.026221373006160138 0.013637767507342729 -0.5217228812962031 0.026092521123426093 0.9996139924004352 0.009541830992332932 -2.0866215343502335 -0.013882703135055498 -0.009181818716055041 0.99986147278447 151.7374119778904
0.9995831443581403 -0.0252276238525837 0.014039391363078404 -0.5077691478029898 0.025138165221259674 0.9996627737553884 0.006512404854719919 -2.096785990448437 -0.014198949411903016 -0.006156765582323164 0.9998802348647374 153.10354020858202
0.9996549467193683 -0.021599653455034572 0.01494799217685916 -0.488250557224696 0.021539484127237506 0.9997592826137573 0.004174619881822422 -2.1066179200058732 -0.015034564278006632 -0.00385120737530928 0.999879557786198 154.47701806091294
0.9996574067070672 -0.020870408477127855 0.01579541913654507 -0.4780956680371491 0.020806538332668725 0.9997747103848053 0.0041971940138578285 -2.125238734795365 -0.015879457746172925 -0.003867108089594449 0.9998664352285813 155.8197561804468
0.9996042949501164 -0.023740908628192635 0.01508717252464733 -0.41700488308665945 0.023622934855226315 0.9996893274807162 0.007950186788945662 -2.1506482168872725 -0.015271230012883653 -0.007590637566186454 0.999854575303445 157.2415128918337
0.9994310545098204 -0.02951098940496186 0.016329996501183747 -0.41799242883132626 0.029336507792155825 0.9995109951568912 0.01082311743638341 -2.1579870307285867 -0.016641411957800487 -0.01033789460292544 0.9998080772544446 158.48992211283417
0.9993187104026492 -0.032912422197192585 0.016699925278275542 -0.4027800938171671 0.03271091190806249 0.999390397207649 0.01219959881637913 -2.16521102130161 -0.017091263304074893 -0.01164501757196478 0.9997861182695124 159.83289488033256
0.9992511403721752 -0.03451683234675737 0.017485615506845017 -0.413533573789385 0.03431237698302568 0.9993407720047122 0.011860952525014158 -2.171863331450526 -0.017883491009366828 -0.011252097305469524 0.9997767606098604 161.12611451980504
0.9993262529273408 -0.03221687139803564 0.01758162129961337 -0.38717219994956453 0.031996151944714106 0.9994073764090691 0.012694181339185477 -2.1807504806029816 -0.017980168823772288 -0.012123084445131544 0.9997648445272542 162.48664272320136
0.9994361779450849 -0.027383677996446684 0.019428339967878013 -0.39859605341183024 0.027167864464867755 0.9995671668627718 0.011286543773460018 -2.1765287285537456 -0.01972899781892381 -0.010752353664132094 0.9997475449010826 163.75555591340753
0.9995264675595363 -0.02324492685217002 0.02016219292617597 -0.3758216292601807 0.0230708704206129 0.9996948990663841 0.008822908743008655 -2.180003086631791 -0.020361129290645055 -0.008353571469104386 0.9997577917964532 165.12545250852307
0.9995647275972072 -0.020307707591833778 0.021399821398449315 -0.37758270914352643 0.02013042504380319 0.999761505865618 0.008467430358011157 -2.1900962447425525 -0.02156667176633367 -0.008032957218641485 0.9997351400582289 166.43919749864463
0.9996023640197204 -0.01868606537101188 0.021117405312604594 -0.33373473893259104 0.018489450409879992 0.9997842273400449 0.009467786732393478 -2.2052399097642192 -0.021289764435689244 -0.009073572781422325 0.9997321722377714 167.854856579164
0.9996227995752717 -0.01712641849453329 0.02146961478104197 -0.32016446311113894 0.016925389707076594 0.9998115237525846 0.00951042348154675 -2.223165899998034 -0.02162844776121979 -0.009143454548740217 0.9997242657284834 169.22005994039273
0.9996719229241068 -0.015436322589541368 0.020439336147006777 -0.294192483230306 0.015296242181037605 0.99985855723456 0.006992174194283278 -2.226310134133527 -0.020544378607243608 -0.00667723518649523 0.9997666442915099 170.64340247383922
0.9997336744509904 -0.010994658556409886 0.020290333953614865 -0.29059237034992935 0.010913267460250719 0.9999319702345011 0.004117705221347061 -2.2438626773001125 -0.02033422636989876 -0.00389517472994972 0.9997856504530163 171.9859305532922
0.9997365770623178 -0.008376656385404578 0.021368390475682213 -0.3060434104880238 0.008261877706523391 0.9999509960834961 0.005454063474736215 -2.3224976582329373 -0.02141303015649157 -0.005276083720418069 0.9997567929652152 173.36575255664872
0.9997539617806065 -0.00380571544465223 0.02185251550590955 -0.29854795639863724 0.003658900663291954 0.9999704941822093 0.006754495608435586 -2.338068792340424 -0.02187757641782662 -0.006672877560884014 0.9997383879571393 174.7538905892283
0.9997653780117146 -0.0005838181790279134 0.021652900162040294 -0.2604719950393747 0.000403010069588133 0.9999650258683397 0.008353719112733545 -2.344870283429555 -0.021657019923739706 -0.008343032809744648 0.9997306473703595 176.2045978657688
0.9997732047592248 0.0001674034065959033 0.021295798213933622 -0.22142337719246302 -0.00039080330676059143 0.9999449377464921 0.010486598492341622 -2.3533089753972862 -0.02129287012698249 -0.01049254265007375 0.9997182204153787 177.6541484254146
0.9997730034580017 -0.0030095053885700017 0.02109228375218391 -0.20708544929577707 0.0027680330535150314 0.999930406389676 0.01146823309808401 -2.358014313778461 -0.021125329573313676 -0.011407245710227751 0.9997117560555769 179.03229460276353
0.9997927548596516 -0.0057304403385969906 0.01953482489489961 -0.17909759668973424 0.005498124287593705 0.999913773529804 0.01192544065038842 -2.36893316989708 -0.019601478502061554 -0.011815564265558576 0.9997380529326768 180.32567374511348
0.9998257106030191 -0.005945962919023825 0.01769728629292203 -0.15964651925313786 0.005808048077952737 0.9999524446892922 0.007834215814749551 -2.384340315069173 -0.017743026649707817 -0.007730063704360795 0.9998126980192011 181.72268707912997
0.999863416168548 -0.00475023594846731 0.015829853637818237 -0.15014179640893358 0.00469569590744656 0.9999829171567887 0.0034807807377043617 -2.389995118529817 -0.01584611774869946 -0.0034059731403921806 0.9998686413220795 183.20008641939273
0.9998815822430523 -0.0004405551565258166 0.015382698147082666 -0.13826287553437036 0.00039290804953062637 0.9999951167681081 0.0031003327567184027 -2.4004945975371244 -0.01538398889738341 -0.0030939216363420723 0.9998768726870891 184.58367825991206
0.9998696245256286 0.003190604891003367 0.01582889735288384 -0.16714602351493846 -0.003250577774566546 0.9999876309063976 0.003764542248644211 -2.4049721046200982 -0.01581669039685995 -0.003815504506593932 0.9998676283539987 186.0208774997791
0.9998550271385609 0.005349763077979884 0.016164923159641603 -0.15774318089621936 -0.005463323603509773 0.9999606511965935 0.006989145419003178 -2.411662094291208 -0.0161268968171489 -0.0070764463888397635 0.9998449115265602 187.4615115193912
0.9998419797106589 0.006034880958966383 0.01672111898412873 -0.1557035461454789 -0.006192557425394749 0.9999366995195834 0.00939410381119225 -2.4372121183800255 -0.016663368231047214 -0.00949616584171598 0.9998160605798965 188.7831273147384
0.9998517173007084 0.005308940102158752 0.016381653329742254 -0.13643542113781554 -0.005479024610141085 0.9999313720053559 0.010355267684035606 -2.4479479569491636 -0.01632555359384891 -0.01044348765873999 0.9998121872958822 190.12333338767175
0.9998533248165137 0.0033794645567108528 0.016790118304320974 -0.14968731723944195 -0.003541226916902901 0.9999475139075054 0.009614007599458605 -2.388743582863488 -0.01675674685868834 -0.00967205508200716 0.9998128138732792 191.6344056393797
0.9998741503938532 0.0004164389122904504 0.015859065319327306 -0.042787901910432545 -0.0005853611364593523 0.9999431338102786 0.010648309632019452 -2.4460714168438167 -0.015853729104229164 -0.010656252826944636 0.9998175351278742 193.16175664033258
0.9998714394747564 -0.0025674726736450095 0.015827590048664308 -0.020415222875469975 0.0023983671791888194 0.9999399417122711 0.010693961068456376 -2.4551935613244664 -0.015854095923523395 -0.010654625874706109 0.9998175466503465 194.60333714427813
0.9998556150535904 -0.005556528977533084 0.01605845669820764 -8.607787255675333e-05 0.005371286061934857 0.9999188038340903 0.011555735590730802 -2.4533803616180645 -0.016121362592759925 -0.011467812551827545 0.9998042763178345 196.03312296668065
0.9998105779406923 -0.010428047132052466 0.016433626225229286 0.01730241675662907 0.010214318874407295 0.9998628525058108 0.013036252102317052 -2.45271456888089 -0.016567315045920336 -0.012865924450070862 0.999779971823908 197.4198191112037
0.9997732058881613 -0.012868787913257069 0.016968532221491972 0.038649533375266616 0.01265171245444835 0.9998375376256072 0.01283871203557548 -2.4539890020480435 -0.01713099413572251 -0.012621119300841862 0.9997735925635942 198.8670216437545
0.9998049190854178 -0.00994536974810957 0.017064975627715768 0.06656926943665577 0.009809301314350639 0.9999195742983729 0.00803881475623156 -2.4444734045612733 -0.017143552150164942 -0.007869851049042443 0.999822066201852 200.32978214166312
0.9998485815635093 -0.002947924706744323 0.0171500345586213 0.08222559585078464 0.0028965425291890227 0.9999912444561502 0.0030201080140813013 -2.4540490471215515 -0.017158787451773443 -0.002969974909571668 0.9998483661346962 201.77878879343163
0.9998131434977141 0.005493445130039839 0.018533757034733395 0.09177067256175689 -0.005548452113854609 0.9999803503102109 0.0029178198382015536 -2.4612367431103657 -0.018517363968976533 -0.003020108287989321 0.9998239775968414 203.2038205850369
0.999713192553912 0.013428041225783133 0.019829784227354232 0.09443653230092848 -0.013571111836301728 0.9998827142721689 0.007098071797806094 -2.4863532650242486 -0.019732145275953884 -0.007365148237400773 0.9997781739137186 204.68366911078877
0.9996874009099177 0.014476278227887945 0.020384745047273178 0.11044025248335511 -0.014657744359177657 0.9998540120377007 0.0087809533886952 -2.4897362597271493 -0.020254653595520866 -0.009077002852385782 0.9997536481688593 206.11228750606207
0.9997280714202939 0.01268177581909731 0.019569255896278805 0.14364126040432781 -0.012870199100435162 0.99987173345232 0.009532817955238379 -2.5050359317275626 -0.019445852755151725 -0.009782085929223685 0.999763056731693 207.58169922007147
0.9997846455277394 0.009429713007490303 0.0184862943709358 0.15808336200309217 -0.009607018266998054 0.9999084766177923 0.009525942887906291 -2.516003744228743 -0.018394775535191782 -0.009701489601213564 0.9997837332806168 209.01526001253544
0.9998210767474597 0.007156389343895845 0.01751001379522159 0.18096214350692616 -0.007318640034441367 0.9999307149343086 0.009219698422867486 -2.5305875601168886 -0.017442820861218192 -0.009346198292403556 0.9998041791160319 210.48484056291554
0.9998292161860868 0.00752190292438012 0.01688074160431507 0.1912103540154062 -0.007665322553311363 0.9999349392546631 0.008447490037100882 -2.5362359204068254 -0.016816102130670713 -0.00857544367187053 0.9998218243642021 211.93435549230475
0.9998163102900541 0.009287575534312942 0.016765638033688773 0.22454163207796946 -0.009425525677927907 0.9999222188695954 0.008167966491087685 -2.5332076531866186 -0.016688473377662844 -0.008324491071485468 0.9998260837289272 213.39565029514455
0.9997534219596433 0.012791433872446223 0.01815143243576496 0.19920835706056716 -0.012956441535646537 0.9998755367079369 0.009002317243264155 -2.6137805127707296 -0.01803402070301235 -0.009235275442661868 0.9997947208226204 214.8880096439361
0.9997731651290239 0.011900272873768807 0.01766357249888201 0.22556711864902088 -0.012053083075988066 0.9998906327626674 0.008570046781427813 -2.62399424954219 -0.017559654787516428 -0.008781003302719652 0.9998072576775691 216.36442506106297
0.9997744712284135 0.012264275130075941 0.017337653690166266 0.24175320004216866 -0.012384785868315958 0.9998997695370255 0.006860609214877344 -2.6131117896791647 -0.01725177553013882 -0.007073785078520504 0.9998261537916082 217.82613255921504
0.9997925522312595 0.011380627789288982 0.016891826840985957 0.268712095356445 -0.011494947818740798 0.9999115766978297 0.006686176807761831 -2.6293374426487452 -0.016814240320294476 -0.006878960443401995 0.9998349669948884 219.33337310202856
0.9998040337191973 0.011623910029740057 0.01602432134109294 0.30071501427466935 -0.01172554878358045 0.9999116362353087 0.0062634836115137635 -2.6310499491377985 -0.01595009920175963 -0.006450150141534302 0.9998519839949339 220.81348415264148
0.9997976668615355 0.012195882015557527 0.015996430854808945 0.3127272935575206 -0.012293217955066013 0.9999064298173139 0.0060007001510068445 -2.644606212173093 -0.01592175023479912 -0.006196133621513616 0.9998540422469697 222.32457249182045
0.9998079052699237 0.011752263159494411 0.015685562482653816 0.3323045328548092 -0.0118480740223371 0.9999116312522652 0.00602933067554838 -2.659538252892864 -0.015613318088365054 -0.006214016178276195 0.9998587951812034 223.86588121341453
0.9998132205034731 0.012576446136228851 0.01467505056400503 0.3620476777247042 -0.012650090306244149 0.9999077996624943 0.004936333594171204 -2.647876875629449 -0.014611615985832565 -0.005121052303151158 0.999880130566455 225.38217690153508
