1.0 0.0 0.0 0.0 0.0 1.0 0.0 0.0 0.0 0.0 1.0 0.0
0.9999974658148241 -0.0016705750181966717 -0.001509153086416003 -0.0028886074789768916 0.0016696397886611682 0.9999984134834927 -0.0006207523448047119 -0.013559733607874791 0.0015101877054794373 0.0006182310296630609 0.9999986685608577 0.5781929027585362
0.9999946365336948 -0.0020169698730376053 -0.002580452746090039 -0.008543620975892565 0.002011183174838765 0.9999954617094742 -0.002243145713687945 -0.022429892447141702 0.0025849653925711313 0.002237943919505089 0.9999941547633828 1.15050894016508
0.9999883668773323 -0.002261774238029728 -0.004260338871740224 -0.020038217572748398 0.0022460034278493904 0.9999906218534255 -0.0037029277337649095 -0.03343950048268593 0.004268674104211343 0.0036933159214426244 0.9999840687925465 1.7138698488060515
0.9999691463298156 -0.004649814747740812 -0.006331319864893318 -0.0207036196108963 0.004616260178890693 0.9999752779509378 -0.005304114337525614 -0.04601079046402966 0.006355826490763319 0.005274723666359097 0.9999658897981785 2.2802844427291222
0.9999438256109286 -0.006962383571048905 -0.0079919232722941 -0.021180496443412904 0.006902475377084849 0.9999480563907768 -0.007499356904206473 -0.05296689424075373 0.008043721542257982 0.00744377157881139 0.9999399426007709 2.853721843634649
0.9999228335114541 -0.008021774739918624 -0.009485681443465553 -0.0324073572008198 0.007943408320519348 0.9999342478560355 -0.008270563997587178 -0.0645025103367704 0.009551402340934406 0.008194577146301368 0.999920806673566 3.428290499117812
0.9999061655634626 -0.008202260597337299 -0.010971918212725093 -0.039137222132774506 0.008118289140431716 0.9999375836721801 -0.00767607590336724 -0.07677423612577872 0.011034194560805474 0.007586282418633957 0.9999103434155779 4.016066956964812
0.9998974787351629 -0.007973948828894364 -0.01189319801981927 -0.05447472907616051 0.007877610740637298 0.9999359598321954 -0.008125237441770152 -0.09290408084851978 0.011957226605005639 0.008030714447689066 0.999896260797777 4.611203733278
0.9998873940804864 -0.007341869592695557 -0.013088013975310104 -0.06840803494547358 0.007202598343255968 0.999917275310879 -0.010656693294521891 -0.11098843061817691 0.013165171325880519 0.010561225579999408 0.9998575592444199 5.217908563009058
0.9998878988995887 -0.005422687041952406 -0.013956507421661461 -0.09123668282684376 0.005220783555457849 0.9998817810183541 -0.014462621015266854 -0.1279546102267823 0.014033283765138894 0.014388135835097576 0.9997980038457558 5.824889448882503
0.9998807457632539 -0.003801579694555641 -0.014968040745036907 -0.11228664651684374 0.0035296324231571213 0.9998289866024901 -0.0181532158141514 -0.14393480483334845 0.015034491906164996 0.01809821928433018 0.9997231709387653 6.442048964829382
0.9998678104402103 -0.001996700558367912 -0.01613613436916918 -0.1303055590596758 0.0017033880550928113 0.999833447900553 -0.01817071623315864 -0.1577769508865675 0.01616972834136173 0.0181408281556389 0.9997046815130927 7.078389095631128
0.9998500586074083 0.000774165125595498 -0.0172991609946998 -0.1563104381857288 -0.0009690686465869491 0.9999361221691608 -0.011261105063863235 -0.1731697860910197 0.01728933800700401 0.01127618063262006 0.9997869405736505 7.7542801975270805
0.9998316914343826 0.0017427447700066002 -0.018263396292262 -0.16899365776814945 -0.0017610505570798687 0.999997962968079 -0.000986286280957786 -0.18102309405393868 0.0182616402438829 0.001018283044743208 0.9998327238069595 8.435863103275667
0.9998157376409642 0.0029656034572650906 -0.018965652153005413 -0.19279407245993033 -0.002857403893855107 0.9999795033470482 0.005729583647884617 -0.19492530586788387 0.018982255093690083 -0.005674335372973866 0.9998037186916405 9.122011252735295
0.9997819775613139 0.004834221474972917 -0.020313238203676337 -0.2132759618372257 -0.0047395850038118295 0.9999777021322817 0.004704420499224666 -0.20649732300363474 0.020335527472382594 -0.004607118510825818 0.9997825967586389 9.814497140126884
0.9997475689346276 0.00694906221760821 -0.021366069914654555 -0.2325208412563145 -0.007005197019993692 0.9999722028752654 -0.002553564469542949 -0.20994716143232445 0.02134773112096852 0.00270259339983852 0.9997684583766894 10.529248952661998
0.99972587533748 0.006559076474943843 -0.022475602250111075 -0.2535530648020977 -0.006753726701555373 0.9999402498309027 -0.008595576987764954 -0.21543578889519324 0.022417880282267048 0.008745014803174132 0.999710439757304 11.24468553711716
0.9997136765510349 0.004275870786764337 -0.023543191071466258 -0.2759683362611087 -0.004444295986890021 0.9999648743813287 -0.007106211136348704 -0.2160620151687108 0.023511978861711882 0.007208809371064574 0.9996975642250301 12.009558878751749
0.9997093336722186 0.00401306505424078 -0.023772746528729887 -0.31201217399715186 -0.003953465857087941 0.9999889247917721 0.002553507687934061 -0.23772890514542389 0.023782730633080115 -0.002458780727500908 0.999714127198855 12.809181688493727
0.9997005752544434 0.0036214501650993244 -0.024200101955085093 -0.3273261094875314 -0.0033886115026669815 0.9999476431031935 0.009655483646738756 -0.23574888370274244 0.02423380176569092 -0.009570587812153891 0.9996605057222733 13.590070533555576
0.9996920585192095 0.003195848296505685 -0.02460842716004208 -0.35468681302244254 -0.0029010242837027135 0.9999237050226432 0.01200700595050874 -0.2398997179300438 0.024644922230162184 -0.011931918850541469 0.9996250582697561 14.389871518663119
0.9996876810576465 0.000960892763110151 -0.024972325215788682 -0.3767888913622256 -0.0006857948117692073 0.9999390169580847 0.011022343234323646 -0.2429468436319859 0.024981393617279704 -0.011001774856671644 0.999627376037162 15.199647908439257
0.999711853976171 0.0006826040485283636 -0.023994646720464963 -0.4168822121746787 -0.00047387807565364 0.9999620118394164 0.008703465840473339 -0.24663650916469287 0.023999676228991136 -0.008689587434383993 0.9996742002328177 16.037733856505866
0.9997354369460146 0.004063040596054637 -0.02263951888791086 -0.46547958596251576 -0.003935078101178984 0.9999760472726443 0.005693859966298703 -0.2673679888496081 0.022662110993878798 -0.005603265306320008 0.9997274789377394 16.89730217462146
0.9997642183620774 0.00010750210234595208 -0.021713961549253858 -0.49660177844684616 -0.00010691491495066813 0.9999999938869004 2.8202836708963804e-05 -0.2696502545193656 0.021713964448378486 -2.5874640645649947e-05 0.9997642237439973 17.776228133580407
0.9997714112139334 -0.0026984604693503765 -0.021209517448433652 -0.5070965980951511 0.0025656269770691817 0.9999769413248449 -0.006287636823337986 -0.27762964304859933 0.02122599532447402 0.006231783829932991 0.9997552810527096 18.69541147542688
0.9997775643332347 -0.0027468031043222044 -0.020911167557332973 -0.5020756005337155 0.0024971842518404807 0.9999254316869913 -0.011953875371464083 -0.2854173272506422 0.020942443188824197 0.011898997364913632 0.9997098718803334 19.562020771119236
0.9997809532276473 -0.001171649124378499 -0.020896717482571804 -0.5248549972304287 0.00091260923297885 0.9999226828336855 -0.012401431331618232 -0.3084851191294319 0.020909631933751505 0.01237964430079894 0.9997047222552171 20.47147330488261
0.999775971368673 -0.0004922291337710529 -0.02116045331050739 -0.5499164728073951 0.0002470084499058191 0.9999328068597123 -0.011589683019086172 -0.3355403751761833 0.021164736252832713 0.01158185978749036 0.999708914866328 21.402062428400935
0.9997650259973248 0.0005331709775873571 -0.02167045272432368 -0.563686056256263 -0.0008209036588194716 0.9999116004448693 -0.013270923591181859 -0.3491628280551078 0.021661461394638773 0.013285594623076115 0.9996770848957977 22.324669215411284
0.9997596434348686 0.003018242992254514 -0.021715100004933017 -0.590962070363616 -0.0033509282029999766 0.9998773267598293 -0.015300415412528265 -0.37345499981929514 0.021666255771657334 0.015369503598272119 0.9996471135955827 23.287894687503503
0.9997376920066314 0.006688109426969726 -0.021904711218059477 -0.6209809077600382 -0.007036927517482236 0.9998490443128023 -0.015886164983705632 -0.4011979852506482 0.02179515616753877 0.016036139780779297 0.9996338396575838 24.301731166464883
0.9997424559982133 0.00601398051542058 -0.02188272636169166 -0.6326346230264965 -0.006365204930583331 0.999851471560507 -0.01601621005357846 -0.41663183812053 0.021783154979300202 0.01615137321247985 0.9996322460297582 25.333090660315733
0.9997256061833761 0.006784557382722963 -0.022420573641225735 -0.6545246651705345 -0.007142208154965236 0.9998479106359612 -0.015910514120352808 -0.4473470561641174 0.0223092179144011 0.01606628077755824 0.9996220152727852 26.319491298327943
0.999726922556682 0.00720788546473422 -0.02222896089503981 -0.6921556823027541 -0.007563189514182549 0.9998443228050777 -0.015941402661876544 -0.47412892370242926 0.022110596548227616 0.016105171268347273 0.9996258024774564 27.311242398136155
0.9997107983316245 0.008025050205645526 -0.022669765511423804 -0.718519452972394 -0.008361082051307383 0.9998560003947405 -0.01476721983190765 -0.5072426874724386 0.022547993393589972 0.014952492896819906 0.9996339384745264 28.321603496389205
0.9996912361195305 0.008851387012827252 -0.02321821211364703 -0.7429628034105507 -0.009146586465109376 0.9998782917060515 -0.012638897539920103 -0.5415614416764057 0.023103514491120837 0.012847362489533543 0.999650525381356 29.368795692505923
0.9996730227767375 0.009475026435015365 -0.02375018750401995 -0.7742145491638965 -0.009744726844244248 0.9998890546551388 -0.011265819081807875 -0.5718689597927026 0.023640808597664566 0.011493574505292984 0.9996544452529283 30.402312130316346
0.9996759071970351 0.009365243156408 -0.023672194456918736 -0.8046877057846721 -0.009655551224772683 0.9998792105880501 -0.012179267809007065 -0.6012705348743782 0.02355527330197236 0.012403888682146341 0.9996455835170934 31.46176132855722
0.999657061377541 0.010796953229567849 -0.02385760757028746 -0.8399010550681186 -0.011116497632037838 0.999849728454331 -0.013302029551825266 -0.6247224772718508 0.023710401059792517 0.013562680810196041 0.9996268656707985 32.514517879073935
0.999657755115377 0.010970788717111747 -0.02374898803337433 -0.887197942621623 -0.011267848108467765 0.9998594936613612 -0.012410823270473877 -0.6486932471090983 0.023609494630113602 0.012674175719585479 0.9996409140452084 33.559666648624
0.9996530583467881 0.010956551976841263 -0.02395238832959677 -0.9231490882773717 -0.011195778444489608 0.9998885494517078 -0.009876397135676073 -0.6714434168062812 0.023841507564223572 0.010141136235080589 0.9996643135937816 34.605267355024225
0.9996449509013183 0.010994937949535263 -0.024271041942748883 -0.9612451971768228 -0.011149791802742386 0.999918280822278 -0.006254104266453274 -0.6986247700987752 0.024200295044819284 0.006522500816867687 0.999685852006938 35.650097291051424
0.999639424505318 0.011309157657012885 -0.024354135742531532 -1.0062175379725193 -0.01140962159723212 0.9999269470451737 -0.003990126304560726 -0.7194944357498503 0.02430723163350363 0.004266559035944526 0.9996954311010469 36.7099248323871
0.9996322929289273 0.011676573554010188 -0.02447318049811127 -1.0496422434250645 -0.011765359278056593 0.999924705639107 -0.0034870293379280493 -0.7380319916917221 0.024430621251077336 0.003773682893820462 0.9996944053373027 37.779333031308646
0.9996310472590524 0.010976911695732988 -0.024845055149753943 -1.084620789489252 -0.011107602748979413 0.9999251577370831 -0.005128360911657668 -0.7567387343082719 0.024786902124733126 0.005402437791722695 0.9996781597839204 38.85200177038821
0.9996018387462633 0.011450794009179591 -0.025788433291860195 -1.1101623817528317 -0.011593616777204028 0.9999182346739364 -0.005395555261701328 -0.7867529051054488 0.025724541300336527 0.005692388173524041 0.9996528620935216 39.94082387421774
0.9995943865147336 0.010972854396457008 -0.02628039030584176 -1.1525148701220382 -0.01108978784650007 0.999929227031451 -0.004307845610561831 -0.8058219572540727 0.02623126100195808 0.004597542243304745 0.9996453288799824 41.02862569021158
0.9995716068049456 0.0111897732564065 -0.027044257132511604 -1.195935530356184 -0.01125921331170571 0.9999336925690794 -0.0024167293533625673 -0.8240219425329792 0.027015421243813762 0.0027201911028648653 0.9996313158236807 42.11767955964774
0.999548147649689 0.011291012919675224 -0.027857019893073497 -1.2229530368011807 -0.011292615342982407 0.9999362314060175 9.980103646574335e-05 -0.8478798874696768 0.027856370344874506 0.000214822669121435 0.9996119129354302 43.20392421919503
0.9994913258544196 0.013478721426787445 -0.028903522457887364 -1.2285902445182793 -0.013502502721297546 0.999908639998511 -0.0006277551987376452 -0.8907284017063308 0.028892420494584573 0.0010177057665410024 0.9995820087981461 44.34852369830551
0.9994637276829712 0.014715257661262398 -0.02925266206727536 -1.2630023900014764 -0.01484587978770133 0.9998807482387306 -0.004253134712812094 -0.9148167835079812 0.02918658766263493 0.004685135378926039 0.9995630008194043 45.43145397094462
0.9994416886197647 0.016224563023929925 -0.029207440893645752 -1.3104896672612705 -0.016474799195871352 0.9998294366270101 -0.008347373573251783 -0.9414359560213008 0.029067026685387017 0.008823899863338857 0.9995385168921069 46.54519358333273
0.9994270722462629 0.016805973795095477 -0.029378333956536048 -1.348673050196106 -0.01707234544670811 0.9998151800268472 -0.008839729002150092 -0.9626800358671588 0.029224343999677046 0.009336221542023985 0.9995292755518004 47.6229098378823
0.9994159935183687 0.017684148799246832 -0.02923940459274222 -1.3886512350223819 -0.017869133759434472 0.9998218637884834 -0.00607739658166972 -0.9894556636335193 0.029126722410518786 0.006596330174388514 0.9995539617598697 48.71471096078381
0.9994199911694217 0.018201092954017145 -0.028781964251804935 -1.4362029455034344 -0.01832231757086017 0.9998243150463761 -0.003953697115013907 -1.017429645617494 0.028704946085047756 0.004478756225108483 0.9995778943198627 49.818959263712415
0.9994380487477856 0.01684710537926084 -0.02897864309381819 -1.4687002374956442 -0.016929689213835416 0.999853284311298 -0.002606813194981143 -1.0470255492573735 0.028930474215639136 0.0030959477144589347 0.9995766317643723 50.91710220253567
0.9994400332755285 0.017584468634323832 -0.028467636871698093 -1.504126535722636 -0.017689785631553195 0.9998375647174783 -0.0034519073179891386 -1.075039935512953 0.028402312767098342 0.003953560758452344 0.999588754431946 52.008754145933324
0.9994630121789448 0.01658502484364487 -0.028259940501105116 -1.5372577046470566 -0.016739052638116016 0.9998462527107165 -0.005222552739455233 -1.0986358863583385 0.028168979444926648 0.005692792923837353 0.9995869650539455 53.07606296387247
0.9994694291468834 0.01631740247679405 -0.02818869591189487 -1.570395204950355 -0.01654144374321922 0.9998332761804937 -0.007733077076471718 -1.1146503381872042 0.028057812453804676 0.008195255858791361 0.9995727071812816 54.19579264323494
0.9994712650427885 0.016080150004312763 -0.02825985013418977 -1.6068564356312038 -0.016366278821521595 0.9998168232757848 -0.009922943729267712 -1.1549866072450612 0.0280951111637644 0.01038020570879017 0.9995513573889733 55.25053238198765
0.9994936976486782 0.014545671166160958 -0.028297911776285132 -1.641645703553617 -0.014919881972788034 0.9998034226100848 -0.013058072563675522 -1.1898861872272513 0.028102410617073005 0.013473662734611347 0.9995142394833719 56.33914352861828
0.999516117982504 0.013486272694424331 -0.02802945490010413 -1.6899695984458898 -0.013893341212267584 0.9998000864813592 -0.01437922605101729 -1.2315628377913215 0.027829929269490673 0.014761690983026703 0.9995036705866451 57.45269064700021
0.9995342366104224 0.012165819776549711 -0.027987544958151894 -1.7209969397228957 -0.012507970147428734 0.9998487683609449 -0.012082677265094693 -1.2661644636531169 0.027836316681829388 0.012427116973212915 0.9995352451201123 58.54664841307457
0.9995545386321789 0.01050792705540681 -0.02793398948968975 -1.7510750612707937 -0.01068547904592096 0.9999235975505312 -0.006214466925051151 -1.295266173495261 0.027866554099332624 0.006510186679475495 0.9995904524514164 59.649265498690006
0.9995652835091947 0.009480039439520794 -0.027917250140519895 -1.7779586478851888 -0.009485752435305543 0.9999550066309802 -7.22106108625816e-05 -1.3191976192848656 0.027915309489943377 0.0003369953432266991 0.9996102350067346 60.76414627178015
0.9995967130222823 0.00552817065601873 -0.027854095645828417 -1.8007513082028213 -0.005532793136094825 0.9999846900325827 -8.888505295606533e-05 -1.3296443954255126 0.02785317782879013 0.00024296015597306264 0.9996119954538363 61.94485979193402
0.9996050786026198 0.0022937116916577757 -0.02800760108480823 -1.8227194987845494 -0.002383699119217797 0.9999921027584893 -0.003179999868550706 -1.3475641973384005 0.028000085899140364 0.00324550571259621 0.999602651998438 63.040394468859056
0.9996101436922403 0.0011012825668637533 -0.02789888535921298 -1.8613959536405806 -0.001275528318872356 0.9999797886384996 -0.006228590692081307 -1.3697477511480793 0.027891462046410208 0.006261748255052196 0.9995913449273678 64.13419052843375
0.9996040090914738 0.0033007341488083936 -0.027945127702904027 -1.8974664707093645 -0.0035858658828358267 0.9999419632681624 -0.010159314016367663 -1.4014911244728754 0.027909972664319074 0.010255498500401652 0.999557831331627 65.22937843624089
0.9996155712149715 0.003532846124872735 -0.027499614230461388 -1.9428127792297587 -0.003931025798035375 0.999888026395817 -0.014438895610578525 -1.431017508540496 0.027445524603137084 0.014541446576457763 0.9995175283659224 66.33555798430851
0.9996249517065193 0.006687614216049395 -0.02655619968738437 -1.9994450086568876 -0.007092837402137535 0.9998594023240231 -0.015194316102873131 -1.4591620677456252 0.026450852223052827 0.015376976306949456 0.9995318409217036 67.44933980775996
0.9996063474222778 0.011112491077233222 -0.025761652414992675 -2.0427169306594375 -0.011409588733697318 0.9998697580080222 -0.011414390299394289 -1.4904007337076455 0.02563145485571143 0.011703826854385332 0.999602945653394 68.55519909828628
0.999598296183968 0.012126749064617118 -0.02561617112747279 -2.0778846700536873 -0.01236816890425809 0.9998803811541884 -0.009287183691016809 -1.5224146982021811 0.025500483604510443 0.0096002781250729 0.999628711070194 69.64094877687066
0.9996035453532743 0.011168303390619912 -0.025846104475134146 -2.1022373473567173 -0.011395954140652646 0.9998974117063083 -0.008677458858987644 -1.549926843472363 0.02574654047418067 0.008968559661414374 0.9996282712044567 70.74468329033388
0.9996155930035031 0.009454042558816803 -0.026063140707727986 -2.133194488069394 -0.009664738374056254 0.999921533126102 -0.007969970069372695 -1.5748425194445117 0.02598574717832434 0.008218799793262564 0.9996285271407287 71.85284334658218
0.9996190969751327 0.008389053370191607 -0.026292294425785536 -2.171880895514376 -0.008562703527188185 0.999942219959606 -0.006498988425941591 -1.6054778717483122 0.026236254895194083 0.006721646063809117 0.9996331719202136 72.93718160193137
0.999611685739233 0.0067585288546232105 -0.027033313176341268 -2.1976744071590804 -0.006883406556854759 0.9999660528042515 -0.004529012393198407 -1.6298900567935937 0.027001786010224765 0.004713334998270473 0.9996242734274974 73.9879596827682
0.9995887461863356 0.005685930481160235 -0.028107093271855423 -2.227727156633877 -0.005765137712333879 0.9999796335632072 -0.002737817735281604 -1.6541009780530702 0.028090953789203975 0.0028987330607025113 0.9996011682975644 75.0936109723409
0.9995579691066183 0.004664821966217627 -0.02936163877368003 -2.2511711771004825 -0.004782816601879425 0.9999807620072352 -0.003949719076360964 -1.6827430135364203 0.02934264917837794 0.0040884045118941776 0.9995610506055854 76.18379425610708
0.9995293223866462 0.004897717250505909 -0.0302844193443783 -2.277655824981728 -0.0051329760601748434 0.9999572153509186 -0.007695454788524887 -1.7083253089728077 0.03024543347445577 0.00784728190972234 0.9995116977407376 77.26358427515271
0.999492605247881 0.005446014400034834 -0.031382686022042174 -2.3129415541421188 -0.005747301223056064 0.9999381840937627 -0.009518220417701728 -1.7395049313348265 0.031328909707408044 0.009693756672369543 0.9994621205919322 78.32869771226554
0.9995172442229622 0.00663311051145542 -0.03035260031493679 -2.389437540974844 -0.006880764573994628 0.9999438274371464 -0.00806207474709748 -1.7747038419713215 0.030297418698838716 0.008267031830914042 0.9995067396495603 79.57261250368006
0.9994964253022258 0.007708084346134055 -0.030781183274607708 -2.4378637107088617 -0.007824508477203413 0.9999626766575678 -0.003663653766757401 -1.8018142528128702 0.030751794665714687 0.0039026564728895765 0.9995194327261938 80.66987050747403
0.999461872110501 0.009065203822219491 -0.031524407639705244 -2.4761196391600473 -0.009053475256510938 0.9999588839543884 0.0005147683690874711 -1.8315771129443454 0.031527777960909865 -0.00022908591332919729 0.9995028497890799 81.7559362570543
0.9994446164944693 0.010444246369021902 -0.031644529985552936 -2.5268784509367506 -0.01041156043576593 0.9999450811771418 0.001197513645799278 -1.8518545854761757 0.03165529923276322 -0.0008673796300667616 0.9994984690748964 82.84669769083574
0.9994398948779184 0.010318740209519747 -0.031834260269462275 -2.5838067948030643 -0.01035233555962027 0.9999460164656877 -0.0008906755097881678 -1.8732707533710857 0.03182335109438422 0.0012197355824747837 0.9994927646412616 83.92383036142029
0.99945215680879 0.010225161591407505 -0.03147748911027602 -2.65454052649888 -0.010284213648845898 0.9999456459404691 -0.0017146761568779686 -1.8940672919056483 0.03145824534017803 0.0020374580063595915 0.9995029902731605 84.95421706649289
0.999437351478095 0.009990931074481455 -0.03201814745914835 -2.693309472015021 -0.010062068879378527 0.9999472512316804 -0.002061437380396271 -1.9132838438417448 0.0319958628625241 0.0023824463208252404 0.9994851618254325 86.00735594318616
0.9994360984815789 0.009502510090752007 -0.032205393242358486 -2.750457220380623 -0.009571424463224275 0.9999522199897188 -0.0019863462381107125 -1.9350497058625318 0.03218497919316688 0.0022934776231786 0.9994792979720627 87.05133057415127
0.999421293144396 0.008407804184411316 -0.032960394997329945 -2.7831553071508113 -0.008420830858999258 0.9999645112972481 -0.00025642484272829003 -1.9626282154515218 0.03295706930580362 0.0005338303592321767 0.9994566256761321 88.09088781376147
0.999397076839988 0.00825111971812659 -0.0337253884645406 -2.8215888123887516 -0.008168910947716372 0.99996331934245 0.0025746579496684235 -1.9876094949486678 0.03374539520609154 -0.0022976059337174864 0.9994278209602523 89.09386538867204
0.9993848376394625 0.0071996340580381055 -0.03432362984556644 -2.8680237544447356 -0.0070945915075615405 0.9999697730120616 0.0031811685819609216 -2.0034456038069894 0.03434549559528814 -0.0029356995139757334 0.9994057077086751 90.08616375975672
0.9993258043720334 0.006491056234914561 -0.03613589496807141 -2.9198799053586364 -0.00636565005493851 0.9999733150155088 0.0035843766922540586 -2.0289456568636575 0.036158197072951155 -0.0033519316593703997 0.9993404571709206 91.02968275699932
0.9991907734409715 0.006227976242027124 -0.03973676612863453 -2.9561155947050977 -0.006120958533998366 0.9999773066443658 0.0028142606320662312 -2.0470426799934835 0.0397533915164244 -0.0025687561598701724 0.9992062196337316 91.96229370970038
0.9990561832270384 0.006024692090170415 -0.04301680881982108 -3.006203726574095 -0.005947264603633989 0.999980456845452 0.0019276853725082948 -2.0677182100238904 0.043027581846494245 -0.0016700336462653162 0.9990724889556631 92.89905485377088
0.9989229350044059 0.006203177655110815 -0.04598358956369735 -3.064360885181844 -0.006100512619819281 0.9999785769182291 0.0023726462797395396 -2.091240939171451 0.04599732239988397 -0.00208956731704678 0.9989393775602545 93.82168799228015
0.9987320541343171 0.0070368452553877525 -0.049847435776570165 -3.034813993410705 -0.0068905510653395775 0.9999714358841035 0.003106078218633333 -2.11317219063172 0.04986786892041315 -0.0027586635779028377 0.9987520139777444 94.81251610640064
0.998595351201732 0.007690450993988301 -0.052423101031877944 -3.092449672537522 -0.007472364319591657 0.9999625987981161 0.004354856644389466 -2.136291655869595 0.05245463115650239 -0.003957015090564342 0.9986154683870104 95.6566628938287
0.9984194139581766 0.009265799879313228 -0.05543301168083746 -3.1461616150472027 -0.008954562711480613 0.9999427340784839 0.0058604070074122164 -2.150113612134753 0.05548413861688315 -0.0053547657505146 0.998445209736468 96.48218758441602
0.9982368350644583 0.01078976932516841 -0.058367816460814195 -3.1944947208423247 -0.01043633724166039 0.9999253347461718 0.006356712808876225 -2.1589127731963274 0.058432045877856865 -0.0057363586591019115 0.9982749071292247 97.30246807771324
0.9980650928569041 0.013074303657097735 -0.06078760568093949 -3.2524107619275906 -0.012682423524160661 0.9998962612916414 0.006828088206175414 -2.1761578713663825 0.06087057215184692 -0.006043942329266247 0.9981273687295762 98.0758920716004
0.997862544634961 0.015119267776416227 -0.06357475722757734 -3.3060157614063055 -0.01477098922971068 0.9998732310468298 0.005944721452571589 -2.196813352398625 0.06365657775765318 -0.004992952821519112 0.9979593731862565 98.81102275468358
0.9976922331745635 0.016494114772790027 -0.0658646494032606 -3.3655686582497752 -0.01637528358078812 0.9998631693013459 0.0023436642927166427 -2.218083980900818 0.0658942937650991 -0.001259703350084372 0.997825814056075 99.52496786077744
0.9974742185897573 0.018571960112089406 -0.06855848267244678 -3.4191297057228685 -0.018685331797295396 0.999824901086568 -0.0010126909003486057 -2.2400440685911143 0.06852767050161714 0.0022911710607519784 0.9976465851747262 100.20803811630331
0.9972930953961014 0.020664007755902367 -0.07056543529750559 -3.4736449825520492 -0.020991745810076838 0.9997720190194105 -0.003905968983063198 -2.2461763171902813 0.0704686347470104 0.00537668757838292 0.9974995051365073 100.8526185843039
0.9971802614385431 0.022463883511884587 -0.07160237520448053 -3.5204265036391282 -0.02287441102563734 0.9997262473054482 -0.004918512864257448 -2.261524244461537 0.07147228496129761 0.00654250610470827 0.9974211287597035 101.48407920483773
0.9971735537173612 0.024736605424390105 -0.07094366863059054 -3.5650244601647034 -0.025099234674260916 0.9996760385462601 -0.004224497037827457 -2.2840855527685036 0.07081618590022609 0.005993188511491066 0.9974713777878593 102.07356309093775
0.997274326953931 0.028462607295799927 -0.06807199706567336 -3.6122048731598793 -0.028719889316615944 0.9995835668910851 -0.0028037045024478474 -2.298287650703733 0.06796384889207861 0.004751082741943527 0.9976764718367142 102.64050280493677
0.9975586732677667 0.031018552856835337 -0.0625663069624609 -3.6504172801067583 -0.031149413813096157 0.999514115124057 -0.0011169990482931618 -2.316744962801722 0.06250125924614372 0.003063175874987578 0.998040184334381 103.19082597245769
0.9979489926101174 0.03184658463501074 -0.05553020075181655 -3.673394146303838 -0.03185132984692086 0.9994922976660005 0.0007998083031051373 -2.3292611414250675 0.05552747910210402 0.0009705428502468623 0.9984566876490644 103.71833264485858
0.9984235441106946 0.031717643933063984 -0.04630785709547813 -3.689054295307635 -0.03160547105547335 0.9994954500834422 0.003152691208955219 -2.3393787222560216 0.04638448840724118 -0.00168413949325957 0.9989222406720984 104.20936395048273
0.9989122580214079 0.03142924341859322 -0.034445659127197104 -3.7030781374589825 -0.031299589677863074 0.999500811455415 0.004296927502805847 -2.352224624788365 0.034563513429187856 -0.0032141185575172704 0.9993973348880457 104.69443748069551
0.9993154853236753 0.030589508826850718 -0.020804873035884377 -3.7100772624153504 -0.03050169337561875 0.999524471155384 0.004525291456868978 -2.368097699190992 0.02093340616161121 -0.003887609970392881 0.9997733138042799 105.14999185170092
0.9995171233026706 0.03054514967394289 -0.005702109798160952 -3.7026647053056583 -0.030525609719575686 0.9995279166494644 0.003482957023780673 -2.3755905709541825 0.005805805370661605 -0.0033072148067192597 0.999977677227957 105.59173706645505
0.9995051220493795 0.029017351793283706 0.012145134497399008 -3.687558518613763 -0.029023105464787084 0.9995786966068366 0.0002977229541769992 -2.3876598146714922 -0.012131378579326538 -0.0006500651370536187 0.9999262008113812 106.02155647633535
0.9990529552211334 0.0284247996818596 0.03294272950085266 -3.6628316412610165 -0.028296549892546437 0.9995900947507622 -0.00435290022179258 -2.3981932070277256 -0.033052956419945614 0.003416612241447065 0.999447761932905 106.42306216823684
0.9980040521008418 0.02663010926446277 0.057260363872954335 -3.6253148863769096 -0.026135050490070862 0.9996144370866669 -0.009377435885544435 -2.4067189658699975 -0.05748800854249351 0.0078622165111897 0.9983152380011784 106.81395280696205
0.9961482824592127 0.024096008125776728 0.08430884737655399 -3.573834088734462 -0.02315334306219329 0.999658198774499 -0.012141183137103887 -2.420547746657912 -0.08457258455672831 0.010142387062561344 0.9963657008980529 107.20818140460344
0.9932002822259084 0.02155684683056 0.11440499001835416 -3.4995848557083615 -0.020107690105372118 0.9997024939588991 -0.013805954185920835 -2.4312267277552726 -0.11466856668242723 0.011411657508057279 0.9933382575376408 107.62678209069082
0.9889181732135846 0.019316298934882882 0.14719961713049762 -3.4222425689733784 -0.01719049839269114 0.9997289581146291 -0.015700225222876497 -2.445786658521887 -0.14746299011249478 0.012995803264762297 0.988982191773232 108.01211637028648
0.9829824779542389 0.017198943672501667 0.18289243935027621 -3.3251881472457794 -0.014214731003222406 0.9997437884522863 -0.017615302256172378 -2.4576411544725274 -0.18314854478660314 0.014715766633797873 0.9829751048500309 108.385125456768
0.9751025766720809 0.01375337493473432 0.22132738114696357 -3.208585073364912 -0.009993281410336766 0.9997862446311653 -0.018099706433131472 -2.4743209410610576 -0.22152900327975678 0.015437283576340265 0.9750315846072173 108.75397222767711
0.9652924554224729 0.011423880477105899 0.26092138750837957 -3.076343131896255 -0.006699950162192107 0.9997972788716833 -0.0189871490382754 -2.4909689649959783 -0.26108540015151616 0.01657999142407315 0.9651733096766095 109.1034831704768
0.9529794831855877 0.0123675039655304 0.3027823466997256 -2.94889418040673 -0.006562363622192084 0.9997747746166863 -0.020182552461081627 -2.5083466027863635 -0.30296376022722643 0.01724659055630335 0.9528460080743177 109.43614580474713
0.9378196971633338 0.013822028918620338 0.34684746954395623 -2.802105953521995 -0.007158259646119055 0.9997645079394236 -0.020486287693987516 -2.5285309642408187 -0.3470489517795891 0.016729619876581295 0.9376977897422354 109.75500266147985
0.9198515129986335 0.014308164505637853 0.3920057020791971 -2.6368965996825042 -0.007237683434950708 0.9997834922831857 -0.019508574948788257 -2.5397328346759993 -0.3921999617192996 0.015107779006745292 0.9197559160129731 110.09056047351517
0.8992141300262704 0.013418618381960781 0.43730297168189586 -2.4591439303362153 -0.006101366139794398 0.9998169623907578 -0.018133258034510033 -2.5570923310569547 -0.4374662520610314 0.013637536303792431 0.8991314119255521 110.40886308415936
0.8757815148510283 0.01226942043562185 0.4825517584336545 -2.263565304037306 -0.003536613654577965 0.9998131758102168 -0.01900278506290322 -2.5704474638271977 -0.48269475925174116 0.014935688750860803 0.8756612898789354 110.71680212989706
0.8505756005114011 0.01259083743207888 0.5257020245608993 -2.0446101841599167 -0.0013687782333795698 0.9997629346131636 -0.021730186833597284 -2.583566955767487 -0.5258510000568767 0.01776359722674942 0.8503911925418493 111.01365497874917
0.8225264941725928 0.014917522476991872 0.5685311195592481 -1.8267482692095707 -0.0008122526733784837 0.9996857359489691 -0.02505533048599657 -2.6003098516999352 -0.5687262141221716 0.020146882223221585 0.8222801204619661 111.28852659513652
0.7915382281856951 0.01967308299630088 0.6108029167629042 -1.5884183694713194 -0.0020384051561021035 0.9995611403580743 -0.02955286095263158 -2.6177039441061583 -0.6111162558998657 0.022147155381372505 0.7912309557161191 111.55611355217165
0.7580033674148469 0.025905423647133358 0.6517359925716971 -1.3298208415289543 -0.005098148494390483 0.9994157590600671 -0.03379570126982119 -2.6276762337702055 -0.6522307136816556 0.022294608497401194 0.7576925805115593 111.79782143748572
0.7214552622906525 0.030832320922342536 0.6917742930318151 -1.0498930321088205 -0.006464358426333172 0.9992645886719356 -0.03779542163335676 -2.6281464312445952 -0.6924308749494508 0.02279582884759831 0.7211240070916299 112.02549330865443
0.6830252458225599 0.03139148568491489 0.7297198696729625 -0.7417439037568785 -0.004198920694578497 0.9992282359009526 -0.03905511033489617 -2.6401082437185206 -0.7303826960121881 0.02361159047510473 0.682629921817967 112.234535889221
0.6409106862293285 0.029860519084302414 0.7670344462128591 -0.42057725570978244 -0.0014924928213469624 0.9992896809129477 -0.037655093760040205 -2.6771370501301393 -0.7676140076511303 0.02298875857707854 0.640500001746179 112.43266547672344
0.5969787783289799 0.027745559928048027 0.8017771025223392 -0.11753273935040438 0.0004041350608808876 0.9993912542338692 -0.0348849198896375 -2.691790218000353 -0.8022569257411812 0.021149583095960895 0.5966041570716515 112.61729419043259
0.550605039719106 0.026126330222039588 0.8343569410660228 0.21411798906171986 0.0014117250524797052 0.9994795314131945 -0.03222845510472686 -2.7100918310988518 -0.8347646957486271 0.018923032399436795 0.5502815838972916 112.79889872769373
0.5026604083760432 0.023464218662668672 0.8641654611784597 0.5664778745811335 0.003382303705825545 0.9995705444473951 -0.02910818947958843 -2.7268730673169106 -0.8644773414456107 0.01755440445268751 0.5023651749588545 112.96079203271363
0.45198144419601805 0.019839589717487126 0.8918066857690201 0.9339789942460999 0.00593434916422788 0.9996636384872878 -0.02524665099283724 -2.741950265463275 -0.8920075995205865 0.016703310037201633 0.45171167998107187 113.1065966672865
0.4006701854270499 0.01982389216749652 0.9160078688576782 1.3026162791987643 0.004360865113157964 0.999713316367613 -0.023542895589408877 -2.759782879280291 -0.916211976218014 0.013427523099977757 0.4004688705231423 113.22971385111455
0.34918054046088565 0.02467398979992433 0.9367305612559019 1.7267287401779894 9.688652384838163e-05 0.9996523123695493 -0.026367498690896548 -2.783985354069852 -0.9370554630204369 0.00929777401135158 0.34905674412907217 113.36723347102752
0.29901360743492955 0.02980965817589547 0.9537831235916193 2.111179733973641 0.00020532534334152054 0.999509914317208 -0.03130317912147135 -2.7943547504254305 -0.9542488252076884 0.009555912360617714 0.29886094446866585 113.45249571356659
0.2526080624932262 0.031629208482285544 0.9670515808033212 2.5039582041987227 0.001697261607263473 0.9994495370360221 -0.03313219312870083 -2.8144977256404387 -0.9675671997677757 0.010010798632733428 0.2524153280691964 113.5155216438534
0.21152646863080826 0.03113064130123104 0.9768763669168959 2.929692048718773 0.008804965755080066 0.9993913608855344 -0.03375470878872142 -2.8382471516912675 -0.9773326074815225 0.01574137730738985 0.2111236211176638 113.5661995743191
0.1764887880829027 0.030954204082885052 0.9838158084370386 3.3777860468987955 0.01660050778636847 0.9992696305475738 -0.03441843410950105 -2.8575807720116546 -0.9841626546573811 0.02240630971200853 0.17584603055749237 113.6092066563192
0.14622028643329432 0.03226559465599179 0.9887257249798149 3.851543173460974 0.022005967718047352 0.9991145417200626 -0.03585902826766753 -2.867652197433945 -0.9890072624708868 0.027001183770426714 0.14538077883557377 113.65525606684392
0.11818719737696626 0.03068663874847753 0.9925170611019735 4.330302122340984 0.02009770246047225 0.9992437159569718 -0.03328781272948091 -2.8866677600946247 -0.9927879273701853 0.023881505874276465 0.11748108335042085 113.69845994848929
0.09259232124868533 0.02714776718588849 0.9953339443536533 4.827926756963771 0.01420355696443737 0.999490521660529 -0.028582443568064626 -2.9053766306146964 -0.9956027927920545 0.01678379717419191 0.09215955260892572 113.73999344715037
0.06841601571339351 0.02299465394352343 0.9973918461086007 5.371021133467999 0.009214598816604594 0.9996771361046353 -0.02367941549708288 -2.9299504651652297 -0.9976143242569013 0.010810616987575782 0.06818204014103868 113.78655715513747
0.04587832374541445 0.02056334853534963 0.9987353644020648 5.9272161555247 0.013042916623586377 0.999690551330492 -0.02118216009964927 -2.956304527609604 -0.9988618832132206 0.0139982240856022 0.04559592071872387 113.79979991787106
0.025628461897296395 0.02095753399769583 0.9994518316104657 6.507883516820955 0.020823127496547862 0.999552111082809 -0.021493594189026338 -2.9871806369369187 -0.9994546409427703 0.021362560675992428 0.025180581790800627 113.79833299937343
0.008255906276698921 0.023321360083211867 0.9996939302483634 7.078975658369235 0.02611913149251776 0.9993818790920709 -0.023529783519571995 -3.0076941441453076 -0.9996247450826871 0.02630539690387748 0.007641669457817635 113.78478832651936
-0.006155804355505667 0.028733407983113704 0.9995681554243375 7.672085982458289 0.02652420136177945 0.9992400898710972 -0.028560629133849245 -3.0260727439236397 -0.9996292176676592 0.026336933384079456 -0.006913257196578648 113.77476916917966
-0.017094309126749252 0.03313415032574015 0.9993047146279611 8.261409892319632 0.023389867151591498 0.999190494732782 -0.03273025130195718 -3.045935507724663 -0.9995802612647523 0.022814103485555223 -0.0178554745677717 113.75621244959675
-0.023079343227493387 0.03276682779947741 0.9991965166633376 8.933532113139796 0.02610830071764642 0.9991416134122006 -0.032161980375926574 -3.0697854945112306 -0.9993926658475262 0.025345045749099303 -0.023915018422563605 113.7278984572573
-0.026543489861820202 0.02955525823234165 0.9992106533943558 9.640229972834042 0.031637981767680914 0.9990869370588766 -0.02871115302421929 -3.1046880279098112 -0.9991468767181448 0.03085091423494363 -0.02745432270599335 113.73195854844322
-0.02601134052592524 0.027645559358890157 0.9992793069066217 10.294278949871867 0.0332750527475227 0.9990875428970498 -0.026774101153637 -3.136682337741726 -0.9991076924079275 0.032554641384442945 -0.02690751373940703 113.70862913523118
-0.024439596196319524 0.027242123398223256 0.999330062016808 11.007303859417195 0.03209254419966861 0.9991348072991657 -0.026451946054142483 -3.169550822017536 -0.9991860561199568 0.03142456930516191 -0.02529272028532925 113.70610283246006
-0.022956764131285556 0.027561204841059256 0.9993564764228677 11.832370005757891 0.02804413580255491 0.999244298838427 -0.026913893920952097 -3.1977401242908337 -0.9993430409162353 0.027408232825367935 -0.023712345849410177 113.70134021307786
-0.021436226386236212 0.028652727440884 0.9993595496159111 12.606684664596946 0.02787755886938493 0.9992176943155506 -0.028050687659998068 -3.23254071338096 -0.9993814736674892 0.02725840378513025 -0.022218224800482966 113.67263558334685
-0.020565588987472294 0.029110546598175135 0.999364614455782 13.389293981220801 0.027290031175750275 0.9992199217632083 -0.028544739444503503 -3.2706994227876183 -0.9994159848371572 0.026685652105269794 -0.02134397394328369 113.66393383064356
-0.019071779556016244 0.028024587276942514 0.9994252797145586 14.212467718775484 0.027732265245240195 0.9992373168465394 -0.027490108870214216 -3.3277892450952278 -0.9994334338458637 0.0271920416534989 -0.01983441911879491 113.63044750865912
-0.01833256149617357 0.026540359358573917 0.9994796278634731 14.980907642249983 0.026726789618864055 0.99930341389146 -0.02604545452746523 -3.3581254342078526 -0.999474659961751 0.026235401845427036 -0.019029129889486907 113.61809652219792
