1.0 0.0 0.0 0.0 0.0 1.0 0.0 0.0 0.0 0.0 1.0 0.0
1.0 0.0 0.0 0.0 0.0 1.0 0.0 0.0 0.0 0.0 1.0 0.0
0.9999610421671515 0.008700133763219141 0.0014905772326140863 0.03190231497125404 -0.008700244052468331 0.9999621498807452 6.752263077707807e-05 -0.023161679180863384 -0.0014899333581682682 -8.048838594451016e-05 0.9999988868094843 -0.4638645845849438
0.9999595465087169 0.008601818837413544 0.002629459786630444 0.024035482653603075 -0.008604005754770008 0.9999626473967577 0.0008215206871937857 -0.049394279636130564 -0.002622294997339864 -0.0008441113409499321 0.9999962055152964 0.757052663039556
0.9999584462343134 0.008525683606845679 0.0032277737984105826 0.022978305196198267 -0.008527991377565871 0.9999633896895597 0.0007018857670230473 -0.06610904415494627 -0.0032216715726320054 -0.0007293830281479242 0.9999945444014564 1.9663872109640335
0.9999536813183992 0.008800306718923593 0.0038974118892061743 0.02877696828290642 -0.008803540566873214 0.999960917291503 0.0008133652458193899 -0.08217583578531122 -0.003890101704155693 -0.0008476385954859841 0.9999920742773628 3.2011494814006385
0.9999406455704919 0.009715987217100142 0.0049300028869305275 0.026470350905145084 -0.009714287065731209 0.9999527472317835 -0.00036868741976843055 -0.09742241567890852 -0.004933352092904381 0.0003207740732584366 0.9999877794958903 4.440214571405949
0.999951377391889 0.008325777156501447 0.005284343554707017 0.020377326435129878 -0.00832473158771564 0.9999653246589184 -0.00021982669611231406 -0.13922366934105676 -0.005285990546376746 0.00017582526585480562 0.9999860135969 5.655540301790575
0.9999586383766658 0.007599457172977806 0.004996977742671367 0.03508396967625956 -0.007606103067735592 0.9999702120540067 0.0013123264791645506 -0.16284701370800858 -0.004986855924092863 -0.001350279726948967 0.9999866539172667 6.9150182964502065
0.9999676532760994 0.007074496668938775 0.0038267346879453804 0.02389765139417066 -0.007083289853219088 0.9999722929508529 0.0022891779024072573 -0.18207163451004657 -0.0038104338789741203 -0.002316209725987774 0.9999900578336562 8.150508596607565
0.9999835292249657 0.005663051394644862 0.0009333422115628182 0.04010666600385281 -0.005665010432250576 0.99998172794144 0.0021098436089501786 -0.20406934204342722 -0.0009213770046871243 -0.0021150962515561014 0.9999973387125897 9.300153075591949
0.9999796406071589 0.006353854697719187 -0.0005889835800878187 0.01671410554337771 -0.006352902423089081 0.999978532358729 0.0016048216365204067 -0.2219265017239059 0.0005991677394938135 -0.0016010472081131692 0.9999985388218612 10.538425147805919
0.9999765596532433 0.006643134544121331 -0.0016579829589564252 0.0014594619225683303 -0.006640533527511461 0.9999767198953998 0.0015693889598120433 -0.24382956152145221 0.0016683700229518054 -0.0015583422813636365 0.9999973940520048 11.75226395653666
0.9999652335455672 0.007966027604573704 -0.002464569812841329 -0.006411398680223544 -0.00796238514925988 0.9999671982095869 0.0014842262642847616 -0.26337835682195515 0.002476312357931596 -0.0014645508089228944 0.9999958614754533 12.984396376289071
0.9999629729829491 0.007797498191267892 -0.003640286397928204 -0.0003192718950558522 -0.007792396426529999 0.9999686397117218 0.00141355969822818 -0.2747080173819784 0.003651194466687533 -0.0013851408036103696 0.9999923750528904 14.151389055745959
0.9999731360965147 0.007127110357944962 -0.0017121282798972179 -0.04960814403017314 -0.007125373304692791 0.9999740954961917 0.0010185243453948035 -0.32368793906047555 0.0017193430634755533 -0.0010062974307153021 0.9999980156104866 15.556611504220815
0.999973460860503 0.006953108048504948 -0.0021752846098776093 -0.06243740538112589 -0.00695042518759199 0.9999750785728825 0.0012384760269393597 -0.34416202629173664 0.002183841656311537 -0.0012233240059086425 0.999996867152091 16.795564624695412
0.9999658003314149 0.007379087250061796 -0.0037346002341426105 -0.05010163566673302 -0.0073784198405581446 0.9999727605696449 0.0001924561769897582 -0.3638244127124848 0.003735918656681449 -0.00016489414658813707 0.9999930078364103 18.040577430173933
0.9999694598322796 0.006335848949337789 -0.004575633380212035 -0.061605874146095495 -0.006338058946261641 0.999979804482345 -0.0004686536511428659 -0.39302167314371944 0.004572571654184126 0.0004976399724620235 0.9999894219155147 19.292360023128506
0.9999581325406571 0.007407923929101529 -0.005371762174774918 -0.0787764289059607 -0.007406579810838215 0.9999725344417542 0.00027006969576397807 -0.4122316675434262 0.005373615292089799 -0.00023027200335965861 0.9999855355121379 20.51399809464366
0.9999553529664259 0.007409852783835128 -0.005863970967911689 -0.10275556788149247 -0.007408045044237577 0.999972505626196 0.00032993982775074963 -0.4438991245024687 0.005866254547253078 -0.00028648453584779137 0.999982752343358 21.720755512598355
0.9999525219292856 0.00673996759526179 -0.0070375225808744024 -0.11543042228505683 -0.006742846393120254 0.9999771924779461 -0.0003854172329816516 -0.4656467646325132 0.0070347643727619825 0.00043285186786596084 0.9999751620562783 22.990322412040506
0.9999415256450351 0.007547453575528691 -0.007744755335377534 -0.13617757713654952 -0.007545547161724449 0.9999714940450093 0.0002753460042465151 -0.48499069259396144 0.007746612724914788 -0.00021689148692741636 0.9999699710238168 24.214735204835673
0.9999492057189623 0.006037999331258442 -0.008070225900941022 -0.16153044940596434 -0.006022195098656155 0.9999799037913819 0.001981206595038608 -0.5071222346610856 0.008082026244093649 -0.0019325054862083305 0.999965472541095 25.461256792822127
0.9999461806822508 0.005287958192024211 -0.008925986619907844 -0.19987424347534 -0.005265973624394344 0.9999830477676723 0.0024846929517395758 -0.5463726079780089 0.008938974256957727 -0.0024375552171479655 0.9999570756106468 26.711661804092557
0.9999435500714762 0.003973815147234322 -0.009854210451820654 -0.20026708909042248 -0.003963184385278578 0.9999915436404442 0.0010980970494015828 -0.5470092293049563 0.00985849075576198 -0.0010589810089097274 0.9999508431514228 27.875475168606535
0.9999315517977567 0.0035873947107475206 -0.01113653081167922 -0.21777750474087687 -0.003587670428518435 0.9999935642783134 -4.780272661164689e-06 -0.5625682535423508 0.011136441991341502 4.473414772944074e-05 0.9999379869065029 29.12849511693859
0.9999282067351042 0.0041943632952532875 -0.011224468453609741 -0.24456571093470317 -0.00419530860987254 0.9999911978133957 -6.067452442216068e-05 -0.5895350685658651 0.011224115162745687 0.00010776027754462807 0.9999370018288832 30.323492530374224
0.9999229623703004 0.0037553996236198814 -0.011830735322439999 -0.2571280624201093 -0.0037498184383891616 0.9999928474365947 0.0004939001221685088 -0.610159967284841 0.01183250549468837 -0.0004494989638220012 0.9999298924246638 31.558669353590133
0.9999199449513799 0.0032128606756318553 -0.012238513582470922 -0.28565440617445664 -0.003210123759682384 0.9999948179493461 0.00024326919574844665 -0.616048830502526 0.012239231751906223 -0.00020396257758686776 0.9999250769959668 32.84195248386861
0.9998983819128531 0.0020959656750454206 -0.014100807634572967 -0.25140658739412175 -0.0020874029111214148 0.9999976279646748 0.0006219438160985384 -0.6664677747239712 0.014102077759849493 -0.0005924465484520629 0.9999003852434213 34.096363032655056
0.9998914347441896 0.0011542505368596645 -0.014689670891619032 -0.21136428025806636 -0.0011450102357620333 0.999999141317717 0.0006374287321602631 -0.7470626770698184 0.0146903940303152 -0.0006205397060160159 0.999891897783809 35.34347680147699
0.9999001769160589 0.0009777643575375856 -0.014095395705516631 -0.24993273805314817 -0.0009589757781085089 0.9999986428428091 0.0013396559247608195 -0.7657092740211533 0.014096686443663587 -0.001326005053110545 0.9998997575466794 36.55957365845425
0.9998996367175317 0.0011028082348956431 -0.014124457729245194 -0.2754300891858431 -0.0010630830958759548 0.9999954595442834 0.002819706571411211 -0.7908264058750792 0.014127503193397293 -0.002804408104153731 0.9998962690943025 37.77520188790128
0.9999002373279011 0.0008570936119944969 -0.014098963867861462 -0.30847733667388993 -0.0008070691607433746 0.999993360967293 0.0035534012870864144 -0.8124743705527979 0.014101915861923223 -0.003541667951342789 0.9998942906913438 38.99212982899417
0.9999076501489269 0.0017129518367982467 -0.013481727250465475 -0.34872098596468953 -0.0016728744523171215 0.9999941502868944 0.0029834347753521645 -0.8273160201157063 0.0134867588663073 -0.002960606018504563 0.9999046665294073 40.243200949292024
0.9999156994715648 0.0028132980124401714 -0.012675934071480592 -0.39210490996413 -0.002773828685147947 0.9999912537370477 0.0031302274410895973 -0.8502629795076301 0.01268462946706654 -0.003094802691723674 0.9999147575526538 41.47941193592479
0.9999144727573732 0.00537131753657231 -0.01192460138812442 -0.4244984694640378 -0.005305508775231446 0.999970559988025 0.00554353081272606 -0.8836484244879593 0.011954026391985681 -0.0054797906125153995 0.9999135328356461 42.7261698961344
0.9999338210217654 0.005524389792008471 -0.010091317765186082 -0.4503269972815282 -0.005438238608136787 0.9999487051556566 0.008544742147469475 -0.8970347448734118 0.010138004618906921 -0.008489297671287265 0.9999125725219157 43.95437564107898
0.9999442138002027 0.006815419275012976 -0.008069655977815272 -0.47078998293583296 -0.006725893261734423 0.9999161074459983 0.01106979809546702 -0.8984999876174842 0.008144424309075726 -0.011014904908733048 0.9999061657088255 45.19557213671405
0.999949132556385 0.007049491049661089 -0.007213665897031826 -0.4643441850510076 -0.006946263307528006 0.9998745294100044 0.014236392210970237 -0.9000221971362676 0.007313120113586394 -0.014185560019358846 0.9998726359697726 46.42140182522815
0.999961698141166 0.00624030687820061 -0.006136841264169009 -0.47283589503265655 -0.006145502308351535 0.9998633293909834 0.015347812240050378 -0.9009919352561284 0.006231777596622915 -0.01530951041815761 0.9998633825872125 47.649153678384614
0.9999815095224508 0.0039000970861751724 -0.004665817818899439 -0.48940203805598015 -0.003834062235485625 0.9998935337871214 0.014079100023692333 -0.9111350368912945 0.00472023092392465 -0.014060950658512334 0.9998899984931361 48.85986330716858
0.9999815692675957 0.005121848082960718 -0.0032600302654423206 -0.5091668509935845 -0.005081108737016738 0.9999103983824422 0.012384568650877949 -0.9147492716003743 0.003323170040660044 -0.012367775825942524 0.9999179939685054 50.06309213385317
0.9999821484147148 0.005528314739503554 -0.002267286491011418 -0.5249672071062621 -0.005500298868096308 0.99991066814944 0.012182053739095271 -0.9246486901950708 0.0023344301773566907 -0.012169365516803839 0.999923225542174 51.26424329587021
0.9999762327982797 0.006594162436701313 -0.002012674916398658 -0.48220858190307864 -0.006572703056157123 0.9999233900558887 0.010488736514692875 -0.8895328807237586 0.0020816851578194435 -0.010475258512202275 0.9999429661465729 52.59891032300719
0.9999823547553639 0.005368739758277319 -0.0025429925924672124 -0.5009925008528977 -0.0053445537013489305 0.9999413098601158 0.009424042708379751 -0.8949609056395865 0.002593438576648418 -0.009410285258368126 0.9999523591690282 53.8215598638588
0.9999725125490903 0.005969272549068574 -0.0043979462814442705 -0.5107071890796971 -0.005925450455592258 0.9999333306879707 0.00991076264268435 -0.9077320320939531 0.0044568131167746555 -0.009884430408285676 0.9999412156983759 55.02640704326393
0.9999675733275271 0.005896748520522378 -0.0054845829688777055 -0.5284793910222896 -0.005833800270787533 0.9999177335304444 0.011423350898031566 -0.9203831375745237 0.005551492399107248 -0.011390984515164458 0.9999197099787153 56.24778844866618
0.9999627627928662 0.005949287827005002 -0.006251320021347863 -0.5533279318648386 -0.005875512454012799 0.9999136526036082 0.011754390256984285 -0.9310045354489246 0.0063207104870097505 -0.011717222847680104 0.9999113737265304 57.4646511379025
0.9999536390899295 0.007149555601546274 -0.006450079496215444 -0.5804247698376341 -0.007075897493551483 0.9999103101323368 0.011371163780142393 -0.9344776146026953 0.006530799757139429 -0.011324996501300505 0.9999145429029311 58.69483396105045
0.999940088191636 0.008049476058388174 -0.0074179486711965234 -0.5818614992353369 -0.007967227544699904 0.9999071905267675 0.011051407969923514 -0.9375185871293396 0.007506218259153263 -0.010991645375108742 0.9999114162861598 59.96685560484581
0.9999456191589227 0.007374568332844377 -0.007373904446288947 -0.6042692874326564 -0.007295160628432627 0.9999157315423852 0.010738270133590437 -0.9514567666433666 0.007452473165611364 -0.010683892360034464 0.999915153944451 61.17995274576188
0.9999434001067213 0.00661921956533438 -0.008329616759214634 -0.5967414288310676 -0.006537702717176314 0.9999308431696884 0.009775853985093624 -0.9577581348853169 0.00839374923328784 -0.009720844114681606 0.9999175216804168 62.41622663141322
0.9999426652232445 0.006192003942866738 -0.008736438256292604 -0.6121658093908999 -0.006094222977825274 0.999918987843243 0.011174891357014811 -0.9708300295991151 0.00880492546993083 -0.01112100884434774 0.9998993931640088 63.64817824813887
0.9999347032900778 0.006730229964502905 -0.009235429649392425 -0.6145509340550764 -0.006611105361193481 0.99989533402915 0.012869120896069983 -0.9784366226409652 0.009321075157253495 -0.012807224186347856 0.9998745384129718 64.87824990376298
0.9999416534791288 0.006891925465462531 -0.00831811281508714 -0.661619357007391 -0.006796021222382418 0.9999107403174351 0.011503281852747413 -1.0050005883337354 0.008396650104115068 -0.0114460806050512 0.9998992366762821 66.21465423239518
0.9999345572314571 0.008218344429848269 -0.007958647445526743 -0.6850609016514864 -0.008136606962860293 0.9999143756188457 0.010248758847095028 -1.0097581892039704 0.008042193821448275 -0.010183331753721723 0.9999158078923105 67.43818856188801
0.9999138097335661 0.010595478582499719 -0.007752995402649602 -0.7080916275220245 -0.010510752084024216 0.9998854750882284 0.010888562724976953 -1.0256464918547297 0.007867477024681848 -0.010806134424268777 0.9999106611413195 68.65464188626429
0.9998976161862847 0.012348471990261406 -0.007229964349222882 -0.7415761536365806 -0.0122662757805147 0.9998608593653716 0.011304883352649772 -1.04154532277569 0.007368556402828358 -0.011215041178987663 0.9999099595603056 69.84968868189499
0.9998718706403422 0.014259720082555395 -0.00727342322086722 -0.7550320909517685 -0.014174686067109407 0.999832110308429 0.011611609323965301 -1.045391276324909 0.007437780386753738 -0.011507023045109008 0.999906129515945 71.05830317911652
0.9998673237102091 0.015223140738395976 -0.005795771099935412 -0.7765024634633846 -0.015150173637318505 0.9998079395480202 0.012432065616841504 -1.0520181277233656 0.005983913046072539 -0.012342609237974853 0.9999059219655896 72.26997260365243
0.999853680542116 0.016735943978509697 -0.003539164524650071 -0.7946485515646341 -0.016686912137476105 0.9997701979645031 0.013457274067751906 -1.0624631625385264 0.003763571402339695 -0.013396247279242808 0.9999031833578353 73.47003120284468
0.9998869423155675 0.015031237515662403 -0.0004055682096741817 -0.8138631819448959 -0.015025648911272026 0.9998223142254754 0.011382875366529625 -1.0807288381176392 0.0005765948492182127 -0.011375494519470364 0.9999351307273974 74.72568828440122
0.9999192445045325 0.012553599011179044 0.001977781927153851 -0.8137785053825333 -0.012565082277567727 0.9999036211953417 0.00590483088670625 -1.0805687671710624 -0.0019034644317153025 -0.0059292050318041165 0.9999806104874475 75.92844808963287
0.9999050593596178 0.01330591837105221 0.0035811734588024934 -0.7949936340760566 -0.013325726921089609 0.999895719792992 0.00556547766853576 -1.090239269210916 -0.003506746221739427 -0.005612671018090932 0.9999781000876864 77.10507393679661
0.9999099601602633 0.011924923354895487 0.006153679816210228 -0.7923951702853953 -0.01198092209138822 0.9998864080527259 0.009144861795451922 -1.1046472409245711 -0.0060439290317351275 -0.00921776515201481 0.9999392500184507 78.30433224171124
0.9998683802775714 0.013004929857846974 0.009700202085435022 -0.8027978377140256 -0.01310527092646575 0.9998605197476794 0.010353401559114352 -1.1176424676237935 -0.00956420383773418 -0.010479162623646045 0.9998993515127698 79.55164749566016
0.9998112797962745 0.013471663834280792 0.013997109189823852 -0.7760616849685766 -0.013590454333983544 0.9998721376965234 0.008426613150048496 -1.1248107676395964 -0.013881798987581842 -0.008615249951150187 0.9998665276551404 80.66467293871125
0.9997659599251189 0.013196145286787118 0.01714313636927725 -0.7854060307145592 -0.013288780988044775 0.999897648465001 0.005301027637461413 -1.1526021846702346 -0.017071428612081944 -0.005527598369215705 0.9998389930290833 81.9507169687691
0.9997523684727553 0.010532158224481603 0.01960294305074483 -0.7487261664817934 -0.010578024260825795 0.9999415477182685 0.0022375320178957972 -1.1785170358414536 -0.019578231172750038 -0.0024443383415993117 0.999805340090869 83.18776465165243
0.9996773024324728 0.010368389258018541 0.023190245913497342 -0.7384510134545241 -0.010406565932603381 0.9999446855809407 0.0015261598618868935 -1.2080469274441532 -0.023173139338998786 -0.0017669981969039013 0.9997299051896704 84.40950961276782
0.9995746924087616 0.010552167889143855 0.027186137069634343 -0.7137554149006426 -0.010643153195778413 0.9999382262033604 0.0032042264789530783 -1.2315285127565787 -0.027150646142970834 -0.003492209918741081 0.9996252532243783 85.56567216805954
0.9994565857899125 0.011254390019285009 0.030981798309090248 -0.6922810004096178 -0.011368460160867818 0.9999292229808338 0.0035081537191076987 -1.2505389979381754 -0.030940123379555075 -0.0038584626783144983 0.9995137923165532 86.77779847273243
0.9993516525507977 0.010751488025483816 0.03436102514808674 -0.635594459788601 -0.010797519109101093 0.9999410387967228 0.0011543444977336241 -1.2572936416941205 -0.034346588259653504 -0.0015246099070677875 0.9994088189722727 87.98447919938471
0.999219399461755 0.011103691058774083 0.03791173676001982 -0.6132682400340662 -0.01107984494049954 0.9999382646162118 -0.0008390425574840774 -1.292362090459226 -0.03791871273374433 0.00041833143568603887 0.999280739443839 89.1646804189229
0.9990864919993759 0.01140690476040595 0.04118329792729054 -0.5658363654271875 -0.011367130205694319 0.9999346722346409 -0.0011998391092488006 -1.3063004295299858 -0.041194293964913836 0.0007306071367836278 0.9991508876831087 90.36229790953043
0.9989908104214426 0.010135134970580136 0.04375659644713521 -0.5220732847677326 -0.010144824663923555 0.9999485399420127 -6.125556507284879e-07 -1.3211937631767074 -0.04375435093847892 -0.00044329106138029755 0.9990422214636313 91.50665989605348
0.9988554635333459 0.009605297475396578 0.04685617600694576 -0.4751531297437805 -0.00967406859719931 0.9999524348370029 0.0012411528214286184 -1.3395561344608127 -0.04684202564323432 -0.0016930221376574405 0.9989008751170859 92.66428641177926
0.9987253006000117 0.009099979194619186 0.0496484070245326 -0.4211715518303386 -0.009254391961552026 0.9999530265482054 0.0028811328511616353 -1.3530748223281817 -0.049619856618476045 -0.003336926091716671 0.9987626017995569 93.85218532296082
0.998580114525896 0.007921853419082976 0.052678260334364006 -0.3774992271200493 -0.00814141299402367 0.9999590382215876 0.003954652123549118 -1.370244750585727 -0.05264477436469082 -0.0043779124436325095 0.9986037059888806 95.03405652383819
0.9985195405064542 0.0066964733574873545 0.053980408217722334 -0.25397680274015483 -0.006775872155691183 0.9999762140255187 0.0012879983383573535 -1.3726125117921193 -0.053970499194552685 -0.0016518558539849694 0.998541164193509 96.40064900521875
0.9984316062738674 0.005670644386443978 0.05569713983345569 -0.13406412429524406 -0.005516866889943028 0.9999805352463614 -0.0029143280733706636 -1.373645439856105 -0.05571258182047998 0.002602483552892778 0.9984434562388865 97.65663637072589
0.9983321087296382 0.006394933038970533 0.05737687261310942 -0.054204494705259315 -0.006085565261753928 0.9999659979412966 -0.00556496691021032 -1.403068706875588 -0.05741050927207349 0.005206514447678509 0.9983370801650249 98.89273378524176
0.9982173834421397 0.006725333628740396 0.059302826926803665 0.0029869566132336572 -0.006355098636840899 0.9999591361445479 -0.0064295227167789305 -1.4286225969338635 -0.05934364427000013 0.006041186028561519 0.9982193325898492 100.14196754986058
0.9982205737577698 0.006561660197919734 0.05926745095038081 0.088982570475245 -0.00622904711585539 0.9999638073443572 -0.005795081829079246 -1.451395248512651 -0.05930333126171929 0.0054155901639901406 0.9982253183948193 101.32584428080197
0.9982447162244876 0.006468960178347082 0.05886967881773341 0.1370843655546351 -0.006245634498320505 0.9999725882964294 -0.003976770731759427 -1.475803908108169 -0.058893790671050536 0.0036021118736859537 0.9982577553970938 102.4914547876975
0.9983172815689082 0.005998483517368707 0.057676888927516774 0.20171820849177688 -0.005860112475891491 0.9999795322449528 -0.002567912174380822 -1.4922849530736095 -0.057691111989934395 0.0022255980448608174 0.9983320000434263 103.74701220424465
0.9984086577441429 0.00624836144793805 0.05604560750634078 0.2496158009368013 -0.006184550442658436 0.9999800148891306 -0.0013119291735376015 -1.5282249330580522 -0.05605268483633138 0.0009632245584946587 0.9984273477429837 104.97395259835416
0.9985209174529982 0.006282620324418625 0.05400468582152861 0.30192195386540044 -0.006244349963768421 0.9999801189718809 -0.0008773565483602177 -1.5513965238391503 -0.05400912425093372 0.0005388347076490534 0.9985402967105559 106.22636100656284
0.9987183623343809 0.00701650417729724 0.05012386063804535 0.3885265657058348 -0.006981800184510202 0.9999752507174383 -0.0008674207628742075 -1.5738897039112114 -0.050128706369861525 0.0005163542643014993 0.9987426326015917 107.50290246777901
0.9988633132580712 0.00830212253853622 0.04693779062187888 0.41845454407791594 -0.008250826004595235 0.99996513378049 -0.001286504414534461 -1.593344499262616 -0.046946834795863576 0.0008977665185617822 0.998896986039065 108.76054628808068
0.9990408272670362 0.008549512834541051 0.042945678291159646 0.473201650407757 -0.008529618446532147 0.9999634131754576 -0.0006464670491679493 -1.6224015822083822 -0.04294963402349712 0.00027953672585051743 0.9990771996179607 109.90202154525247
0.9992250389925934 0.008430552401700217 0.03844798091515876 0.5169205306876622 -0.008469478300263745 0.9999637723493756 0.0008496623608613737 -1.6825193249570045 -0.03843942491208196 -0.0011746382457121368 0.9992602417976111 111.66665115085063
0.9993646765455674 0.008694614872345335 0.0345636651007259 0.5407961436412869 -0.008752908847035017 0.9999605134622014 0.0015356116456046165 -1.6950264516419957 -0.034548948749405416 -0.0018371686455553632 0.99940131826593 112.92988800285347
0.9995101143067107 0.008627645480908296 0.0300847990194719 0.5737457332383971 -0.008699578724902459 0.9999596019196768 0.002260941983036065 -1.7167831979804256 -0.030064077045462066 -0.0025215594573979824 0.9995447928979008 114.15926141770267
0.9996341607727974 0.009282867270363064 0.02540419239625058 0.592035207044463 -0.009358818517457772 0.9999520796264066 0.0028724496134400345 -1.7569752430020338 -0.025376310449357748 -0.0031091519849123653 0.9996731346004616 115.4189072906238
0.999744590361117 0.009972898747399232 0.020280417506961267 0.6237942887381319 -0.010033352181688441 0.9999455134584901 0.002881311894748404 -1.7746548125584307 -0.020250577465364933 -0.0030840565511568788 0.9997901793413999 116.63888388256646
0.9998335946429576 0.0101604188700507 0.015150871649081203 0.6484703386809214 -0.01020549938974665 0.9999437141232898 0.002901097641647089 -1.7919030497178752 -0.01512054250176546 -0.003055237094827044 0.9998810102810968 117.91901471551189
0.999872683062418 0.0116713712486136 0.010881027467034678 0.605232361980882 -0.011698432470681322 0.9999286263883223 0.002426686401655355 -1.8215191123924541 -0.010851928090907908 -0.0025536684084089584 0.999937855286202 119.15411818685004
0.9998692590860954 0.014139904265587522 0.007843968509806454 0.5701696471704333 -0.014165418412400405 0.9998945233031812 0.003206741259558324 -1.889112852305135 -0.0077977981395034235 -0.0033174351032304946 0.9999640938396295 120.45017289787437
0.9998545458030711 0.016108220849066875 0.005604681794014906 0.5867655715127089 -0.016126478296265907 0.9998647500709543 0.003227733463006679 -1.8928408211158247 -0.005551930717735906 -0.003317647754936575 0.9999790844206091 121.75758775827357
0.9998409628458848 0.01718740727123282 0.004758365970259542 0.587662182275001 -0.017201031820513114 0.9998480255197012 0.0028373171596779135 -1.9088978596267598 -0.0047088766944830985 -0.002918714725299597 0.9999846536745594 123.01757125931786
0.9997992417607297 0.019576989173034184 0.004268216206918175 0.58636463886386 -0.019590670264897893 0.999803003514872 0.0031874443074434056 -1.926730231465301 -0.004204974820631177 -0.003270421618065498 0.9999858111639375 124.23497114414887
0.9997671315602578 0.021373391006678035 0.0029767110457601877 0.5868307638356279 -0.02138392529951663 0.9997650235942851 0.003553214925004022 -1.9252166132222088 -0.0029000673369749277 -0.003616041260029149 0.999989256869816 125.47094925700064
0.9997639801768615 0.02159806391245878 0.00234682256539939 0.5835431340081023 -0.02160693407748936 0.9997592357688282 0.003822420005663985 -1.9373918518201716 -0.002263700662886143 -0.003872225479232436 0.9999899407139788 126.73082403360411
0.999673859111879 0.02551284402164769 0.0011270307405566937 0.5719804369189768 -0.02551889303897092 0.9996579422786305 0.0057257783156373235 -1.9465181535900826 -0.0009805643419202779 -0.005752671482132176 0.9999829724872269 127.99929545430936
0.9996561257047812 0.026218316303646128 0.00047982403909815565 0.5461406672536446 -0.02622152876527027 0.9996172937325386 0.008814618542390367 -1.9533879294268863 -0.0002485359503907393 -0.008824169141494961 0.9999610353753008 129.28904946665645
0.9996750036561572 0.025492726671016368 8.917364448190664e-05 0.5285418408797633 -0.025492538736950354 0.9996372329357941 0.008690972167372125 -1.9732207270953996 0.00013241528274753487 -0.008690420895779559 0.9999622288120922 130.61252041223364
0.9996774855308433 0.02538962574994129 -0.0005402101520840669 0.5208877191828288 -0.025385233001626834 0.9996532919285844 0.0069918439483114365 -1.9786947616019466 0.0007175431580136978 -0.0069758756168915225 0.9999754108432837 131.8953050027435
0.9997479211592228 0.022438798046450152 -0.0007710253193115063 0.5017891760992192 -0.022431788040378323 0.9997152481797741 0.008138638839774432 -1.992067453496604 0.0009534270417470859 -0.008119291784593637 0.9999665834805644 133.21332568438535
0.999787570017336 0.02055063177287695 -0.0015768235685173024 0.4914375688598287 -0.020533544445539596 0.999737340102711 0.010179604946135812 -2.0075813494769865 0.0017856067130421467 -0.010145064716006652 0.9999469432277767 134.52131632272364
0.9998559110754761 0.016880765893480927 -0.0017879681985996162 0.4898317001375313 -0.016858133052490953 0.9997859284147141 0.011995861532733588 -2.0239632971610653 0.0019900847756375902 -0.011963991256160983 0.999926448532995 135.84389574666608
0.9998863488906536 0.014973395598529832 -0.0017569081842822474 0.47647057868981346 -0.014949066267566789 0.9998020712784047 0.013127973382803611 -2.032845247986876 0.0019531307805590605 -0.01310021723719232 0.9999122809469301 137.1222210436872
0.9999391544150543 0.010891048265080899 -0.001752864910339279 0.48311217699465386 -0.010870401164780118 0.99987608370041 0.011386466635764645 -2.0447537435623278 0.0018766582595047547 -0.011366719474778672 0.9999336357189704 138.42565648072818
0.999962235112371 0.008446867307401991 -0.002044206878577287 0.4926335648694726 -0.008425670836321508 0.9999128411809663 0.01016455175428693 -2.047799735264655 0.002129887327827572 -0.010146944076851894 0.9999462501084105 139.71495205187873
0.9999754873798794 0.0060269072791578095 -0.00356385016817174 0.5179175741938671 -0.005994911066120354 0.9999422319898366 0.00892153151052101 -2.033947124526223 0.003617413534840999 -0.00889994785559703 0.9999538515589035 141.11885068969235
0.9999762065814158 0.005803853106434951 -0.0037284796044053502 0.527074268022598 -0.005770093987466173 0.9999428313497667 0.009002224591060048 -2.0361533050437686 0.003780514041416593 -0.008980496719614395 0.9999525280693338 142.45840351419952
0.9999770513783618 0.0061430960706904915 -0.00285641161308833 0.5106527486449929 -0.006111358639780455 0.9999209324903005 0.010989998330478964 -2.03888003063575 0.002923698379296267 -0.010972289569375057 0.9999355283463993 143.74209318885096
0.99995887923661 0.008847090680290237 -0.0019921903417025803 0.4993793967079625 -0.008821246078701578 0.9998813509344606 0.01262813015045989 -2.0486003493315583 0.0021036761827437868 -0.012610037270868145 0.9999182774139822 145.04845033952347
0.9999643146470678 0.008302689313005086 -0.0015603789897900347 0.4916425960504481 -0.00828452432913415 0.9999017426749339 0.011308034854481482 -2.067635506512779 0.001654112771261801 -0.011294704325563143 0.9999348446599599 146.35848571290492
0.9999621170438887 0.008589702815335772 -0.0014076514655297354 0.47388544287524664 -0.008576263523185022 0.9999200653760618 0.009290347803667031 -2.0718830614741477 0.0014873402721238096 -0.009277923467911746 0.9999558530030406 147.67097443494606
0.9999609053392866 0.008839833359900138 -0.00021245988661121052 0.45017806639630015 -0.008838329253089432 0.999941319515473 0.006264300572970227 -2.074631395478206 0.0002678227925435054 -0.006262177881833776 0.9999803565066306 148.9755678746602
0.9999701384360772 0.00770062268838203 0.0006501125624436896 0.43155017776399446 -0.007702029783077992 0.9999679400116325 0.0021903620962483434 -2.0909531538380324 -0.0006332245677883582 -0.0021953038749288867 0.9999973898303652 150.26550407187747
0.9999674393109078 0.008005029153838472 0.0010197187024282668 0.42216292921145493 -0.008003682717641224 0.9999671018141881 -0.00131770720893627 -2.11330068353307 -0.0010302334401566765 0.0013095027985260445 0.9999986119097763 151.54148320322187
0.9999690387162626 0.0077797309057364445 0.0011821150146958887 0.40985461917639016 -0.007777476459006463 0.9999679500944232 -0.0018999062836754662 -2.1530641249652245 -0.0011968578876543996 0.0018906535884393076 0.9999974964769688 152.79366331199256
0.9999686217811057 0.007851926160415194 0.0010500994083352288 0.40178843525923763 -0.00785018891414946 0.9999678281750188 -0.0016483776715852736 -2.179037165367302 -0.0010630085644826157 0.001640082469695806 0.9999980900693183 154.072250426164
0.999962618552142 0.008639913622352297 0.0003367357150776061 0.4047751648518799 -0.008639535527090215 0.9999620640456838 -0.0011085555339650352 -2.201699335463897 -0.0003463007647459408 0.0011056048543804913 0.9999993288566179 155.3533008405495
0.9999572023499848 0.009243532693974453 -0.00038803572901096006 0.4196171767262639 -0.009243605293533819 0.9999572597211949 -0.00018572037117243397 -2.223045091668338 0.0003863024319328463 0.00018929927189575377 0.9999999074681041 156.64280855626092
0.9999523730052178 0.009696553395657203 -0.0011084103387666217 0.42147261115260565 -0.009696004089897103 0.9999528676996848 0.000499883851902497 -2.2478568622751074 0.001113205247299262 -0.0004891128927589253 0.9999992607710545 157.9549428042064
0.9999513834376008 0.009710859171922161 -0.001711717082753923 0.41944970835177203 -0.009710671179936722 0.9999528433465217 0.00011810352182915068 -2.2693848797904503 0.0017127832505727896 -0.00010147585829820822 0.9999985280370101 159.1748405988834
0.9999458326793039 0.01021708693398193 -0.0019856590535801367 0.40842788735250374 -0.010216600087377096 0.9999477766216884 0.0002551705244069383 -2.2845522161382448 0.0019881624551870395 -0.00023487001804300262 0.9999979960210552 160.40289148408934
0.9999607884215913 0.008648231391542074 -0.0019051805867051318 0.36991042278407893 -0.008646274428748801 0.9999620866723778 0.0010330325873647004 -2.3393360578022158 0.001914042259819902 -0.0010165193663374248 0.9999976515625452 161.8703631545148
0.9999510516297911 0.009695673672841531 -0.001971866249135087 0.3491331606465618 -0.009692470827835194 0.9999517026352787 0.0016273924108528943 -2.3720641192940026 0.0019875496789449596 -0.0016082004965505582 0.9999967316633773 163.17322785191521
0.9999475799849892 0.009933560815334908 -0.002482267449673812 0.33411688047564436 -0.009931065681696088 0.9999501701099105 0.0010154957346091716 -2.398753244139977 0.002492231247197075 -0.0009907909412252731 0.9999964035518935 164.4643698098371
0.9999416762406701 0.01046966908334631 -0.0026514423026161634 0.310794174654158 -0.01047149051527726 0.9999449452826167 -0.0006740104844173314 -2.4032054456919205 0.0026442396614789793 0.0007017357265157025 0.9999962577747893 165.72894449617021
0.9999318812586975 0.011156237963355528 -0.003430917799522233 0.30155284514639014 -0.011159141094936953 0.9999373918747548 -0.0008281912437807803 -2.4224692282002542 0.0034214634975961488 0.0008664209242456954 0.9999937714317608 167.02467438861723
0.9999400098698137 0.010383068942306938 -0.0034883435748563375 0.27862169792614044 -0.010388722713238116 0.9999447451615535 -0.0016065690720725502 -2.4534888231624423 0.0034714697095597556 0.0016427121279124514 0.9999926251702661 168.3288329230731
0.9999345445089403 0.010474277536303136 -0.004603933947264346 0.2705478296793781 -0.010486177006611202 0.9999417206877228 -0.002568135483611617 -2.483221673723936 0.0045767662693539535 0.002616245051340189 0.9999861041396261 169.6134622772285
0.9999178386093628 0.01171404889145258 -0.005205486466112446 0.2655138773975881 -0.011728760571335864 0.9999272822620551 -0.002804703813351715 -2.489103935152493 0.0051722534973160815 0.0028655272794044467 0.9999825181207772 170.965847321576
0.9999075534528977 0.012123059927011471 -0.0061575941606018285 0.2607415017595131 -0.01213213629457744 0.9999253677725674 -0.0014388029141151884 -2.512669207399929 0.00613969191168302 0.0015133746733569332 0.9999800067402986 172.27677305250702
0.99990180725189 0.01256177699265948 -0.006211087923297433 0.2189917914919869 -0.012568715657163807 0.9999204280057254 -0.001079371843300918 -2.536691086030791 0.006197034866257061 0.0011573312548429611 0.9999801284741777 173.54617923485148
0.9998921572390107 0.012689398755948053 -0.007392770193240117 0.20967082763479775 -0.01269406649576822 0.9999192560765404 -0.0005848103444272236 -2.564460371072907 0.00738475238031244 0.0006785915932859488 0.9999725020947982 174.84736759357492
0.9998770912289082 0.013233339486594423 -0.008407208909629827 0.2054088641767827 -0.013235228793679396 0.9999123962204908 -0.00016912532430936452 -2.5902247448200506 0.008404234313521854 0.0002803758707588038 0.9999646444924813 176.1469321862774
0.9998665197672665 0.013842915800319011 -0.008678498178826209 0.17854225905746468 -0.013851500003678702 0.9999036310597357 -0.0009298070789507922 -2.6119803088838003 0.008664790600049174 0.0010498931856414333 0.9999619088386097 177.39701195604326
0.9998411879987924 0.015399911309075868 -0.008968919268013768 0.15883662202335774 -0.015414697913479599 0.9998799351996862 -0.0015818575496439305 -2.628202816234084 0.008943481950544716 0.0017198595128076648 0.9999585272469336 178.6959065719192
0.9998362061447431 0.015515115081164486 -0.009318910135045384 0.1399524070545345 -0.015526274369731287 0.999878825745463 -0.0011263347947254704 -2.653344952323712 0.009300305709096587 0.0012708382635907166 0.9999559436714325 179.99842620732812
0.9998378478885431 0.015098700494146211 -0.009813621808205143 0.12139855867570615 -0.015119351006082488 0.9998836282929362 -0.002033493768941476 -2.6847284672816385 0.009781776666908883 0.0021815396263924073 0.999949777603904 181.28515006709065
0.9998468474185813 0.014531570816252379 -0.009752699971619733 0.10120447939210228 -0.014572914303815703 0.9998850656352278 -0.004181589211037272 -2.702467180675959 0.009690813991499014 0.004323074050772409 0.9999436979925088 182.574788425085
0.9998875336477098 0.011852874063192171 -0.009188548979142966 0.0723469532860278 -0.011890620137780486 0.9999210443639653 -0.004064257720148832 -2.734181670207952 0.009139650356496802 0.004173058173436659 0.9999495249145539 183.98685262494237
0.999884000909456 0.01222571545892647 -0.009083865191445674 0.04465746236471197 -0.012228338490701058 0.9999252038642351 -0.00023326985368372162 -2.763298341374812 0.009080333862575262 0.0003443233729577376 0.9999587136368976 185.27632057241848
0.9998895216581318 0.011799368799271126 -0.00903987689136945 0.03768916304115281 -0.01176310445620629 0.999922592934108 0.00405432034779601 -2.786573718838109 0.009087015562037299 -0.0039475354170621585 0.9999509203517473 186.57427211866906
0.9998647818795788 0.013660091229136707 -0.009155318919293538 0.02741387860992759 -0.013631012688150956 0.9999018730952622 0.0032310483873796724 -2.7991718248998496 0.009198556951923462 -0.003105815222736782 0.9999528691202423 187.8663326499962
0.9998464253657404 0.014700154092020195 -0.009541024736454117 0.01578447901264507 -0.014700692546639107 0.999891938886918 1.3697045364608899e-05 -2.820504956613133 0.009540195071378618 0.00012656472938461379 0.9999544832937994 189.18577157379823
0.9998380119768289 0.015033757645617435 -0.009896258751445031 -0.002073080896524593 -0.015052861818642781 0.9998849715033452 -0.0018587933783196023 -2.845493040904293 0.00986717575051541 0.002007459291561801 0.9999493031898673 190.42564832799212
0.9998395068636493 0.015023723727808434 -0.009759520480280476 -0.02733168014304684 -0.015040193448658557 0.9998855834455134 -0.0016163535666117908 -2.867280656976776 0.009734120180142447 0.001762879228947997 0.9999510683834197 191.67909533973008
0.9998435144904779 0.01484140896510506 -0.009626999078632239 -0.03809236566747091 -0.01484755023970563 0.9998896084233592 -0.0005667617319600377 -2.8875220280390566 0.009617524796375839 0.0007096103944392262 0.9999534987537566 192.98245840913336
0.9998437908455687 0.015305412069988896 -0.00883958533701699 -0.06512793623755751 -0.015292091871183135 0.9998818325828224 0.0015725129633721176 -2.910128510286677 0.008862608744938603 -0.0014370915713749499 0.999959693654724 194.2540146003852
0.9998623262581243 0.01472942635605505 -0.007640191680431741 -0.09987838335860198 -0.014711615957872043 0.999888940729152 0.00238213422007032 -2.9296417071575336 0.007674430636879338 -0.002269406696891552 0.9999679759410517 195.4861612216907
0.999865241347417 0.0149209576529199 -0.006845740865033824 -0.0915238417196331 -0.014908774158839896 0.9998871883239991 0.0018273145892571357 -2.95826993467577 0.006872233869138241 -0.0017250067382985118 0.9999748980616467 196.74263695119612
0.9998977097461227 0.01311872239327183 -0.00569817227073127 -0.1148727544761115 -0.013116736611700014 0.9999138975106927 0.0003857274106235949 -2.9731395104879397 0.0057027418947337045 -0.0003109465296255601 0.9999836908905754 197.88731845168226
0.9999037960318925 0.012709303019486981 -0.0055562845292953765 -0.13135409390273475 -0.012713882754982518 0.9999188634880134 -0.0007897000267178106 -3.010236206027147 0.0055457971748150104 0.0008602660045004104 0.9999842519140476 199.32375397424553
0.9999184588898617 0.012021817211167546 -0.00430714316748549 -0.1403163069218079 -0.012027255691094474 0.9999269023337329 -0.0012389954828226776 -3.037729375850344 0.004291933348151713 0.0012906975659290505 0.9999899566535297 200.57185013361365
0.9999194259812522 0.012265415485754936 -0.003271257905589191 -0.14294097515645887 -0.012267937385261723 0.9999244632682806 -0.000751977361577822 -3.0582233614652483 0.003261787490682758 0.0007920483588966028 0.9999943666850143 201.8204282159415
