1.0 0.0 0.0 0.0 0.0 1.0 0.0 0.0 0.0 0.0 1.0 0.0
0.999978821936548 0.0007010918356383062 -0.006470251048588113 -0.009012361177092481 -0.0006976996417884422 0.9999996179970668 0.0005265177397952663 -0.002418935089729421 0.0064706177142219235 -0.000521992297330283 0.9999789290932274 0.0934072295140799
0.9999061558784773 0.0012151283901683208 -0.01364561831950758 -0.015626858616168277 -0.0012113280166125568 0.999999225224365 0.0002867666400938873 0.0006306631019505188 0.013645956205500713 -0.00027021040895604454 0.9999068530946132 0.19007659653850406
0.9997765217147468 0.0015773558907712687 -0.021081237543278064 -0.029331233712682397 -0.001586167984005674 0.999998661517063 -0.0004012919250966389 -0.0011313303401650915 0.02108057634621935 0.0004346406291196985 0.999777685482345 0.2907653663934079
0.9995397420824931 0.002039155893805346 -0.030267901164501922 -0.04378919083229771 -0.0020915192051083665 0.9999963704257459 -0.0016984353826711626 -0.0035421986115058675 0.030264327930386307 0.0017609595609227918 0.9995403791124933 0.395822234492522
0.9991306819464756 0.0023658576661219613 -0.04162070531207228 -0.0630940477303832 -0.0024971395421734526 0.9999920692437801 -0.0031025382592028334 -0.005648274885866594 0.041613035064479775 0.0032037738756902825 0.9991286659613344 0.5124144710924872
0.9984664942522086 0.0021777067924319887 -0.05531652057776677 -0.08424382379096262 -0.0024124116225513917 0.9999883683957949 -0.004176522869490162 -0.004377402354256422 0.05530678191567177 0.004303564364824925 0.998460134010312 0.6375200352148674
0.9974346935485869 0.002067522614851029 -0.0715524804313143 -0.1101930753590486 -0.002362344194926673 0.9999890650564125 -0.0040359754095780605 -0.006283593028768089 0.07154335353854496 0.004194653482601645 0.9974286708565278 0.776147235527538
0.9959199417875297 0.0006479224261625447 -0.09023884832184538 -0.13929545414075456 -0.001012784289946611 0.999991496857352 -0.00399755937724989 -0.00888047481605141 0.09023549089967528 0.004072641590206144 0.9959121295438531 0.924748867600429
0.9938925550441038 -0.0006842657628670044 -0.11034999233470277 -0.1713757378986706 0.00019685298231159152 0.9999901778444238 -0.0044278057298138065 -0.007243033644233544 0.11035193825577577 0.004379040424954419 0.9938829275765582 1.0809301233229702
0.9911678708392541 -0.0010331293466688469 -0.13260914168990354 -0.21879945339486842 0.00042395144205966393 0.9999892289212514 -0.004621937543484253 -0.012517298869254123 0.13261248840571024 0.00452489615727757 0.9911576328887405 1.253538735410648
0.9876887830806633 0.0026648731055819485 -0.15640897105974935 -0.2819850273324734 -0.003635052134367418 0.9999758867254257 -0.005917124612433714 -0.017478736694682927 0.15638943114104226 0.00641283237187625 0.9876746536225132 1.4328423835764452
0.9833388679228467 0.006970894297087357 -0.18164822450250628 -0.3505166557910501 -0.008489549309989942 0.9999352014336758 -0.007584226150863244 -0.020004875778446365 0.1815835851191603 0.008999975916246863 0.9833343287248644 1.6117650480855221
0.977984062546635 0.010018544845578235 -0.20843896508080412 -0.42406873081690893 -0.012079319641563993 0.9998899199929057 -0.008616143776521522 -0.024584080394048368 0.20832969889522826 0.010944252179016253 0.9779974232596248 1.7955882356817046
0.971303517627273 0.010885221942225399 -0.2375941678327864 -0.5032358458605801 -0.013324275160610726 0.9998737077488841 -0.008662115442753212 -0.029867737019603685 0.2374698724813952 0.011579313268400091 0.9713258872118575 1.989081861765598
0.9632231976060712 0.012822680554089288 -0.2683964427054562 -0.5879174486555234 -0.015536110071638295 0.9998473969300994 -0.007988249867543281 -0.035221222266694115 0.26825305380811115 0.011864304257399443 0.9632754213656188 2.181558551093718
0.9538553555835335 0.014613144819670331 -0.2999106810753665 -0.6905607757234219 -0.017541164670333596 0.9998211256481515 -0.007072782314728804 -0.034749002812510504 0.2997536791544335 0.012007193932915475 0.9539410669046795 2.3816665609128025
0.9425342090403356 0.01675072983124559 -0.33368949315018825 -0.7892869320163696 -0.019824325395822844 0.999786610935264 -0.005807642996912193 -0.038701456533164064 0.3335210052025351 0.012089071291859807 0.9426651544657789 2.5683511416162355
0.9299715555224037 0.019103755156092424 -0.367134787861593 -0.9001623940210058 -0.02263376257997285 0.9997297120096486 -0.005311846814293724 -0.040847968871504096 0.3669340795166269 0.013249508067893453 0.9301525852381665 2.756279323153062
0.9160287734528595 0.02182268284958996 -0.4005184848664242 -1.0191697775964481 -0.025838139740773765 0.9996554299867239 -0.0046272921665323815 -0.04093052764591004 0.4002794982773738 0.014587385348458331 0.9162769949352159 2.9456366919385855
0.8999189976770977 0.022249381955753943 -0.4354891073522216 -1.150343554641222 -0.026612923715854372 0.9996381182100071 -0.003922360622126034 -0.04136721058444209 0.43524424167488074 0.015119445232641965 0.900185454484083 3.1400702508058993
0.8814109049067272 0.01765935129244641 -0.47202008858038463 -1.2765156110371894 -0.022434926264446257 0.9997382199682652 -0.004490614456116829 -0.0442334370909874 0.47181722180841706 0.014547812433991485 0.8815763553761934 3.325856455665384
0.8601463902089601 0.012178834915820615 -0.509901817402712 -1.4149911324408317 -0.017245633997035166 0.9998377055337457 -0.005210633460064684 -0.045738379865099904 0.5097556037146975 0.013275487678726888 0.8602168249391291 3.508046522506155
0.8351818621338135 0.013826145495243808 -0.5498000498939957 -1.56644133179564 -0.017915344884533228 0.999837362318347 -0.0020710697619238634 -0.0509886831403767 0.5496819967766491 0.011579577411757113 0.8352937302569684 3.672031892827513
0.8061958132645821 0.019035360574527326 -0.5913425113438546 -1.738566451107588 -0.022389702457001316 0.9997479453947753 0.0016573782949088818 -0.057940492866044864 0.5912250095340572 0.011903811436813697 0.8064188039565613 3.8227511819089024
0.7737692538291168 0.022177870516954384 -0.6330792082260047 -1.9374427541024382 -0.02565537223209068 0.9996641350888776 0.0036631806724623643 -0.06233137711948743 0.6329478206806346 0.013407426163862953 0.7740783534108777 3.9881281727593363
0.7376613333837763 0.021728175132565676 -0.6748211938253554 -2.1466445370621 -0.025209645073797776 0.9996714615005017 0.004630643227915696 -0.06640581708993896 0.674700104509939 0.013596156326684854 0.7379667428193617 4.151946480670691
0.6979711728235576 0.017861937887028143 -0.7159030612326138 -2.365566147294134 -0.019398031911471884 0.9997936388339488 0.006032918459019795 -0.07094832074343135 0.7158630862569106 0.009676307254919712 0.6981736251195968 4.313712971857768
0.6554414334133349 0.013940818905713963 -0.7551173292497736 -2.594298397216166 -0.01372313491745368 0.9998843930557002 0.0065479837867464625 -0.06766344913599787 0.7551213166989198 0.006070757108649557 0.6555569715707533 4.464520226465387
0.6106037625217864 0.013605157188162688 -0.7918193890604873 -2.8506156155687163 -0.011155525453429162 0.9999009814254384 0.008577971572758455 -0.06688181101566394 0.7918576888848753 0.0035954196320517554 0.61069507408491 4.613136674465945
0.5621815167674555 0.014434814569783726 -0.8268878874027477 -3.120524157318427 -0.008695490251709436 0.9998955670024817 0.011543116479874117 -0.06734284497923725 0.8269681557679991 0.0007008688332881572 0.562248324255887 4.753313031260838
0.5108890119458932 0.015067452113934163 -0.8595146242849759 -3.3972791884361775 -0.006628747872147572 0.9998857050114738 0.01358810565735701 -0.0681167521517879 0.8596211242021664 -0.0012445081366947723 0.5109304982332736 4.8767865388696325
0.4582901603081371 0.01647001014856789 -0.8886500254489662 -3.6713346529237993 -0.0053246911094028855 0.999861228774931 0.015785146729586957 -0.06482232015153555 0.88878668792311 -0.0025023905353111164 0.4583142605377638 4.972424719717314
0.4040909866754173 0.018497869841922147 -0.9145317399079155 -4.0049576996095695 -0.003935936315094511 0.9998214114466856 0.018483874541906673 -0.0628207943656232 0.9147103273129759 -0.003869628414813565 0.4040916270883623 5.067492749716334
0.34865772435314535 0.020582116723855685 -0.9370241019952751 -4.347449746610421 -0.003637874822239923 0.9997810351509215 0.020606979869197774 -0.05888116672194697 0.9372430619191928 -0.0037760063185049903 0.3486562557313705 5.150353227017533
0.2937279429988242 0.023690671565386907 -0.955595441378024 -4.725858555939061 -0.0016980011464036643 0.9997041858074526 0.024262268467009535 -0.055773601272532926 0.9558875521178138 -0.0055039040543419454 0.2936812808920145 5.223068203191951
0.24006068452390006 0.02545402927899654 -0.9704241135397352 -5.122518811537011 0.003650614672117152 0.9996254363687392 0.027123052503788887 -0.05494930195215621 0.9707510189324721 -0.010053823057501682 0.23987784366943143 5.2893709275215635
0.18914411248636476 0.02584344658495346 -0.9816091997227595 -5.514788428745308 0.006322398945674817 0.999600835589813 0.02753537288142623 -0.0512504487955598 0.981928985203776 -0.011414278635030358 0.1889052203088225 5.326178127534967
0.14160159962617835 0.027010226503593585 -0.9895551700878188 -5.926291097524662 0.004457485763289174 0.9996001592545131 0.02792225705458462 -0.048102300712390245 0.9899136920984463 -0.008364764346758176 0.1414245838369187 5.3460423800316095
0.0990586975320239 0.027382197956592857 -0.9947047751359823 -6.352892623077644 0.002352431907301986 0.9996120833756743 0.027751555514339728 -0.03596764567735245 0.9950788112041079 -0.005089008195113682 0.09895585626030201 5.350972244487685
0.06116623518427988 0.025926654194573042 -0.9977908098773293 -6.755295274913239 0.000919991332787124 0.999660696144861 0.02603163842556943 -0.02947825162589948 0.9981271688964934 -0.0025102162151923063 0.06112162894773032 5.349760603552248
0.027129799969805246 0.02355666792664062 -0.9993543202237096 -7.198588544113296 0.0015799996797959347 0.999720039497279 0.023608181390589563 -0.029178492021397495 0.9996306705751933 -0.0022194647447337243 0.027084985169585796 5.32612710853693
-0.004712187489531283 0.02079472475275497 -0.999772661514367 -7.664755175134201 0.002313747445660482 0.9997813120588828 0.02078399938839167 -0.024239238470367085 0.999986220835978 -0.002215283339919644 -0.004759270732231036 5.308868005665896
-0.031857936648977514 0.019312408296270855 -0.9993058104295544 -8.156925813703594 0.00213868887142323 0.9998123368341844 0.019254015790964064 -0.025023906359869088 0.9994901189518491 -0.0015238110006073199 -0.03189326132043324 5.280811579334063
-0.052471369718884775 0.016725915514229826 -0.9984823479211011 -8.70965698513236 0.0018499865634723864 0.9998596382337714 0.01665176809670884 -0.010455161772939167 0.9986207152415469 -0.0009734378472428562 -0.052494947463717745 5.226713018795419
-0.06865365150902503 0.016094153755453044 -0.9975107289394803 -9.230258448933192 0.002164473216803797 0.9998699169615248 0.01598324782536859 -0.005230705603902658 0.9976382065609614 -0.0010617769300787032 -0.068679556198185 5.175638393726841
-0.0825896213098718 0.015460621754162173 -0.9964637091368992 -9.815241505544789 0.004087985939067646 0.9998765000483889 0.015174749485451226 0.003396771908242749 0.9965752569790473 -0.0028202528182672514 -0.08264262429997671 5.106959030875182
-0.09223164003384432 0.0168364547184444 -0.995595228177185 -10.381783818272442 0.0022029465789636903 0.9998580439011799 0.016704462651532574 -0.002953476300366019 0.9957351412916177 -0.0006525631157105542 -0.0922556370003611 5.040724196866167
-0.09913359007363365 0.01818957541965222 -0.9949078704408595 -10.972074151514907 0.001002901037739186 0.9998342323829595 0.01817971244785266 0.0019331750049198296 0.9950736281846795 0.0008044260257419343 -0.09913539927870296 4.974311728932808
-0.10355049186372045 0.01901209959520545 -0.9944424748087561 -11.583491122833594 0.00140584955055126 0.9998190934016548 0.018968501694501653 0.011262269953945518 0.9946232046467762 0.0005661611741244896 -0.1035584870481514 4.900930240995546
-0.1048371231541787 0.0194635602937602 -0.9942989225728082 -12.212067754739069 0.003876940574013368 0.9998088630039805 0.01916264048802622 0.02609626189882311 0.9944818484721285 -0.0018458817348178454 -0.10489254396800529 4.825380953439695
-0.1039221082327999 0.0214312988005931 -0.9943545116567682 -12.86223962158482 0.005960376481444926 0.9997632823341522 0.020924942261371354 0.041671645178380776 0.9945675790677323 -0.003752163131046339 -0.10402524664324675 4.748477612213954
-0.10244391272814357 0.024045728021092998 -0.9944481121249535 -13.531673380158912 0.005822592222355562 0.9997051615130882 0.023573024072071923 0.04346501492149031 0.994721741073734 -0.0033753530224171647 -0.10255371678887792 4.678290202977849
-0.10059665090585823 0.023927601086139758 -0.9946395245176956 -14.182780604038609 0.003262766005763267 0.9997133247864443 0.023719666996502423 0.05186534725122008 0.9949219407493819 -0.0008591569681345178 -0.10064588250289996 4.600896053171345
-0.09898178991868578 0.02119102696505529 -0.9948635814224278 -14.86986756096698 0.00167038492263594 0.9997753526654073 0.021129458511064896 0.06726275869307922 0.9950878428956429 0.0004296264969501928 -0.09899495109534495 4.5186001863492775
-0.09759550321597277 0.021122124491774877 -0.9950019967864263 -15.558700760708192 0.0012534684479480974 0.9997765732045283 0.021100532890437815 0.07743162228683685 0.9952253747613511 0.0008121135169503147 -0.09760017368204066 4.447589062399998
-0.09594858619002511 0.023915200061165872 -0.9950989558904031 -16.24673889671448 0.0022025376426723833 0.9997139863624739 0.023813741814004485 0.08979393678460906 0.9953838544180172 9.315195041541078e-05 -0.09597381771424018 4.385997435432295
-0.09406192741544328 0.027332502867602252 -0.9951910811989247 -16.979194815169283 0.0013345448640188467 0.9996256252712514 0.027328159306209597 0.10174794789734855 0.9955654538004512 0.0012424121909269665 -0.09406318945820447 4.310393335837323
-0.09264461120139211 0.029813929364070055 -0.9952527847894812 -17.71923222483911 0.0008041012907033292 0.9995535309559652 0.029867912122820105 0.1049020534640069 0.9956989150523654 0.001966817057190708 -0.09262722166947657 4.2460478802944905
-0.09092955351161125 0.0293338037906201 -0.9954252077646782 -18.481005022728784 -0.0011111632996595219 0.9995624721625309 0.02955722518185901 0.10849573315731635 0.9958567073702426 0.0037937052472526555 -0.09085717465448973 4.169977495263863
-0.08913461503185238 0.026371228405925446 -0.9956704167120195 -19.243611730230274 -0.0037845697170193564 0.9996332494014554 0.02681499064226305 0.12161817104730277 0.996012398233667 0.006158327975201185 -0.0890021211060128 4.094954743434988
-0.08735189997905146 0.025471810757556976 -0.9958518124835548 -20.025489907873812 -0.004581701319084234 0.9996521995928399 0.02597090414713688 0.1398943696436391 0.9961669807733404 0.006831303384294563 -0.08720481472372521 4.011405118307835
-0.08616167570053879 0.027863063707475277 -0.9958914676415843 -20.810521309972273 -0.0017579385182061073 0.9996030370164135 0.028118997843607947 0.15443213552147086 0.9962796170215678 0.004173495944145047 -0.08607849115175537 3.9503541719183644
-0.08497535188359873 0.03005553968575698 -0.9959296431507885 -21.60301570288454 0.0006494144518079454 0.9995464019489593 0.03010927783523333 0.16479420974098352 0.9963828420005679 0.0019117753757639305 -0.08495632573142653 3.8767692499579187
-0.083824497602913 0.03197598361215707 -0.9959673639601123 -22.403238970944365 0.0012304828699681225 0.999487577499904 0.03198543942608873 0.17212540864429704 0.9964797737603742 0.0014556426101000547 -0.0838208899443671 3.80276961655689
-0.08267794717148047 0.02733677201937351 -0.996201313965742 -23.20550223157274 0.0007226086822865327 0.9996250895994971 0.02737075227116715 0.1849331891163378 0.9965760557469772 0.001543093891542338 -0.0826667041380007 3.7238423913014405
-0.08251653773596579 0.020520943952335478 -0.9963783979289066 -24.004422779308804 0.002575759109980987 0.9997890316347875 0.02037787250380399 0.18782657651387824 0.9965863667866809 -0.0008849192500148058 -0.08255198636522709 3.656416595261719
-0.08252665628884648 0.016160183128991687 -0.9964578262440517 -24.82931592540761 0.005822866834821283 0.9998592720448716 0.015733096571347256 0.19226215135318822 0.9965718464935718 -0.004503841375631795 -0.08260914107564976 3.585944259090588
-0.08333138226561898 0.01693371618240671 -0.9963780055711564 -25.67565481004083 0.00683016403990102 0.9998418315723264 0.016421348826561502 0.20333334372515627 0.996498484489008 -0.005437011527417143 -0.08343386193124114 3.5176087220961163
-0.08341321357941656 0.02444961872887849 -0.9962150630985096 -26.520225359445373 0.006516482140286734 0.9996909767133344 0.023989300499488445 0.2055551657600241 0.9964937386962701 -0.004490793020381428 -0.08354676245778858 3.444252272700683
-0.08375768051341215 0.03163019688960617 -0.9959840267794149 -27.386612386343977 0.0048098726765199275 0.9994972935810472 0.03133728209333966 0.2156692609145746 0.9964745436185759 -0.0021658182949239853 -0.08386771220955369 3.369507071713104
-0.08439183270078598 0.037068035349669834 -0.9957429283347777 -28.2425593633293 0.0032059948289171747 0.9993127413408678 0.03692921053795736 0.22784015089676732 0.9964274886666664 -7.58229216807394e-05 -0.08445267361265163 3.2972791525935325
-0.08705315337197517 0.03844105688629297 -0.9954617188186898 -29.098188862334094 0.00381543788953126 0.9992607598310589 0.03825410168290291 0.20304430749562383 0.9961963616284224 -0.0004679821786498628 -0.0871354696491271 3.2547719912891457
-0.08766102898341566 0.034960903673605735 -0.9955366789887221 -29.938878220657177 0.004079273108465871 0.9993881643197564 0.0347369622807478 0.21725419015542338 0.9961420097197365 -0.001015988145801672 -0.08775000991232007 3.181022580210057
-0.08813298570154604 0.03256812214215851 -0.9955761619542048 -30.783385580325547 0.0037937565920914186 0.9994690899437201 0.03235963006574586 0.2264644403107555 0.9961014929424872 -0.0009250228134511446 -0.08820975054121605 3.1038323596511845
-0.08812138604221342 0.03366430269852442 -0.9955407254581913 -31.625794267883535 0.002029479056324129 0.9994327529052133 0.03361627039198327 0.24054874510123092 0.9961076761760044 0.0009418832884762486 -0.08813972043926488 3.0191829709222158
-0.08781039484015873 0.03610863106141564 -0.9954825469695017 -32.484024328679055 0.0006661155501096081 0.9993447066964781 0.036189963909956116 0.2494343509389371 0.9961369839776502 0.0025147486157852342 -0.08777690579708342 2.92654811262134
-0.08758546125094835 0.03414364481246793 -0.9955716943025141 -33.34451646948106 0.0006495104954269482 0.9994141719958699 0.03421828385419413 0.2713404153076767 0.9961567974538823 0.0023503899101859995 -0.08755632789065082 2.837658301384904
-0.08724094376511027 0.029265478703225666 -0.9957572743832926 -34.19627449727786 -0.0006715059280703287 0.9995664337610094 0.02943626297759595 0.2745454044539734 0.9961870139741642 0.00323670427575098 -0.08718346709479907 2.751439200006674
-0.08734298133049134 0.0250355783983595 -0.9958636570467672 -35.03350522310638 -0.0017782055148277266 0.9996786399374141 0.02528744427633961 0.2890152157343964 0.9961767120332861 0.003979531020301234 -0.08727039438096962 2.6774324809499435
-0.08675453548250434 0.026085465910914454 -0.9958881458484309 -35.88616888594304 -0.0016789079022794663 0.999651887575911 0.026330304483123887 0.2907813893356734 0.9962283030718765 0.003956277812397688 -0.08668054005600423 2.5977516878320417
-0.08625330980083357 0.028612499867118866 -0.9958622853586514 -36.70072128503757 -0.0004168467209542629 0.9995863852518603 0.02875560220080167 0.3000412370488162 0.9962731516944604 0.002895387793309045 -0.08620570713307618 2.5301675705432007
-0.08606157371822998 0.03326633849312083 -0.9957342799423965 -37.54004823004744 0.0003475946157304244 0.9994433328109795 0.03336021099550654 0.312846022479974 0.9962897594109481 0.0025249203834393046 -0.08602522926405087 2.454866139602258
-0.08560974979763092 0.038870969462522255 -0.9955701976619382 -38.39472056922227 0.0011420214750483334 0.9992418282388638 0.03891612114283219 0.3311850974632293 0.996328091808385 0.0021946368484841096 -0.08558923438473842 2.3767532064260273
-0.08525786285365355 0.04201023168905459 -0.995472871179853 -39.24063338758404 0.0009573571407624732 0.9991137064030116 0.0420818861856487 0.3450793145398549 0.9963584597367221 0.002634788619379736 -0.08522251815100623 2.286520700629429
-0.08479982384962637 0.04179201106656427 -0.9955211789239268 -40.08383220299044 0.000614953309792774 0.9991220062789158 0.04189079137019239 0.36275169417770814 0.9963978179961553 0.0029401326851656775 -0.08475107027226558 2.2066429774347402
-0.08445331251332733 0.03746643740322576 -0.9957228048376902 -40.940954697514336 0.0007105893757787372 0.9992948515382667 0.03754057474057367 0.3787178001269716 0.9964271840271448 0.0024628758441573163 -0.08442038364228743 2.1251094379196425
-0.08388467968670565 0.033038098629443444 -0.9959276301784233 -41.78667240380756 -0.00048454294734527273 0.9994487528441951 0.03319571743937899 0.3957621315246673 0.9964753512917374 0.0032671818336419355 -0.08382243011792823 2.039725067417594
-0.0834440331175701 0.030372665328737652 -0.996049494020203 -42.63148596508428 -0.004532390675435691 0.9995135024573926 0.030857994752108354 0.40910903259296 0.9965021579363685 0.007089400975006341 -0.08326577701538906 1.947478400228979
-0.08402769177422309 0.028451993782546505 -0.9960571424696951 -43.468405806926086 -0.00817676809548092 0.99953893874775 0.029241244681689177 0.42409890871620687 0.9964298708281528 0.010601602559029706 -0.08375630450641602 1.8689137851605215
-0.08476504084070546 0.026377383706669984 -0.9960517664660129 -44.30447441998253 -0.0057883831687633525 0.9996196337796316 0.02696446518228688 0.430925129628075 0.9963841540648694 0.008051173272653199 -0.08458011667861776 1.7941054539989068
-0.08579698757233101 0.02230557489314476 -0.9960629188219987 -45.13012579380364 -0.0029589994489740328 0.9997392404611334 0.022642778196526835 0.44282283722245214 0.9963082460994561 0.004890031787468222 -0.08570861300559773 1.720182078456936
-0.08630777485167185 0.021202294565224447 -0.9960428859769659 -45.961082622778505 0.0012979862721650569 0.9997750633575255 0.02116926829375621 0.4447456535025966 0.9962676764965281 0.0005342224491863746 -0.08631588135786128 1.6389684788459034
-0.08830329375771906 0.024663866434010053 -0.9957882415474002 -46.78488547311725 0.0021036973810785267 0.9996957977539833 0.024574100397691666 0.44976624062667175 0.9960914128577091 7.513689039698762e-05 -0.08832831700865174 1.5680749171228883
-0.09015568263866047 0.03128650112283762 -0.9954361394561925 -47.72116890439899 0.0037914119560228062 0.9995099841307912 0.031071157336755455 0.4462854799005116 0.9959204677499791 -0.0009728670805229859 -0.0902301249378874 1.5359837169145116
-0.09203382881486477 0.035061936498606325 -0.9951383999035731 -48.54769251972359 0.005634814228150658 0.9993822240063085 0.03469033307448798 0.4515971582022282 0.9957399375450853 -0.002414735839047665 -0.09217454002346437 1.4572475547552468
-0.09355322939235022 0.03429433899166109 -0.9950234628305944 -49.36028106413739 0.005755306965769148 0.999408510715662 0.03390435297763994 0.4618925319893427 0.9955976444889733 -0.0025548037552163005 -0.09369526810773454 1.3759575235551929
-0.09433599743100474 0.030311260694086083 -0.9950788647458215 -50.17701750586303 0.0025598226566596626 0.9995404625043744 0.03020448848280215 0.46916547943841314 0.9955371248209 0.000302145124778904 -0.09437023795487476 1.2798472089630686
-0.09545469408342178 0.026615135382202566 -0.995077904460765 -50.99107240467674 -0.002268986704110398 0.9996340821819196 0.026954655250023565 0.48380186430793126 0.9954311895238048 0.004830766905790609 -0.09535937612172685 1.1821216279166165
-0.09695300677027774 0.025037816389851354 -0.994973980679209 -51.79327824769632 -0.006529450033560606 0.999646016336223 0.025791632468283025 0.49572954086995086 0.9952675423023007 0.008997209208851747 -0.09675520381865987 1.0919397785019924
-0.09820424602277233 0.02608700590159242 -0.9948243031742788 -52.63652535936027 -0.008607383668405298 0.9995967038125069 0.02706183056550978 0.5052804987326641 0.9951290564592534 0.011220421126756863 -0.09794009975620077 1.0109680057851813
-0.09921587268700827 0.027566820518663392 -0.9946840106352607 -53.44730257277988 -0.008501043293952378 0.9995562222415134 0.02854979581693284 0.5153219940164233 0.9950296190917485 0.011288444745225421 -0.09893749615471514 0.9225445039901479
-0.10035140021148314 0.02726666689156887 -0.994578365616415 -54.22461455074517 -0.010433452019528422 0.9995406103483757 0.02845542730926311 0.514603579905744 0.9948973512652203 0.013232427631420489 -0.10002081435595445 0.8418145660596833
-0.10118846043564389 0.027230928573405706 -0.9944945309068796 -55.005809994778 -0.011492948240224165 0.9995266322352195 0.028538107738036743 0.5222221995491007 0.9948008884271324 0.014317401354657247 -0.10082759742767844 0.7636378887828363
-0.10166761976432848 0.02877243538553371 -0.994402253644591 -55.79602463249942 -0.008716404068069434 0.9995175297930096 0.029811607413932593 0.5376385843345692 0.9947802367314995 0.011698487016088258 -0.10136777599393376 0.6736505457165697
-0.10239293303269248 0.031637655058121106 -0.994240788766678 -56.547830158933 -0.007722232747267885 0.9994387001585706 0.0325983396317022 0.5446244011741777 0.9947140565943359 0.011015598384569338 -0.10209114655968121 0.6040563340664986
-0.10248897858475825 0.035897554748178684 -0.9940862009060155 -57.33964120750216 -0.008228732161819794 0.9992838414445114 0.03693361876271363 0.5567760206187395 0.9947001041699265 0.011965357955445951 -0.10212018886261442 0.509749916300262
-0.10321204610068002 0.037997646621255474 -0.9939333239161254 -58.09901843023534 -0.008013974574428557 0.9992058476629936 0.03903140027719787 0.5667541142002634 0.9946270907989746 0.011993867071325328 -0.10282556783915098 0.4263357168648591
-0.1039507529827779 0.038183642329332156 -0.9938492090919925 -58.86885368910347 -0.007295708068548983 0.9992066100568856 0.03915256137732966 0.5714896619013872 0.9945556865244358 0.011320771930071322 -0.10358970279335344 0.3421420488757686
-0.10459726585802742 0.03618076350321106 -0.9938563096984139 -59.6094453751169 -0.007112805573684456 0.9992852422481896 0.03712697970274479 0.5847121251766754 0.9944892256690848 0.010952487265537936 -0.10426515741513143 0.2691185838399963
-0.10443848814993761 0.03260240809830645 -0.9939968235256827 -60.383541977730346 -0.00663536308744082 0.999417449030535 0.033477373403477804 0.5928003898986702 0.9945092127022523 0.010091856097345885 -0.10416131859215927 0.16589285814720123
-0.10397463935811913 0.030044912816534795 -0.9941260370718575 -61.11024067487349 -0.007338247607085628 0.9994932330357642 0.030974622479903506 0.5956545502323216 0.9945528766699168 0.010515718214285923 -0.10370147143619302 0.07460826820033703
-0.10246827010792603 0.028017783370016265 -0.9943416200864369 -61.819200164816905 -0.00804892583799057 0.9995471813354755 0.028993914484950808 0.5921661095042462 0.9947037088570363 0.010974338218633169 -0.10219635750220935 -0.01308661903799531
-0.09947981998336686 0.027726844252613642 -0.994653199624808 -62.51999259794212 -0.01014794240428034 0.9995314370092978 0.028877771643384845 0.584385922285684 0.9949878314235989 0.01296643890663041 -0.099151837002873 -0.12110388614525006
-0.09512366245210835 0.028937790027528432 -0.9950447694199596 -63.25720478199148 -0.01094977274513828 0.9994865009257526 0.03011373347868714 0.5819377292154497 0.9954052397483789 0.013760042714986456 -0.09475795431495215 -0.20928394964014074
-0.0897162059048402 0.029326784599040187 -0.9955355051946273 -64.00830759029327 -0.009434100015945832 0.9994965193150729 0.03029365666180337 0.6169558179630991 0.9959226878402406 0.012109813464112164 -0.0893943637089889 -0.19319348200501854
-0.08265872580122835 0.031137834408505937 -0.9960913463720414 -64.67056518133164 -0.008523567711781817 0.9994531160885909 0.031950235277198535 0.6169367619505078 0.996541461175791 0.011131217774984685 -0.08234811563397093 -0.24580057199063768
-0.07399448273875753 0.03219987792011795 -0.9967386740696649 -65.31403355470552 -0.009890118711391355 0.9994057478495252 0.03302024707972037 0.6287639774483708 0.9972096078939968 0.012301179913353671 -0.0736320507431445 -0.29388261580570635
-0.06207698824642649 0.03396186153055811 -0.9974933781693153 -65.94689019418344 -0.012046788772496642 0.9993225977180894 0.03477384894199177 0.6338767017550693 0.9979986585214051 0.014175247840824879 -0.06162580578075483 -0.33562264042322787
-0.04712335359324582 0.0352528068445572 -0.9982668126085863 -66.56881089317557 -0.015116760664854402 0.9992374268090701 0.03600067236857855 0.6451944884551066 0.9987746858491797 0.016787032899490177 -0.046554510343295386 -0.36666747392077986
-0.028683954440432036 0.0367118889415642 -0.9989141444428551 -67.16349110984616 -0.01660603842460563 0.9991699246464157 0.03719813395745085 0.6497838728057649 0.9994505841938858 0.017654996245204724 -0.02805050555840416 -0.37946566918608565
-0.0065130654666671894 0.037242405893552884 -0.9992850360039855 -67.74180243554659 -0.018051460294661228 0.9991390179876268 0.03735461840189132 0.6624152325799733 0.9998158454232744 0.01828184722560895 -0.00583517802318978 -0.37661152105756535
0.01865944531267305 0.03754133396497136 -0.9991208502202092 -68.29951685399632 -0.017289720288834333 0.9991575207213729 0.03721981136778078 0.6703519989952743 0.9996763929757255 0.016580019000284652 0.01929280428017055 -0.3464812881809135
0.04802619688497611 0.03728848781665615 -0.9981498149522009 -68.83323273925706 -0.015826514098631877 0.9992058930030262 0.036566444173732046 0.6710342479374118 0.9987206846081899 0.014041084871616656 0.048578205724138734 -0.30152909591220395
0.0823335923494396 0.037245604409230894 -0.9959086024947409 -69.34666436720119 -0.015081123196088956 0.999233544483218 0.03612316850234967 0.6812545618209593 0.9964907120961947 0.012045270096425387 0.0828321928619753 -0.2404697135700933
0.11983537424289326 0.037848083849016834 -0.9920720768316299 -69.83385218298436 -0.014422338664990554 0.9992339817072895 0.03637919664902807 0.6804212610568054 0.9926890143582219 0.009948484827054209 0.12028943603720088 -0.1582827785815743
0.16053878279648615 0.03738747899385921 -0.9863211827963073 -70.31218437189712 -0.014351419159993937 0.9992651236616263 0.03554221998706407 0.6905745955865945 0.986925192700195 0.008449203986082591 0.16095737002599408 -0.04763567622429345
0.20602164960051528 0.038455222824742 -0.9777915297922058 -70.77063975469021 -0.013510604146116144 0.9992440637393513 0.03645222431175039 0.6941396281806177 0.9784541601278466 0.005700606912132991 0.20638546365803934 0.06721599035983525
0.2546815813883936 0.03731566530788584 -0.9663047310368179 -71.21554513477331 -0.01030834855702184 0.999303187643439 0.0358730695046966 0.6940540078794545 0.9669700254152318 0.0008247959091148673 0.2548887790001245 0.20990972100492833
0.3049630134166956 0.03259176161422721 -0.9518063550547925 -71.62543598140674 -0.0029369536244560675 0.9994416895921043 0.03328187808233696 0.6927289202000292 0.9523596666969975 -0.00735433070789806 0.3048884698846821 0.3768645774877059
0.35588577329037063 0.027428852307158705 -0.9341268513594003 -72.01398212301905 0.0016187639661851695 0.9995495902120868 0.02996658656022161 0.6962916866902296 0.9345280605593054 -0.012176812717683906 0.3556810780169529 0.5715871205312842
0.40815842693591786 0.022603858478019087 -0.912631231167936 -72.40431538029814 0.006765710663935813 0.9995910673164322 0.027783507705252352 0.7040233630263675 0.9128860409056592 -0.017514671652691525 0.4078385864487193 0.7880559555556627
0.4593085413991511 0.021829690656040505 -0.8880085182044405 -72.7942903977983 0.006064230230471674 0.9995976237938999 0.027709486052627748 0.7199438503724447 0.8882560942146676 -0.018112291722764295 0.45899134630083527 1.0252720190734697
0.5076994096546249 0.020456441505389236 -0.8612913812626259 -73.16435886335317 0.007495107588956511 0.9995753597393655 0.0281588984896072 0.7303677387731027 0.8615016731258132 -0.02075172770770243 0.5073304968150151 1.282945737541651
0.552081828944983 0.015550914678643502 -0.8336449023423703 -73.50347122232539 0.015396561267986383 0.9994654418956244 0.028840533238924368 0.7431123842000049 0.8336477673753369 -0.02875759915295277 0.551547278518419 1.5780396306586157
0.5957836819177142 0.00922169766879342 -0.803092002607844 -73.82262744650401 0.02557993780038263 0.9992089055577532 0.03045044886706332 0.7455347406265127 0.8027374858212992 -0.03868492401675945 0.5950764703053861 1.882690034394752
0.6379299929735065 0.004046539359636825 -0.7700837289438291 -74.13047161767443 0.02723990276362102 0.9992418424794015 0.02781596548386121 0.7448970139740537 0.7696124425723966 -0.038721644561947474 0.6373361142130327 2.204238652909862
0.6793964765687323 -0.00040251393684989336 -0.7337712624575337 -74.43405604767584 0.02373409342379982 0.999488656496876 0.02142704700653125 0.7484161610878847 0.7333874286046512 -0.03197285593437657 0.6790586248977751 2.5230227754658894
0.7201450006799373 -0.007001418140289141 -0.6937882660723789 -74.71751049734081 0.01967997043502179 0.9997528763409412 0.010338520769017895 0.7560347580028064 0.693544430270599 -0.021098966610703387 0.7201048235143205 2.8633188033245744
0.7593543379762797 -0.009820204141026861 -0.6506032223922922 -74.96586046385497 0.014908545265915266 0.9998861970584365 0.0023082915915441063 0.7628919459561905 0.6505065139371473 -0.011452358824539013 0.7594143261768861 3.2164419389835426
0.796553025358327 -0.011485097371760946 -0.6044595688140421 -75.23351068413686 0.014033733134106031 0.9999013947094212 -0.0005051657895875962 0.765475537560265 0.6044057677808984 -0.00808043294108954 0.7966356598073345 3.6223017968049254
0.8305832363911625 -0.012560378582310983 -0.5567528395220371 -75.47140623873939 0.013624205922869658 0.9999046931597757 -0.002232847963032886 0.7683875297357146 0.5567278225838489 -0.005730749246285369 0.8306752013116334 4.057965359996434
0.8615297681030001 -0.011429669580489127 -0.5075783893406729 -75.71344018710896 0.010701041803318021 0.9999332660169984 -0.0043532995419895484 0.7689775776508699 0.5075942733884166 -0.0016811204179022184 0.8615945841620791 4.523698110727151
0.887870525252651 -0.009481184138085935 -0.4599956929525769 -75.92768119347012 0.009360691582086557 0.9999529548206766 -0.0025427541176636335 0.7584700040412421 0.4599981606927214 -0.0020482413767789077 0.8879175056651241 5.000156277955472
0.9094502936923802 -0.00279705352128334 -0.41580324649338973 -76.13650701188263 0.0025360957768488456 0.9999960880668939 -0.001179859788126215 0.7509164025286682 0.4158049200298791 1.850697339529042e-05 0.9094538295792909 5.479815628206643
0.9273279595280116 0.0016483231118968056 -0.3742460935113862 -76.33259843102506 -0.002887983300812558 0.9999920439307136 -0.002751659086424717 0.7483935474128708 0.37423858036026786 0.003632506874386163 0.9273253419721359 6.007662555112684
0.9412337943273578 0.006915935304086081 -0.3376849334142624 -76.52802658098311 -0.007697076211409899 0.9999699023834034 -0.000974343431460287 0.7377520589816806 0.3376680314064701 0.0035162716329057587 0.941258697914597 6.5535632114493705
0.951464634793223 0.00838429268358624 -0.30764387264171983 -76.69389022624671 -0.008488002712764888 0.9999634752357154 0.0010010017277548243 0.7354151857705173 0.3076410287132503 0.0016588642822227841 0.9515010486707549 7.129884130143039
0.9589900349731058 0.007333598158399687 -0.283344897890067 -76.85100370236621 -0.006875431570016636 0.9999729541258036 0.0026114091291247416 0.7233424188815876 0.28335638560478466 -0.0005561968759119169 0.9590145199015643 7.724685231256372
0.9656474118535876 0.008838821343627824 -0.259705508639542 -77.02282500553696 -0.008149303207162208 0.9999598312647493 0.003731583338465478 0.7050108496407808 0.2597280593961799 -0.0014869748584312465 0.9656806532534784 8.425200437904012
0.9703850565862147 0.011401570366785511 -0.24129410715419497 -77.17732398455576 -0.010134813331880557 0.9999275781036038 0.006490308666714534 0.7001723842259929 0.24135063188833134 -0.0038526278087212314 0.9704303322475398 9.051707893642584
0.9740707117597065 0.016243387069665743 -0.2256599230444868 -77.3361044829039 -0.014829554283349169 0.9998583584238333 0.007959108603009251 0.702174433043333 0.22575724309907727 -0.004406298503541412 0.9741736250390901 9.689573402844518
0.9769538189748234 0.019861975774166866 -0.21252467505881392 -77.47611585587103 -0.018292082008008716 0.9997889593532104 0.009350748164551911 0.6963365181450248 0.21266554804744545 -0.00524773034472958 0.9771109588986855 10.360085170950846
0.9796763396156605 0.018205787445710817 -0.1997568995072328 -77.59975417480918 -0.016756297457569305 0.999819593624254 0.008944646474014491 0.697182885495356 0.19988370642144537 -0.005415672489473668 0.9798046613477158 11.027021026285869
0.9823135600256816 0.018450832409006298 -0.18633205997113436 -77.72304553615963 -0.0171194311161781 0.9998151469741119 0.008751968886678077 0.6890519161871499 0.18645909703720567 -0.005407278848895341 0.9824478441462021 11.734050424899673
0.9849142577651486 0.018769015428668278 -0.17202217563664537 -77.84702491035937 -0.017419726701669535 0.9998045460784952 0.009350014032788087 0.6910710968529292 0.17216404378547107 -0.0062123828449802436 0.9850487035303492 12.481858065813585
0.9872727259707994 0.02035844100008191 -0.15772792534688687 -77.96656167102077 -0.01903215922313753 0.9997697115604646 0.009914674054680423 0.6905489859093623 0.15789344973586483 -0.006786584291939199 0.9874328335659881 13.195713287063224
0.9891875007100369 0.02003932463281711 -0.1452808105266877 -78.06968260199889 -0.019209875312309922 0.999790192035424 0.007110035179624607 0.6832699165366781 0.1453928097586544 -0.0042423316738043094 0.9893649142214682 13.946524839292875
0.9907417954813644 0.020894423597358977 -0.13414215500317708 -78.17044009321135 -0.020821360004297452 0.9997813148912665 0.0019476554781377405 0.6735955670550822 0.1341535152500064 0.0008633984156841198 0.9909601853198957 14.645565712699264
0.9920249432276729 0.018107481575915588 -0.12473424199116429 -78.26324284894086 -0.01875765431340444 0.9998158978873577 -0.004039893111886754 0.6669522622354865 0.12463812586360272 0.00634739652728012 0.9921819632197182 15.410108941911274
0.9930044776002886 0.018061883466059164 -0.1166870851098629 -78.35782900300245 -0.018724243281825897 0.9998141839853777 -0.004582599172563563 0.6677690090555081 0.11658263240852339 0.006735418866847193 0.9931581565659053 16.200503830801924
0.9937052219061449 0.01951432679139809 -0.11031374803866469 -78.44552586612426 -0.019435953380117214 0.9998095091280432 0.0017858256765606322 0.6489601866039241 0.11032758346245687 0.000369468563853109 0.9938952096777179 17.002767707618904
0.9941469842906986 0.025226346495541414 -0.10504953625883529 -78.54499794924466 -0.024301198794841584 0.9996538865178068 0.01007764391994899 0.6376518531466087 0.10526739933542129 -0.007465829647840908 0.9944159270772097 17.823018815949922
0.9945639540752779 0.02597299119814255 -0.10083622852115051 -78.62639982349675 -0.024688863700101007 0.9995976786367604 0.013962122804136204 0.6242045301477042 0.10115829804492715 -0.011396692161375387 0.9948050633890202 18.581164556395347
0.9949779089437643 0.025463312525373785 -0.09680175839895407 -78.71040252427112 -0.02435616032971692 0.999623912951472 0.01260198831855877 0.6209038509058133 0.09708624087834204 -0.010180980837969903 0.9952238991610327 19.399072210694097
0.9952729253813712 0.025545230846765892 -0.09369762635090023 -78.78267213894715 -0.024512325149348254 0.9996255895643287 0.012158396437895343 0.6121243104379444 0.09397313402552934 -0.009804176107855134 0.9955264578162983 20.163946841359888
