1.0 0.0 0.0 0.0 0.0 1.0 0.0 0.0 0.0 0.0 1.0 0.0
0.999996825826711 0.002514212778689817 -0.00016453147430686444 -0.0035745892623885575 -0.002513879469308598 0.9999948489925943 0.001995594721452399 -0.021018790045256825 0.00016954797655378338 -0.0019951747747936235 0.9999979952635414 0.7800235301907072
0.9999863674146569 0.005219587971523971 0.00014452074745962545 -0.01983474233384144 -0.00521992699369223 0.9999833643310932 0.002454266336087493 -0.039465657389271845 -0.00013170808421356206 -0.0024549872658430247 0.9999969778406859 1.5461212480536977
0.9999780318865277 0.006604308638976323 0.0005646695916402605 -0.02320294485410007 -0.006605486314213027 0.999975957831489 0.0021098126809867626 -0.05346129028182109 -0.0005507221616431225 -0.0021134962496420135 0.9999976149165074 2.30795554325561
0.9999623478841354 0.008642977966640004 0.0007757228342547239 -0.026713285478232634 -0.008644462015015024 0.9999607722604628 0.0019306000958250922 -0.0687712401223492 -0.0007590062703108192 -0.0019372331112214908 0.9999978355163347 3.0482979542028397
0.9999616484881483 0.00866235138541651 0.0012904345549554646 -0.0343793795613435 -0.008664335622482398 0.999961277973542 0.0015400784855597591 -0.08072095109570115 -0.0012770438857114465 -0.0015512001793044504 0.9999979814664216 3.7759719812531234
0.9999603442245171 0.008790173292376142 0.0014292766965284362 -0.03238432262790531 -0.008793817842705037 0.9999580465685843 0.0025639560234496012 -0.09266242096274754 -0.0014066791157064207 -0.0025764231467012813 0.9999956916395363 4.505119594895222
0.9999502083096582 0.009740563321086809 0.0021684851069654707 -0.04019296723520179 -0.009751399407812058 0.9999397329149291 0.005043882196245152 -0.0983186793552862 -0.002119224164772426 -0.005064776817212628 0.9999849283487883 5.1977602883861085
0.9999503078888458 0.009376593935401776 0.0033854451957223207 -0.03774495965659339 -0.009406645914033018 0.9999154984819566 0.00897278709367195 -0.10690718469147784 -0.0033010249394178535 -0.009004186901155852 0.9999540128688911 5.864263989761463
0.9999496244282415 0.008733446566800983 0.004947273681887488 -0.03663484186162004 -0.008794021394119252 0.999884970851279 0.012357599016664505 -0.11407178968719998 -0.004838780170501379 -0.01240048292614956 0.9999114031901326 6.513177943248373
0.9999507067828538 0.008066329443366167 0.005789502032317846 -0.02220917681955919 -0.008150026058540873 0.9998604667895543 0.014581633194522206 -0.12262649788705147 -0.005671073947343055 -0.014628099011340169 0.9998769212456092 7.174851493082623
0.999939741459771 0.008621483418552442 0.006795842334088665 -0.015222269506150228 -0.008717721888219584 0.9998602984803886 0.014261305963613125 -0.12681256198204582 -0.0066719393316953595 -0.014319690861598773 0.9998752080530762 7.777274699398215
0.9999236714566415 0.009371903225140775 0.008051005565084259 -0.016107292641963738 -0.009465364690508201 0.999887334884471 0.011650081926983278 -0.13612084094119906 -0.007940915057227497 -0.011725398396998618 0.9998997234225467 8.33713968138406
0.9999174211236154 0.009240816449217827 0.008930747160807455 -0.009323229770715235 -0.00931984375759382 0.9999174217832902 0.00884817080484727 -0.14235272705961396 -0.008848245353314108 -0.008930673301021446 0.9999209726916213 8.871160201359354
0.9999159918071391 0.007447355749275992 0.010608780358225206 0.0009735953160243086 -0.007524324674399696 0.9999455263705044 0.0072338668642165345 -0.14695844091644966 -0.010554329279473851 -0.007313083067948556 0.9999175590764979 9.392143592526757
0.9999152951367537 0.0039048006228656323 0.01241592057297121 0.009001645321070395 -0.003967016416872435 0.9999796796582248 0.0049902957209486745 -0.15555996644299788 -0.01239618216738227 -0.005039127179375634 0.9999104669243858 9.86395594793287
0.9998975596311325 0.002132329318682736 0.014153565465370723 0.020985685971723147 -0.0021879206332514564 0.9999899490870007 0.0039134036694840925 -0.1663801961316979 -0.014145078543735319 -0.003943969656884423 0.9998921751150657 10.331604722879755
0.9998481708123257 0.006299758184503221 0.01624648793010821 0.02363843718320211 -0.006333612775361781 0.9999778754808115 0.0020331989805287783 -0.17518136638074105 -0.016233319822455943 -0.0021357892450880787 0.999865949881204 10.75661445163449
0.9997505667092317 0.010818139986568427 0.019538992087645174 0.017629817701260063 -0.010846008174470335 0.9999403079147922 0.0013208762053512622 -0.18557561218183607 -0.019523536340770184 -0.0015324668027561746 0.999808223147944 11.131257708014441
0.9996866149288113 0.011003119375793756 0.02248562421140815 0.031493928502396344 -0.011063394787696107 0.9999355269458444 0.0025579771906636176 -0.19685908070366487 -0.022456028766151218 -0.0028059428964982086 0.9997438939330989 11.491725145560778
0.9996471902301685 0.006966743160753033 0.025631222262338996 0.05017602162673505 -0.007046888048246483 0.9999705559850008 0.003037849878413651 -0.20106120217559684 -0.025609303656382424 -0.003217398449119691 0.9996668504624202 11.815587239427478
0.9995993045347303 0.002500676001237242 0.0281953363735962 0.06432099375827112 -0.002577961626291068 0.9999930183548997 0.0027050610548596888 -0.2056184103704815 -0.02818837504250239 -0.0027766636443732288 0.9995987723339146 12.098893652333542
0.999535615867509 -0.0011910420699878022 0.03044887569594232 0.08264960769239545 0.0010655181671025275 0.9999908693597739 0.004138341227985464 -0.21436741536597342 -0.03045352661671555 -0.004103975617762481 0.9995277585443707 12.370038568017323
0.999450298359192 -0.0013761624513404618 0.03312411940912167 0.09145590924645687 0.0012041595133872472 0.9999856920690203 0.005212068409842914 -0.2203649115158579 -0.03313081812434684 -0.0051693166037769505 0.9994376554124131 12.612627129694252
0.999371857260612 -0.0008333617005899396 0.03542875137160633 0.08911568374484496 0.0006799768021778973 0.99999034567714 0.00434121919079624 -0.22758124654103584 -0.035432027136809534 -0.004314401556418629 0.9993627756686689 12.803909262404314
0.9993107903057333 0.0005704553300827913 0.03711628967511492 0.10529611430314433 -0.0006800199769882124 0.999995448823435 0.002939371573583281 -0.23175096532294046 -0.03711444397214592 -0.0029625855486504755 0.9993066301869038 12.991005884458467
0.9991984351975417 0.0027768619430640303 0.039934648321141374 0.10107358160385715 -0.0028741980144678762 0.999993036846193 0.0023801774938041254 -0.24392105334619493 -0.039927760825742606 -0.002493049714214586 0.999199458876237 13.152997949354495
0.9990989615045415 0.005908794259858877 0.04202798199939332 0.09390721187825453 -0.005980990855712247 0.9999808459995158 0.0015922884401270707 -0.24650042401851333 -0.04201776849061069 -0.001842222702969053 0.9991151652069856 13.320938917296296
0.9990367586157615 0.007295887449783141 0.04327037047256355 0.1055639715333506 -0.007309779996574822 0.9999732699412534 0.00016284777810974193 -0.2508185914715077 -0.0432680257339583 -0.00047898780491526226 0.9990633856366513 13.48316907274986
0.9989470544276613 0.006466907858344761 0.04541983655904965 0.10575365238517961 -0.0064174721575374575 0.9999786462353859 -0.0012341492422617058 -0.2618197411127561 -0.04542684780398411 0.0009413692137638581 0.9989672243485254 13.64099855016264
0.9988789080338965 0.005324120801087139 0.047038078433393006 0.11910195510785995 -0.005202401019199455 0.9999827960418265 -0.002709731353156185 -0.26314756855995436 -0.04705169612932177 0.002461982547922795 0.9988894215744242 13.791661184850545
0.9988262577512664 0.0046687700789400325 0.04821109221487075 0.12571597231732207 -0.00448723008100745 0.9999824319017546 -0.003873067783131922 -0.2647958153962939 -0.0482283277006458 0.0036521875366178594 0.9988296601189797 13.930462543715564
0.9987684370240708 0.005213176685238059 0.04933996345097138 0.14210419852511902 -0.004967550049422084 0.9999746586178042 -0.005099565541533258 -0.26911184438823216 -0.04936529804428601 0.004848186367539625 0.9987690235674835 14.053076703463503
0.9986895686498161 0.0062196394958094975 0.05079824361714123 0.14295759458520846 -0.00585689076042096 0.9999562994010419 -0.007286708364842416 -0.26989758396993735 -0.05084134440260956 0.006979639870074632 0.998682353066589 14.194917766580568
0.9986389126881315 0.006109852515041157 0.051797603876152926 0.14833971610462168 -0.005635219230601236 0.9999408351555277 -0.009304326557514146 -0.2769799252500911 -0.051851387341993745 0.00899977170322927 0.9986142587305672 14.312319234043509
0.9986122079900845 0.00545554661300767 0.05238220178955208 0.16063925379054045 -0.004845649080858491 0.999919070477676 -0.011763170492920019 -0.277965665093443 -0.05244213704792385 0.011493019890943784 0.9985578264455359 14.454248987969796
0.998664703243007 0.004444265400254193 0.051469010109080844 0.17865029683616918 -0.003763880351018771 0.9999043512173152 -0.013308704722213602 -0.28717377815101797 -0.05152323457683705 0.0130972104561223 0.9985859098630464 14.585672162850004
0.9987630718820928 0.004335196389596619 0.04953314362029899 0.18165838214760263 -0.0036230348420982278 0.9998889104888943 -0.01445822602758824 -0.29214721926361326 -0.04959032025686545 0.014260881936104659 0.9986678263482939 14.713742475526969
0.9988995272883002 0.004136694808346886 0.046718541707474075 0.18543901495007817 -0.0034121346357049095 0.999872830995908 -0.015578163353111955 -0.29035288061194403 -0.0467770426645189 0.015401610055153758 0.9987866131898598 14.844330360564005
0.9990982222779206 0.004767112015564808 0.04219024631511183 0.19363467255699426 -0.004061664111449439 0.9998507782976184 -0.016790593268034552 -0.2942982336349862 -0.042263993253649296 0.016604089275773642 0.9989684975481347 14.95990696614851
0.9993179505356646 0.004677519774014601 0.036629967867344106 0.18791598422634045 -0.00403885826743969 0.9998388786707357 -0.017490120706883043 -0.3130627932422732 -0.036705876383686754 0.01733024833086668 0.999175830938527 15.21034577279241
0.9995226177787181 0.004875821659867004 0.03050840723341415 0.17092746473462164 -0.004316729693952827 0.9998220316442556 -0.018364936250975183 -0.31297541946811896 -0.030592521856297024 0.018224472609494308 0.9993657819860443 15.312409598622603
0.9997131823636884 0.004815157501577679 0.02345990764051694 0.1676384038229831 -0.004366155267633864 0.9998070328615632 -0.01915290392436278 -0.3145559766161852 -0.02354760489827995 0.019044980934407846 0.9995412942969203 15.448701769705167
0.9998696853160876 0.004943386741174244 0.015367996402761522 0.1595393277316135 -0.004633612736043866 0.9997866787543259 -0.020127757411264612 -0.3149336200298317 -0.015464217371741786 0.020053925125060382 0.9996792976090673 15.58196483141256
0.9999793996352402 0.0038637768651692598 0.0051255764047294546 0.15616960786098635 -0.0037529560833120196 0.9997627205235331 -0.021457352400063773 -0.31714347767257217 -0.0052072666324347 0.02143767430762894 0.9997566256317079 15.719687407181741
0.9999679994662265 0.002300664184194096 -0.00766204853967516 0.14085495869815207 -0.002476496632545312 0.9997319689336954 -0.023018628464478733 -0.3216193716765805 0.007607036738557497 0.023036866893488044 0.9997056745641639 15.867642403473882
0.9997119756289014 0.0015961143391261415 -0.023946152158026243 0.12387565051174938 -0.0021881654319279107 0.9996920570520211 -0.024718474854670287 -0.32956908074531327 0.023899324597181085 0.024763753473875633 0.9994076139382188 16.02369543333159
0.9990576838657114 0.0019472456276329428 -0.043358419520850046 0.10103020514607894 -0.003064998194018316 0.9996642858987999 -0.025727830932925366 -0.3328351209795122 0.04329376508171853 0.02583648066026391 0.9987282544176573 16.19316033984826
0.9978769501215544 0.0024486253249079294 -0.06508146164710049 0.06480768628716355 -0.004089485354785239 0.9996768027214525 -0.02509115800729519 -0.34191837022479216 0.06499898865088433 0.02530403791161158 0.9975644526243554 16.380661561171024
0.9960803382733807 0.0034236061825321596 -0.08838686908073211 0.01739191627479809 -0.00554011824514811 0.9997034848380298 -0.02371180070194511 -0.3433435299522511 0.08827948116644846 0.024108532170290155 0.9958039525336183 16.591561427703265
0.9933701412979168 0.004574530402696862 -0.11486877752179522 -0.044104810139087555 -0.007154234409815843 0.9997311470964199 -0.022055621852168604 -0.34966758465235404 0.11473700060471466 0.022731194356462054 0.9931357981139147 16.81247568833271
0.9894072603784302 0.005506288082305795 -0.1450618967958299 -0.10636751252508798 -0.008508011022137515 0.9997621661881169 -0.020080458343658233 -0.35611324075713996 0.14491682738349104 0.021101939493773175 0.9892187934378848 17.0513271897553
0.9840246099078249 0.005609123611327165 -0.17794410590987791 -0.1875969402076247 -0.00866283889213624 0.9998281667855357 -0.016388780448951687 -0.3637541353663978 0.17782160250678736 0.017668464409447172 0.9839041127301634 17.304139884686872
0.9766389112602162 0.006170811007809634 -0.2147984127128629 -0.2707729453475723 -0.009031032304727283 0.9998831126221428 -0.01233699917184875 -0.3733797881407416 0.21469717619934 0.01398864484362656 0.9765804832923236 17.55815287744197
0.9670725012026833 0.00807303467125917 -0.25437296147346855 -0.37226168541196153 -0.010175906148896734 0.9999240569776014 -0.006952065268916065 -0.3796728024032848 0.25429751935800493 0.009311626530905904 0.967081209237215 17.803178605408778
0.9551893949480945 0.011224781624677715 -0.2957823930800673 -0.5012005728181262 -0.012397134638095199 0.9999209716608094 -0.002088417024392873 -0.3834950102446125 0.29573557586374033 0.00566168794452072 0.9552530630456836 18.07684666583449
0.9409527817028577 0.015070628506635837 -0.3382022157852744 -0.6409034799814225 -0.01517255647818018 0.9998821464824826 0.002342365364249249 -0.3860452561997243 0.33819765838274335 0.0029273370147929975 0.9410705470698948 18.357863938634114
0.9242011301683486 0.017657302504013525 -0.3814976941789151 -0.7952992438839561 -0.01570401465541784 0.9998427887193171 0.008232968461096347 -0.3941073584036864 0.38158309045245925 -0.0016178733759918183 0.9243331258623644 18.638365326901017
0.9050624236964819 0.02127632054321313 -0.4247461917390104 -0.9728525760863775 -0.016028158879765893 0.9997447016133112 0.01592575646669252 -0.4006917020019075 0.4249765962209857 -0.0076059043021762885 0.9051723829659031 18.919142677395424
0.883310670493523 0.025322813634354926 -0.4681036364972212 -1.1675461182296658 -0.016824135608766614 0.9996091204626508 0.02232833959128109 -0.3987887627124259 0.46848608074659026 -0.011847421555995533 0.8833914368778848 19.204074873642526
0.8586981769017294 0.030376590144256525 -0.5115805936085281 -1.3822035379308037 -0.01939034694441764 0.9994527819190052 0.026798342481141827 -0.3961620343142854 0.5121146897239146 -0.01309196263244417 0.8588172943550971 19.475378575658247
0.8307307794185975 0.03316041313152264 -0.5556858457145694 -1.5866853215798797 -0.019839249583793284 0.9993536769727139 0.029977199620184577 -0.39239859875250876 0.5563207494804786 -0.013878592221950231 0.830851736698802 19.730229552412013
0.800164830865954 0.03664350047777886 -0.5986597508752316 -1.8422057549343938 -0.02228910754251994 0.9992592096016686 0.0313724036568218 -0.38093790510908515 0.5993658641683035 -0.011759502497283024 0.8003888273650496 19.99836492328817
0.7661225817460484 0.03944195058551672 -0.6414830646811955 -2.110089488221353 -0.022629452641053233 0.9991516706882225 0.034407075349412126 -0.37484177502151983 0.6422959579601413 -0.011843626764781639 0.7663652072563842 20.26924102352907
0.7293270894260284 0.04337557801177187 -0.6827888076568792 -2.4178498564675275 -0.023801097202216508 0.998992736037586 0.03803973075757476 -0.3625797860957653 0.6837510544060087 -0.011492283336344876 0.7296248508804977 20.53439133156146
0.6900873423869764 0.04443167693084774 -0.7223609111534156 -2.7517394471877163 -0.021252798385546976 0.9989273454601576 0.04113972596780676 -0.3481538198169934 0.7234139744558874 -0.013037813353308697 0.6902914145380203 20.807498865112226
0.6495585319898693 0.044005812274080985 -0.7590370228159259 -3.1155899233284337 -0.018268801989660903 0.9989387425350305 0.04228048647301368 -0.3311201296588599 0.7600920762598624 -0.013596953652582426 0.6496731166196898 21.066811092822736
0.6069528594120537 0.043157031142171134 -0.7935651813899884 -3.4970587099945285 -0.013301410264861471 0.9989362539910649 0.04415238325690442 -0.31876436228179084 0.7946265153746743 -0.016242879218057567 0.6068812651072777 21.31833081508692
0.5624434900347177 0.04318516458515685 -0.825707189067238 -3.855215231506784 -0.008802590615792319 0.9988912588203441 0.046246810168475413 -0.30441138283515623 0.8267888696130453 -0.018742854960254865 0.5622000271006056 21.533931544097353
0.5157936822496443 0.04474074267880041 -0.8555437705318778 -4.290252421558322 -0.007168019220701357 0.9988258306118524 0.047912207244030024 -0.2857948190401206 0.8566828449617774 -0.01858025960778251 0.5155087556008169 21.75550900302895
0.46654409402385744 0.04440937863745345 -0.8833823721472449 -4.718201770286784 -0.005833709737867679 0.9988715276028457 0.04713426752429513 -0.2681332247403555 0.8844787030574295 -0.016836817792944363 0.4662766833163061 21.936866181049353
0.41416047831131364 0.0433632072594404 -0.9091703528278509 -5.195493017373376 -0.0007419909027064115 0.9988802659911287 0.04730394976101258 -0.24816709906031062 0.910203574841609 -0.018916830328226684 0.4137289038439167 22.122558729522268
0.36076705794019837 0.04231003670074267 -0.931695760803684 -5.6889978098062475 0.004720543389730104 0.9988748417812707 0.04718863132733515 -0.22502623276573233 0.9326440083843778 -0.02142221395708877 0.36016141155584325 22.278480326927255
0.30686937719683294 0.0413638140583672 -0.95085236510479 -6.235075341113674 0.007189939821177026 0.9989258766315616 0.04577551486585392 -0.20177200124304825 0.9517244822448332 -0.02088367502167624 0.3062423582938736 22.419898453349806
0.2538388385338528 0.04707120013476705 -0.9661004845095862 -6.81363285953817 0.007949622395240174 0.9986798865617333 0.05074729234960631 -0.17074780003638157 0.9672138582317551 -0.020561767796471727 0.2531295442051881 22.532658711568722
0.2022743483470274 0.0524159614488256 -0.9779251786236924 -7.489550280599092 0.01141821504742553 0.9983725543582088 0.055873670627551476 -0.13845204044160891 0.9792623307193616 -0.022467970305761763 0.2013466611206236 22.703534306443792
0.15406578584831654 0.053508787032127955 -0.9866106341111934 -8.093084590444377 0.016733838327380627 0.9982480008682537 0.05675303883817948 -0.11287023467803656 0.9879188794054773 -0.02525348437117534 0.15290045533398866 22.774034005083433
0.10991432271290702 0.055067079538126604 -0.99241445899065 -8.720325391279319 0.019849607885204 0.9981433491739491 0.05758339662277261 -0.09182794426275884 0.9937428413474818 -0.026028277909872017 0.10861719025863215 22.814550207319066
0.06948395748290448 0.053384906666669424 -0.9961536183705328 -9.370129654063245 0.019546064349869437 0.998302535843444 0.054863451376851204 -0.06193980513158632 0.9973915635400897 -0.023283012449860255 0.06832254613460309 22.833570900730074
0.034321964984863174 0.049021268893773395 -0.9982078530624884 -10.042714947660675 0.017391628423817366 0.9986157781217673 0.04963928834124494 -0.025610516176304117 0.9992594928147271 -0.019064177986521016 0.03342189607656265 22.82668707846064
0.0057630532070539475 0.049368991714482155 -0.9987639810660116 -10.72964463497995 0.015008906375820266 0.998663790567587 0.04945064345972223 -0.0012279055712787455 0.9998707516209957 -0.015275341772742734 0.00501437798648785 22.80947886060204
-0.014773554099147157 0.05364177321147687 -0.9984509513571551 -11.445357441983212 0.013595974943764143 0.9984783894025653 0.05344207482300615 0.0252658221381103 0.9997984254661578 -0.012785384733661018 -0.01548038670719043 22.767759526588605
-0.027457928606671844 0.05983478434681653 -0.9978305771716967 -12.198033454458749 0.015099799993789778 0.9981178779639619 0.05943650165399397 0.05725335744997578 0.999508908512965 -0.013435038923934746 -0.028309742710485697 22.736468911466073
-0.035069910002657245 0.06255414785818196 -0.9974252252666075 -12.941831017832907 0.014730338546143232 0.9979630943849485 0.06206995546908757 0.08808898831507173 0.9992762973966319 -0.012515623490470468 -0.035919919681470125 22.69434993435932
-0.038714872118727595 0.06006027456934862 -0.9974436936967847 -13.673067726991565 0.015930882924670858 0.9981022731671484 0.05948158763694447 0.11710078380167843 0.9991232985202934 -0.01358733664945155 -0.03959821506966543 22.64233758897182
-0.03777122328432436 0.0561185856475719 -0.9977093960851134 -14.513854718266375 0.022848710223225654 0.9982093317623145 0.055281700622977256 0.15908427273599748 0.9990251604102575 -0.020708315420370573 -0.03898582485608926 22.614267188266513
-0.033841916238950054 0.05431149429493565 -0.9979503927013244 -15.37717533500664 0.034606134319808426 0.9979872546344737 0.05313995723168729 0.20949433690893404 0.9988278831574116 -0.032736847352751446 -0.03565331194555976 22.620426595557742
-0.02855281925895503 0.054411417945653275 -0.9981102815368197 -16.346322353995532 0.0351649060223519 0.9979540050205279 0.05339694043601546 0.2535186872387848 0.998973556154919 -0.03357382106093473 -0.03040777273270323 22.618244993805373
-0.023866309051894907 0.053286675508085225 -0.9982940095510618 -17.253038835038602 0.03346278234521927 0.9980614678983504 0.05247426506685444 0.2874018937185181 0.9991549637018053 -0.03215332813078684 -0.025603163870077328 22.6159391368236
-0.02055442359639348 0.046930630986039557 -0.9986866533332027 -18.127806625521274 0.03675381708048832 0.9982579634687264 0.04615403884043978 0.3243974621499514 0.999112942865137 -0.03575687691232279 -0.022243496866342083 22.588399409063616
-0.018805545903776588 0.0363050425702807 -0.9991637980467623 -18.989730598094074 0.03481968350415542 0.9987580988248432 0.03563495015367822 0.355212646771959 0.999216663734113 -0.03412043252590434 -0.0200463213661215 22.558275909173094
-0.017406546160014136 0.02833110541004729 -0.9994470274191748 -19.926434820944774 0.02714506924064569 0.999243403560979 0.027852570003343822 0.37294266431576895 0.9994799434539448 -0.026645241716212787 -0.018162426247193553 22.502989922080253
-0.01843516791226052 0.025647407413693733 -0.9995010530644793 -20.85560211211715 0.021508310006026408 0.9994497792207381 0.025249384473737434 0.3909143018431767 0.9995986880667319 -0.0210321018582061 -0.018976656889310606 22.45441993256109
-0.022169138879373662 0.031778058211283315 -0.9992490601935373 -21.796334246079905 0.01223763228136975 0.999428445532745 0.031512261361999964 0.41577879250805283 0.9996793334052141 -0.011529842857615527 -0.02254535620001752 22.412943963574545
-0.026951342960773506 0.0396421970619626 -0.9988503998721289 -22.80243515937861 0.007274489322922825 0.9991946874831911 0.03945957818399429 0.44692839386174876 0.9996102775170441 -0.006202637944342719 -0.027218015446206723 22.36435122993567
-0.03141869349107873 0.049208865607874075 -0.9982942217827868 -23.816962030972928 0.0050590668165497185 0.9987823472776262 0.04907370588758263 0.4905899241611178 0.9994935075038054 -0.0035086054468213253 -0.03162938737249266 22.316104801627713
-0.03276226348044342 0.0592395331987184 -0.9977060247377664 -24.84736505121572 0.003868466860613219 0.9982419466452654 0.05914432282154691 0.531779980328904 0.99945568638924 -0.0019218908056802986 -0.03293383184424026 22.26612694857137
-0.033404600054069755 0.06696841502800419 -0.997195750133275 -25.917851385187713 0.005756526283478493 0.9977489271347595 0.06681272937535251 0.5794372012305841 0.9994253324287792 -0.0035085310421108127 -0.03371490930658538 22.213808461110652
-0.0349149632300223 0.0677589369868654 -0.9970906036068421 -26.94877254838002 0.006492609273387662 0.9976932384000105 0.06757253936121481 0.6326032351724633 0.9993691967273505 -0.0041144269722294445 -0.03527435503621401 22.170106593411145
-0.036881040365085216 0.06538498250800272 -0.9971783155103292 -28.34710629203714 0.006347813671110442 0.997852391283242 0.06519440521941014 0.6958526366356488 0.9992995017126679 -0.003925464653256572 -0.037216886007163774 22.13576467150942
-0.039274318050662727 0.06049144464860177 -0.9973957655143625 -29.410343653583496 0.005965222327911989 0.9981622910248035 0.06030304220098778 0.7510149519696663 0.999210660503697 -0.003581326631387029 -0.039562988200151805 22.077175571865176
-0.04370724210991228 0.055379813192242784 -0.9975082722854672 -30.446428639068394 0.00588015490192178 0.9984593864895867 0.05517496995166965 0.7950609686889138 0.9990270770932462 -0.0034539573869021584 -0.04396554802222474 22.018288264748037
-0.04876713025517887 0.050831252074265074 -0.9975158900083932 -31.556251229878114 0.005643095736231432 0.9987022548569569 0.050615823752476585 0.8392766120979107 0.9987942343031352 -0.0031606891958192718 -0.04899068857059752 21.9338465772522
-0.05589558083374668 0.049144467367722336 -0.9972264062741225 -32.56079881534131 0.005177144280092496 0.998788730108441 0.048931276147990484 0.8784953993802322 0.998423197457051 -0.0024277428839708957 -0.056082304197742516 21.876962879338045
-0.06264421741466797 0.0512993263265772 -0.9967166503791052 -33.64529959085357 0.005276996986120572 0.9986811970935868 0.051068775925500146 0.9273516262429642 0.9980219713650158 -0.002060507257888736 -0.06283230842908694 21.800519543804167
-0.06880913416711998 0.05645471885585068 -0.9960312082329942 -34.73286368158775 0.00361009902885966 0.9984051210801801 0.056339873853895224 0.969975074330064 0.9976233107942963 0.0002809266414154437 -0.06890319905526177 21.71035484560367
-0.07457217710605057 0.0592766408096559 -0.9954522943144926 -35.8358138481115 0.000812691993614232 0.9982350330361001 0.05938146471029219 1.0206669654660276 0.9972152876552723 0.0036192089935782952 -0.07448873332842676 21.6030793910662
-0.07941699066306551 0.06154191016340441 -0.9949399654690035 -36.938860150670436 -0.002480856852986774 0.9980771647469873 0.06193398549980578 1.070014241068719 0.9968383956004592 0.007386914379808719 -0.07911160820415564 21.5088615070282
-0.08211469844875396 0.06314187106491166 -0.9946206716216451 -38.033171735950326 -0.0068721523536070155 0.9979314021017631 0.06391940410578013 1.1160061686894438 0.9965991921633788 0.012083907382601056 -0.08151091559827872 21.395150551821747
-0.08388429936559216 0.06459436696420935 -0.9943797021643376 -39.13212773208012 -0.010792886862431855 0.9977793588190864 0.06572567768952668 1.1702324735403957 0.9964170501918955 0.016245580047073053 -0.08300086274139362 21.28840427284929
-0.0852699239509287 0.06404727669486357 -0.994297232429707 -40.223036430132815 -0.012599575415694658 0.9977827043588734 0.06535231886962545 1.2289326892652204 0.9962782195595503 0.01810031022564437 -0.08427388682734649 21.16447211337514
-0.08672019269806586 0.0635895260568881 -0.9942011770030605 -41.35803872602934 -0.01256218533799765 0.9978116446411683 0.06491620227663163 1.2744442512342349 0.9961535020657932 0.018118885019423953 -0.08573159468777414 21.064850921859705
-0.0872314129542131 0.06261386140174899 -0.9942183789059496 -42.479915219865084 -0.01448887961392156 0.9978374582917426 0.06411301893849661 1.338730588171336 0.9960827038763121 0.01999777963268183 -0.08613556668541666 20.947929864555714
-0.08714538960535267 0.06173609546199392 -0.9942808132452517 -43.600923819281384 -0.016987875180244288 0.997840673314598 0.06344606194185862 1.3936502625188663 0.9960507482891583 0.02241975013637071 -0.08590844915624407 20.815124351532067
-0.08806554115827092 0.05924681890590347 -0.9943511828876316 -44.6896010540093 -0.021709610180388073 0.9978783613445777 0.06137970988914691 1.4466094572455659 0.9958780815372515 0.026992413930423637 -0.08659247255906366 20.71453328051746
-0.08807916184583453 0.05454551811472223 -0.9946189459798824 -45.828156691512994 -0.02644124939981831 0.9980197747716137 0.05707354461564512 1.4924926306039572 0.9957624825121262 0.03132595758175534 -0.08646249361933878 20.589464597547632
-0.08689359456631829 0.05377119220805923 -0.9947653804349388 -46.949364038009904 -0.028435986481923498 0.9980015264311923 0.056430026703963215 1.5506522809293208 0.9958116779271793 0.033190542772514084 -0.0851909031195337 20.46864580876557
-0.08622567009470683 0.05775393006547793 -0.9946002299309562 -48.080276360847186 -0.029286364913152733 0.9977399760538577 0.060475193378948106 1.6040265591958778 0.9958450896835777 0.03434273934967036 -0.08433939534445445 20.385216912476192
-0.08326951601893606 0.06080896820257966 -0.9946700242231642 -49.19502469175226 -0.029508820552377156 0.9975483228238444 0.06345528457853371 1.6541065602453213 0.9960900648091919 0.03463543008932833 -0.08127096511637766 20.27007370821763
-0.08360837209694316 0.06027836398656279 -0.9946738957821316 -50.681754200563915 -0.026583451479038428 0.9976786370000557 0.06269495498979792 1.7066516638288554 0.9961440459204487 0.03168368837137854 -0.08181187975119908 20.15967459897715
-0.08185068233268922 0.05958469582948537 -0.9948618646950846 -51.80801824472111 -0.025877543385350473 0.9977476662614417 0.061886567348545175 1.7568544940130482 0.9963085960434209 0.03081003883078407 -0.0801244217279169 20.074650863653233
-0.07799237877622134 0.06009477056614811 -0.9951410992434334 -52.939750556915655 -0.030416002469960214 0.9975735154377661 0.06262545880777542 1.81165450761329 0.9964898673075278 0.035152522636917836 -0.07597528878317727 19.974708267722157
-0.07228730236978875 0.06104141937354207 -0.9955141842469963 -54.10013253687733 -0.035611168503626583 0.9973310524232636 0.06373865820765086 1.865671599316 0.9967479072433038 0.04005891902147119 -0.06992061507828828 19.875863307394233
-0.06647823478089365 0.060678388562399266 -0.9959411516058001 -55.24621288989671 -0.039820291913452745 0.9971926521422194 0.06341260809566238 1.9224632604724683 0.9969929732211478 0.043874225634615474 -0.06387537610549976 19.78411365737006
-0.06075539487885839 0.05918582441835425 -0.9963964171859682 -56.39712606138999 -0.040793257817689804 0.9972592453109815 0.061724450247783516 1.9958599880027839 0.9973187515081292 0.04439634928337413 -0.058174496650810426 19.702045068185033
-0.05538119894346627 0.05817811218853064 -0.9967688950131637 -57.527861253244204 -0.04006953644377385 0.9973672941810496 0.06043933112760893 2.0557409110335705 0.9976609419300555 0.043287270185938274 -0.05290422655217908 19.643411288688988
-0.0502422981876498 0.05824340264289461 -0.9970373200243816 -58.646842710961046 -0.038681112561064684 0.9974356220739393 0.06021587289919439 2.100944092331613 0.9979877168602135 0.04159189664527631 -0.047860538333653446 19.58241905351618
-0.04502253933747369 0.05856047107101364 -0.9972680894220705 -59.817281784386765 -0.03806393940150671 0.9974548952502545 0.06028987028135066 2.1629160772628517 0.998260540875399 0.04067435517921136 -0.042678910036589635 19.532308069845783
-0.03956668555144116 0.060160931344411556 -0.9974042007803288 -61.005487636207825 -0.03689364636850495 0.9974172567490077 0.06162527725633108 2.2192038764238435 0.9985355958863505 0.03923618583727239 -0.037244938835148345 19.4737626925058
-0.033266278861188825 0.06086716431767299 -0.9975913707519004 -62.180795057439745 -0.037860520378763564 0.9973506445803303 0.062114996191329756 2.289320070553389 0.9987291603269524 0.039835663206793444 -0.0308736821499489 19.410739362027613
-0.027802610825652385 0.059918018516391995 -0.9978160380993817 -63.34777736711455 -0.0370012113202875 0.9974561462062076 0.060927389212833194 2.3420386234663564 0.9989283884203656 0.038614342575394714 -0.025514845783608298 19.374738937811212
-0.02304445828092705 0.05571781084572752 -0.9981805841114614 -64.4951850985676 -0.036941868965868804 0.9977163869585142 0.056544756713218194 2.388201935196249 0.9990516759706912 0.038177699629602935 -0.020933513588135 19.347096546002252
-0.018249143765306286 0.050985286263723124 -0.9985326581221267 -65.62677217349703 -0.037404493613523174 0.9979650414187062 0.05163990669700869 2.425644965371692 0.999133560946358 0.03829199251496409 -0.016304928699164778 19.310365650994015
-0.015065755519350299 0.05059383725132503 -0.9986056712450704 -66.80897590016747 -0.03679161219922093 0.9980146437532602 0.05111896053163917 2.4656138160231715 0.9992093876072289 0.03751045835816434 -0.013174415787696958 19.30029682610424
-0.011878047932052382 0.05148524828496141 -0.9986031149492576 -68.11264207167963 -0.035328272990208166 0.9980284617642897 0.05187583865283578 2.5070472228517984 0.9993051711588675 0.035895107151833375 -0.010035745000009033 19.30458072146184
-0.009987346671213926 0.05161697906905216 -0.9986170138638005 -69.27271444115586 -0.03563188105566834 0.9980142177119757 0.051942182252845574 2.5390855143586273 0.9993150764192961 0.03610136723918019 -0.008128303916448587 19.28940577844678
-0.0092068957547089 0.05119596754366722 -0.9986461865835319 -70.44495018077457 -0.03767655592889688 0.9979616123319182 0.051508226966330006 2.5866416496684206 0.9992475720280232 0.03809977977818288 -0.007259240797448108 19.271643757398508
-0.007618124219921363 0.052384970456704 -0.9985979065938503 -71.6322713760118 -0.03927622562073452 0.9978406161284796 0.052644875394716635 2.6313427526567965 0.9991993506224667 0.039622211884072465 -0.005544189846556469 19.236473095084115
-0.007485893432541024 0.051987125787326526 -0.9986196974583916 -72.8375577211882 -0.04025173542792442 0.9978226346957533 0.0522473682003773 2.6799651400652404 0.9991615280796982 0.040587294085687856 -0.005377021875060173 19.238627923713167
-0.006390129380848153 0.04977392758260903 -0.9987400674747646 -74.0320915715481 -0.040485269747960545 0.9979287000886247 0.049992524169746456 2.726302713564545 0.999159701539214 0.040753719737332016 -0.004361782621830512 19.224215249784258
-0.006316816125564673 0.04864554756281761 -0.9987961296162244 -75.23654447364606 -0.03847963097596147 0.9980644646538791 0.04885327414943207 2.7698492731871864 0.9992394186750191 0.038741903637784646 -0.004432726985837965 19.23595836192935
-0.006097601780282513 0.0487282049083149 -0.9987934627834437 -76.42388182411466 -0.03486198138721064 0.9981945084061381 0.04891181494880484 2.805610262762827 0.9993735345236469 0.03511816387913276 -0.004387830838979534 19.225941682912936
-0.005521578927197401 0.04887801448639018 -0.9987894932697375 -77.62771064724276 -0.032819182450437336 0.998257794463818 0.049033427939709454 2.8577598798608395 0.999446053286237 0.033050196551639516 -0.003907822726578081 19.20408140288935
-0.005862448974211176 0.051869107552151246 -0.9986366843721335 -78.82935505702625 -0.032837760224574075 0.9981052626905207 0.05203427805706668 2.898876370031535 0.9994435017525795 0.03309804029289525 -0.004148075856554634 19.202093856593866
-0.006689791527090927 0.055943148596777965 -0.9984115438106689 -80.05789770186738 -0.03537175719384003 0.9977958229338101 0.05614565458573493 2.9077702572244766 0.9993518326807354 0.03569117343152856 -0.004696238573205225 19.19802755998353
-0.006129404300292407 0.056086584751039524 -0.998407094032233 -81.25649302583713 -0.03805753838523698 0.9976894283060483 0.05627991132195049 2.9494312490307713 0.9992567508778613 0.03834187863570144 -0.003980724520155743 19.179079437966294
-0.006217018873385438 0.054068746696401666 -0.9985178612859203 -82.44462795824631 -0.039134026960595175 0.997759065160903 0.05427131676206611 2.9957059908917314 0.9992146299019923 0.03941343070479227 -0.0040871591482540826 19.173942742676136
-0.0056190982862613925 0.05159742663934685 -0.9986521573093641 -83.6442007208699 -0.039241457538634464 0.99788730495497 0.0517787081718954 3.0396359063247558 0.9992139579412875 0.03947951587727463 -0.0035824686185836896 19.15367694907524
-0.0056651529061571 0.05094870364972422 -0.9986852034745298 -84.82818046871931 -0.03685928015134872 0.9980119172441148 0.05112344379490338 3.0826989556821958 0.9993044078304042 0.037100439824061825 -0.003775957572181632 19.146648268391885
-0.006162228369130052 0.05207080251515326 -0.9986243830725118 -85.95752874965308 -0.034602563132957 0.9980341823188497 0.052253550575773196 3.1243433682093973 0.9993821539161867 0.034876961573122624 -0.004348331320232601 19.1509386235092
-0.005758984907807685 0.055030043959721754 -0.9984680908044196 -87.13344199680748 -0.03404233983691861 0.9978951104919775 0.05519481456288944 3.165595857474425 0.9994037988677347 0.03430805616754029 -0.003873511423180931 19.13970993507042
-0.005395248091917049 0.057378556004663794 -0.9983379150412183 -88.30796551643328 -0.03430927959576487 0.9977540402554168 0.057530413588046295 3.207608734331888 0.9993967003305778 0.03456264551234019 -0.003414513661125218 19.12846311990044
-0.0051948762014437655 0.057823701396317206 -0.9983132939203411 -89.50638490974902 -0.03600364302862701 0.9976686755110467 0.057973714670539946 3.2477196276020335 0.9993381564565215 0.03624408173569204 -0.003100901355671315 19.10765219132793
-0.0052170098248882635 0.05588716649201006 -0.9984234609773458 -90.67688286696868 -0.0356337491783475 0.9977925502334892 0.05603804616548055 3.289893448808593 0.9993512989574695 0.035869922219657215 -0.003214024264703408 19.101475922388737
-0.003890932315067097 0.054057927650491014 -0.9985302204259289 -91.84590326305273 -0.03404487167772828 0.9979517623104338 0.054159272649717725 3.3455480322071462 0.9994127312367833 0.034205563284847786 -0.0020425675508268792 19.100307097527622
-0.0037731039411230682 0.055351098139501134 -0.9984598237392436 -93.00705323420628 -0.03308192598073311 0.9979134965406089 0.055445825771661364 3.3853160568083434 0.9994455212066615 0.03324017684741533 -0.0019341104150940591 19.088963571021832
-0.0034794037001260048 0.058140629728002664 -0.9983023394366675 -94.19134351848533 -0.03081216426354514 0.9978281391252334 0.05822040280924019 3.433806888134495 0.9995191365268041 0.03096242795236129 -0.0016804082857970748 19.079743655055776
-0.0035106361098744543 0.060798970775712766 -0.9981438576611682 -95.36042066416506 -0.029675558348438526 0.9977040674251957 0.06087655607809176 3.480402186352757 0.999553418617941 0.02983419172417204 -0.0016983325212918121 19.07187210001076
-0.0033685486700494316 0.06295047197413563 -0.9980109673536115 -96.55683571846752 -0.030967115083361512 0.997531412641762 0.06302474574597357 3.531903260482066 0.9995147275869785 0.031117822403959026 -0.0014108386032121167 19.07402988465521
-0.0034834511509740373 0.06475918777928269 -0.9978948407353586 -97.73831090208013 -0.03361429427544827 0.9973293715767032 0.0648398319768165 3.5889177788529287 0.9994288092647934 0.03376939721975852 -0.0012973137522673817 19.0663330838978
-0.002816738911498806 0.0641779828409399 -0.9979344930907903 -98.91423666892165 -0.036213226749595644 0.9972773385134419 0.0642379350222923 3.6419013671302642 0.9993401163719421 0.03631936957071119 -0.0004849780399960313 19.048377498148078
-0.002797588230970538 0.060228187956937795 -0.9981807145379606 -100.07462445677085 -0.03847275561138861 0.9974391259343917 0.06029126911007158 3.692435684038086 0.9992557333214337 0.038571432831312834 -0.0004732796036395204 19.03248990403482
-0.0023699556060838844 0.05839346932199475 -0.9982908323985382 -101.26232822669759 -0.0395038712416167 0.9975089139899053 0.05844151493249989 3.7431346765526827 0.9992166068812862 0.03957485630070053 -5.728374938174241e-05 19.018400103746316
-0.0028997663296062015 0.056758926673006985 -0.9983837015888041 -102.40183015527073 -0.0395491327896214 0.9976002714771792 0.05682925693907362 3.793195133876202 0.9992134193708684 0.03965000115493782 -0.000648041349648576 19.01961364954367
-0.00352565901151336 0.0572524288637634 -0.9983535090927134 -103.56527172230052 -0.0381213648102094 0.9976263189285627 0.057345351390088915 3.8409838276972827 0.9992668969167054 0.038260778484572884 -0.0013347494944673244 19.022383501084605
-0.003736131697963163 0.05960132474393336 -0.9982152690721096 -104.718084836426 -0.03815609454623176 0.9974868148855531 0.05970064135713522 3.8853558185248076 0.9992648066298117 0.0383110456427707 -0.0014525883253839744 19.012836104710665
