1.0 0.0 0.0 0.0 0.0 1.0 0.0 0.0 0.0 0.0 1.0 0.0
0.9999340688269555 -0.0027846885503124267 0.011140175440593345 0.01565500332331754 0.0027702300717278197 0.9999953008008069 0.0013130885931426203 -0.0065863887863934 -0.011143779633460773 -0.0012821411706615076 0.9999370841655486 0.2939207258596527
0.9998354364201563 -0.004846366835915003 0.01748178500632312 0.033583781940146364 0.004820244270459125 0.9999872027380479 0.00153610068268876 -0.01418337388775494 -0.01748900579474621 -0.0014515814224472891 0.9998460019361408 0.5907554419321233
0.9997921801582624 -0.007577270718764674 0.01892568262555097 0.05088194779415113 0.007571893963497592 0.9999712695222552 0.00035574127484253775 -0.01925825932551008 -0.018927834429592814 -0.0002123640827196198 0.9998208299416963 0.8922370099814435
0.9998231474346154 -0.009224380946714947 0.016388552409811043 0.060665854498774104 0.009249889371632892 0.9999561216002391 -0.0014813577624611081 -0.01862055007339537 -0.016374168698037588 0.0016326880772925244 0.999864601298141 1.199501920418975
0.9998875095987189 -0.01181236739977332 0.009243166388459024 0.0679629160629171 0.011839627010879646 0.9999257037939524 -0.0029000214502863998 -0.019563552489742817 -0.009208223537426488 0.0030091308681485874 0.9999530757744101 1.5132649821907707
0.999902047667827 -0.013520276196693019 -0.0036190055611598497 0.06750016184269933 0.013503339973950645 0.9998979481271271 -0.004664026233743983 -0.02733215584636627 0.003681695157733236 0.004614700719037112 0.9999825746771986 1.8402171574993786
0.9997143859345314 -0.012926273720804361 -0.02010119407491941 0.044939262072924424 0.012822132934262329 0.9999037409222324 -0.005301112783293996 -0.028893792478907086 0.020167782787377447 0.005041858528354429 0.9997838967497032 2.167991948995629
0.999179060916909 -0.008664402104578877 -0.03957439022112557 0.014562686312621625 0.008457165763029692 0.9999496512823083 -0.005401041348366849 -0.03169974250443682 0.03961919449535021 0.005061920244363704 0.9992020298172835 2.519265236638297
0.9982074522210177 -0.005127219528068979 -0.059628801349143716 -0.017767224061086967 0.0047392883707386094 0.9999666885116915 -0.006645375286679636 -0.03776205499354969 0.059660887322965934 0.006350865049173915 0.9981984998170271 2.8865591485210866
0.996838707086372 -0.004793502530693473 -0.07930708913999147 -0.0704093133021585 0.004264747471180907 0.9999675453042183 -0.00683522254673083 -0.047744237546423006 0.07933727990911571 0.006475389698274282 0.9968267980671859 3.2469723029092576
0.9949335848058071 -0.006253597542321691 -0.10033969475359492 -0.12529335043108483 0.005628212173062762 0.999962941212596 -0.006514555179702944 -0.04818629600238342 0.10037671569243996 0.005916816646903505 0.9949319103474197 3.625369277543893
0.9926969686658614 -0.007681987773341367 -0.12038984785047269 -0.18164476802363494 0.007028127262521113 0.9999581621435378 -0.005854860348460738 -0.050220275875527826 0.12042978796291032 0.004965986948070248 0.9927094263402761 4.020566850637615
0.9904659923748111 -0.006843694934999487 -0.13758736056999255 -0.260796993874759 0.0062333095861516995 0.9999687299336169 -0.0048667244171514 -0.06509313502857264 0.13761636458133772 0.003962700415874341 0.9904776793067224 4.412423122443227
0.9882908048082476 -0.005131266982226092 -0.15249575479541538 -0.34962276283812155 0.004539599439440406 0.9999807586227774 -0.004227815173843849 -0.06824783274236702 0.15251451461548102 0.003486041217752349 0.9882950826287826 4.822383477971997
0.9862151235671491 -0.003991579883637488 -0.16542006328576125 -0.4457118410791724 0.0033754126922557934 0.999986279925908 -0.004005814411628313 -0.08012309185611018 0.16543378323845973 0.0033922337737825685 0.9862150658519846 5.224117096005987
0.984189894664565 -0.005656349940784136 -0.1770261476322069 -0.5381454581807824 0.00484752081641579 0.9999757447988958 -0.0050011354538745745 -0.0866611412892433 0.17705014199962374 0.004063929039855021 0.9841934422148281 5.668034521754699
0.982396630599074 -0.008922164855416997 -0.1865938240185868 -0.6344732227742643 0.007603763638464998 0.9999408243896835 -0.007780134793860893 -0.0877012617647621 0.18665219786039736 0.006224362872860895 0.9824063387115893 6.114751269793131
0.9808472679677277 -0.007729291181953615 -0.19462501118322162 -0.7349326173376646 0.005919775818103044 0.9999336947350325 -0.009877367453437147 -0.0935058099224782 0.1946884515694446 0.008536052446616708 0.9808279883007625 6.580769983533475
0.9794462663625271 -0.0076973068383513685 -0.201558335912812 -0.847191291506272 0.005628580899219396 0.9999254605148876 -0.01083478154606156 -0.11129828056329914 0.20162671049631947 0.009477598932546303 0.979416583856383 7.063603776339565
0.9776861368746571 -0.007773973887189282 -0.20992708994579648 -0.9629787437112921 0.004813912977394574 0.9998817132304032 -0.014607730463006691 -0.11128708009472048 0.21001581846364645 0.013271204822286511 0.9776079127736281 7.5608483657437455
0.9758976177642131 -0.01194023445200295 -0.21790197439069944 -1.0672175288450856 0.008663703925890243 0.9998346809761309 -0.015985961079738188 -0.1239540165519971 0.2180568271722267 0.013712823144399987 0.9758397299787461 8.050247710359175
0.9740371610362164 -0.018028205944428655 -0.22566921081736674 -1.1698941477587204 0.014475230057316942 0.9997440111197256 -0.017389075450688338 -0.1384153525968343 0.22592493584218543 0.013670991941598496 0.9740487807825834 8.527734780790198
0.9721852082914807 -0.01798596085352444 -0.2335217891149044 -1.337320218016793 0.013809836847490204 0.9997143590345507 -0.019506120741528493 -0.15776658595777773 0.23380592204966943 0.015738664248050805 0.9721558955549213 9.104994136020686
0.970156848140376 -0.014153357280052337 -0.24206481050337478 -1.4697709701055575 0.008664352033699554 0.9996809685632086 -0.02372530497930916 -0.16759426653403986 0.24232337693703362 0.02091993236672373 0.9699699672771338 9.54218888240718
0.9679028940198124 -0.011348467086509958 -0.2510681183321732 -1.6197921589238717 0.004768690539605445 0.9996294404060246 -0.026800027314829663 -0.18103089846409418 0.2512792218600838 0.02474255783714648 0.9675983456440314 10.097521933239598
0.9658068297524904 -0.013140279311403392 -0.2589295283722239 -1.7830212246002373 0.005988638253104714 0.9995789976675207 -0.028389498654750017 -0.20354069160576918 0.25919356437866553 0.025868136415538444 0.9654789152037809 10.629925575219968
0.9633959728523241 -0.016239654171874267 -0.26759012149984507 -1.93806951664266 0.00831068236442257 0.9994929533412392 -0.03073709127170531 -0.22208506976255296 0.26795360055532297 0.02738813344471276 0.9630424487507563 11.204005570284638
0.9612678444741926 -0.015975806644680776 -0.2751525118584079 -2.1186243800935585 0.006999975748390185 0.9994117707963966 -0.033572499655711664 -0.2407248583478358 0.27552700687856624 0.030346103467539028 0.9608142289146617 11.742920703845652
0.9592032715805863 -0.014691374981379329 -0.2823353454497975 -2.3027244592542666 0.00462345180606856 0.9993305080687153 -0.03629268984961597 -0.27680902315303907 0.28267951372976596 0.03350670297537432 0.9586290175939924 12.295902394363315
0.9567380942462947 -0.01574969602364133 -0.2905239509801747 -2.492518302077213 0.003698134004573232 0.9991114103984992 -0.04198468073483371 -0.29979507788691967 0.29092704037757006 0.03909394693152118 0.9559461912108145 12.919471714981773
0.9546159010810137 -0.019122354609274434 -0.297225195697608 -2.6877611603039444 0.004687621837843103 0.9987778426236332 -0.04920210651574069 -0.34941945974381267 0.2978027998605614 0.04557583392849852 0.953538848582968 13.743019434574952
0.9532458462731859 -0.02008537885449304 -0.30152766725325425 -2.88935467148168 0.0028487447637887166 0.9983416947744814 -0.05749560964184101 -0.3822112867755273 0.3021824634491362 0.05394847570680434 0.9517222918229475 14.375008999045141
0.9520842996595608 -0.019711901883339798 -0.3051998153110601 -3.113020008139001 -0.0005758811760952946 0.997803454123154 -0.06624149228975738 -0.4241198400557735 0.3058351757117461 0.06324324362368326 0.9499816511034941 15.000575730590676
0.9506854875572592 -0.019139424959482534 -0.30956547960041786 -3.331252093863322 -0.004313719736640871 0.9971817144817222 -0.07490006759227028 -0.4751700257513831 0.31012657991544373 0.07254178599616415 0.9479236223000441 15.660144239962516
0.9493340128821248 -0.018815388953890105 -0.3137051372286329 -3.5698732815981056 -0.007403424769460635 0.9965901971031176 -0.08217766326473523 -0.524609489122208 0.31418166924059165 0.08033654321965258 0.9459576726982621 16.3317888553475
0.9477064422419166 -0.016727260724568843 -0.3187047192650608 -3.782887733889394 -0.012113961108147536 0.9960203883808485 -0.08829857233236553 -0.5935101731559997 0.3189133915022058 0.08754190241430668 0.9437323052869626 16.91989286846966
0.946121715237112 -0.015272136539549277 -0.32345086458734745 -4.0277403640162275 -0.016171645227330517 0.9954121786666639 -0.09430308824596877 -0.6554187058372553 0.3234071394503012 0.0944529322340126 0.9415341022740337 17.59927990809135
0.9445175340230381 -0.013319899741235756 -0.3281908106482 -4.270375686829891 -0.020457296657830186 0.9948520158110502 -0.09925203096231067 -0.7352066681962847 0.3278233166455564 0.10045918030510388 0.9393826835512425 18.255242142775984
0.9429115472830799 -0.009941319508140372 -0.33289485452116147 -4.53023453272585 -0.02565736092066624 0.9944154548465124 -0.10236993207475799 -0.8144480201846764 0.33205348037750615 0.10506699447895597 0.9373907471488846 18.92013562687884
0.9411943735993817 -0.009577514360485276 -0.3377298066850811 -4.8064398639411285 -0.027016158817711355 0.9942640201473986 -0.10348519412490659 -0.8970030678945035 0.3367837262511414 0.10652384455608097 0.935536953985992 19.639283226997
0.9389382837311612 -0.008905784620088088 -0.34397032770906577 -5.079066413584868 -0.02816184500538668 0.9943221372243554 -0.1026177270820335 -0.9767317390155186 0.34293120276503575 0.106038551602192 0.9333563176752141 20.37836831868503
0.9365684936858127 -0.008522748816976606 -0.3503809632210211 -5.3520529955360665 -0.028834326045264896 0.9944417255462019 -0.1012632022711494 -1.059896278297009 0.3492964905014122 0.10494292375046105 0.9311170412349361 21.103901668325307
0.9340950934368413 -0.008104897956458123 -0.356932300368479 -5.645519790998227 -0.02946843136771578 0.9945807575891887 -0.09970320048043363 -1.140322888155648 0.35580608197436 0.10365050536505221 0.9287941670615855 21.834827403395536
0.9311119953960587 -0.0062493417434656235 -0.3646798565280833 -5.946246508084808 -0.031106675422456983 0.9948496174879645 -0.09647079002585543 -1.2284089062963124 0.3634044947076631 0.10116908772853571 0.9261220162130063 22.553282264715982
0.9278576716484511 -0.0044078189513253934 -0.3729084502866721 -6.247806242443675 -0.03169034914347414 0.995381536155479 -0.09061632994070996 -1.3170476430484725 0.3715856064681189 0.09589665590025148 0.9234327092175526 23.261552010805595
0.9246158777218417 -0.0007630009792837819 -0.38090011353919795 -6.580614177906763 -0.03425841713901206 0.9957785591498766 -0.08515528164785346 -1.394226652440044 0.37935713980337543 0.09178496046140357 0.9206865272791281 23.96361488026299
0.9211724302441131 0.002543483590355178 -0.38914635350903676 -6.918166243929641 -0.036868196684538196 0.996051261573039 -0.08076274136003327 -1.476040387697199 0.38740429764186257 0.08874353503204059 0.9176287349242243 24.706232943419582
0.9173327414651983 0.004339804977487504 -0.39809773615118826 -7.262735387051314 -0.03896201995450303 0.996119207523378 -0.07892075395016382 -1.5501294393760152 0.3962103007709525 0.08790728351936923 0.9139418510316926 25.453456147071208
0.9133217607316397 0.004771623381321019 -0.40721074762874837 -7.596812130997713 -0.040200702583301835 0.9961037954538967 -0.07849287989461516 -1.619333992111647 0.4052496328016427 0.08805941342439434 0.9099550949478141 26.176626486488235
0.9096783314755197 0.005147638054363905 -0.4152816334325125 -7.968600810421479 -0.04092393744943581 0.9961679191810918 -0.07729623624762287 -1.6890272868391032 0.4132923476034236 0.08730967080956684 0.9064030322078451 26.93269319936404
0.9056817200620884 0.005521754246556173 -0.4239223185625141 -8.331692366453638 -0.041316381590649605 0.9963051778510356 -0.07529242458223968 -1.7656826389106832 0.4219402547252785 0.08570590888180965 0.9025635260883912 27.70511223593531
0.9020446118992697 0.004627394150954652 -0.4316180086220543 -8.710374904412937 -0.03983345428033529 0.996567972875676 -0.07256425675608003 -1.8435551714286764 0.4298009004918353 0.08264903303631313 0.8991330954172302 28.441981864254235
0.8979758191314738 0.0026377790865512105 -0.44003689660828355 -9.126874389344916 -0.03641109405531278 0.9969983185516774 -0.06832704468088079 -1.9285619967596086 0.43853581436965194 0.07737825874635888 0.8953764261965622 29.328847041688448
0.8946545528912452 0.005835306960553625 -0.4467204720892499 -9.551764590213272 -0.03774931753305637 0.9973261941206324 -0.06257356907387698 -1.9982795254094339 0.4451608922813803 0.0728451214120128 0.8924826991430783 30.11769762820853
0.8908801669350912 0.00596173645593226 -0.45419927989829983 -9.982636456687343 -0.03667443404693907 0.9975935180040293 -0.058840111519958334 -2.0574513776681296 0.4527554682707221 0.06907698990817727 0.8889549231632529 30.922344882609725
0.8872885548239483 0.005332850052452697 -0.46118389085997713 -10.416203925331223 -0.03549803091915932 0.9977566644694352 -0.0567585086809837 -2.12231069426111 0.4598466160354903 0.06673229515867822 0.8854873745590974 31.73708796754353
0.8841445853780849 0.004799234274204417 -0.46718874076436784 -10.875806869836195 -0.03489934785590744 0.9978320737976096 -0.05579594985296148 -2.1768674819364935 0.46590813221690686 0.06563626932682208 0.8823953153111196 32.57236011128555
0.880974013448516 0.005165978650267068 -0.47313644997294285 -11.310055028554977 -0.03463225216378664 0.997962365127168 -0.05358847730485602 -2.2343949361003066 0.4718955337132128 0.06359583676919549 0.8793578195519433 33.380276553175875
0.878257192801355 0.004715030570862348 -0.4781653184615123 -11.797800232566164 -0.033947528113828875 0.9980431745701029 -0.0525108277309721 -2.2922629485900847 0.47698204224859914 0.06235054274620922 0.8766986604253532 34.22620871983144
0.875812465814667 0.003007732697641228 -0.48264218450903384 -12.27516219048429 -0.03224287898174925 0.9981113683408184 -0.052288556528053 -2.352601002681718 0.48157338119813164 0.061356743173335566 0.874255356625603 35.06806180736085
0.8738877536281118 0.002333128613121768 -0.4861221560160443 -12.773330569252197 -0.03219991957163212 0.9980701992114785 -0.053094657222171854 -2.4010282269354253 0.48506016043207784 0.062051865055243384 0.8722764509057738 35.925929277845775
0.8723909327027545 0.0017241736673481384 -0.48880577713769197 -13.246914585603996 -0.03182039499985326 0.9980729965987045 -0.05327059153544003 -2.456317218139896 0.4877719989914053 0.062026773941961585 0.8707646962953203 36.77888234745683
0.8718800188951228 0.0016806519418367648 -0.48971666099949146 -13.7621008839916 -0.03134842456223163 0.9981347251727496 -0.052386512403345 -2.5146881863340984 0.4887151613454472 0.061026599228288535 0.870306408834109 37.665182376432966
0.8713348293269407 0.0013895380880390195 -0.49068695151358266 -14.200002921625032 -0.02995129256038175 0.9982819749873216 -0.05035889682444469 -2.5784358717177565 0.4897739634522782 0.0585761692099657 0.8698794727575379 38.49725494467394
0.8708130304747709 0.00027229425373081703 -0.49161427136647 -14.648864297311345 -0.028278736651501303 0.9983718189090264 -0.04953810918552827 -2.6470849652918584 0.4908003453633064 0.057040661497932056 0.8694028893022714 39.30822598642406
0.8701399114293932 -0.0017491402454575839 -0.4928016589319171 -15.170941678811516 -0.02657183662053559 0.9983724630137665 -0.050461496157338845 -2.703567220606486 0.49208787023890294 0.057003206964409296 0.8686772486715152 40.218471973599186
0.8693008146127115 -0.003513453421198362 -0.4942709270822364 -15.713675069226657 -0.02508141678589967 0.9983729658137266 -0.05120882408643567 -2.755280365661887 0.4936466512047746 0.05691288762100016 0.8677983100795663 41.13276982485556
0.8676184435133949 -0.0037801077626071857 -0.4972161977054821 -16.239558319780453 -0.023846432609881493 0.9985041339828619 -0.04920205352337961 -2.8228143303544804 0.49665841795662374 0.05454544164674266 0.8662304604828819 42.051192646135
0.8656573328519497 -0.0028896589559863194 -0.5006286367665825 -16.797190510861416 -0.022593372770532878 0.9987390250060738 -0.04483190199811872 -2.8995287929634728 0.5001269054814993 0.050119954120442546 0.8645004734599422 42.97963513735683
0.8641439121548099 -0.0017192999854425788 -0.503241833608197 -17.437827406745445 -0.021949868151910953 0.9989137402150413 -0.04110404965098629 -2.9480815730304615 0.502765852434206 0.046565906167034675 0.8631674889666252 43.98745169858513
0.8601786639026595 -0.002364753135928468 -0.5099873274006342 -17.98982460186908 -0.020466945545418964 0.9990235859096367 -0.03915327491145119 -3.0040345970221014 0.5095819564178823 0.04411669455950813 0.8592903740613336 44.90334082170455
0.8549857428255343 -0.006199273609444699 -0.518614450793443 -18.536305872868382 -0.01778548254597814 0.9989900299194535 -0.041262534242773735 -3.066327430240323 0.5183464634543926 0.04450268675310077 0.8540119757334083 45.796167144820174
0.84895678459243 -0.009841076602281174 -0.5283706380049809 -19.102677277301748 -0.016040073972547114 0.9988860835592624 -0.04437688698628371 -3.1259601275497118 0.5282187936087069 0.04614916340461887 0.8478532660759266 46.70538148491864
0.8429755870698715 -0.009855755909849056 -0.5378615283506072 -19.686768045102827 -0.01611266507450069 0.9989209970765442 -0.04355713057353204 -3.1849137784306873 0.5377104626361686 0.04538398037907461 0.8419072114529899 47.59008347700975
0.8371220425770325 -0.007489982293951741 -0.5469648855245586 -20.255331239768633 -0.0157653525175282 0.9991605434929264 -0.037810871279539957 -3.253140524751522 0.5467889350486668 0.040275408032149865 0.8363012328199623 48.45203474205715
0.8321911325153346 -0.002656856305985097 -0.554482515574129 -20.84979730183381 -0.018804570429943577 0.9992780756150832 -0.03301084255152252 -3.3162735888709043 0.5541699261903249 0.03789813596452292 0.8315403924023321 49.31655410829542
0.8282377087565115 -0.00290116682512907 -0.5603694147835131 -21.451697986319388 -0.01975269300212116 0.9992140247779168 -0.0343680637551877 -3.3695813271258293 0.5600286857946905 0.039533731396991394 0.8275294285817891 50.185512906844224
0.8249035801963257 -0.004716230512032311 -0.5652537841970113 -22.042460817738466 -0.02063530165208554 0.9990474464671761 -0.03844975985805687 -3.4220159429444745 0.5648966876385553 0.04338152691148827 0.8240204945374942 51.028750880667076
0.8221425589529435 -0.007022451231516388 -0.5692383489690472 -22.660775393964357 -0.023066130395347353 0.9986918670152806 -0.04563450872002393 -3.477295679507682 0.5688141756205543 0.050648197758993166 0.8209051063776345 51.893523460993656
0.8187908532005834 -0.008248261634185435 -0.5740326688395659 -23.298606229788973 -0.02297918729637419 0.9986245860985593 -0.047126351340616754 -3.537110652550209 0.5736318468026849 0.051777429633915975 0.8174751385297574 52.776993333272394
0.815718249616843 -0.006654490736638736 -0.5784111470183384 -23.9325881221957 -0.022602103053473557 0.9988035443097842 -0.04336617128330531 -3.591214240817591 0.5780076834952924 0.04844788568398834 0.8145918733900782 53.649733219454184
0.8122402599505578 -0.0038118169636007344 -0.5833105777944426 -24.557120320391245 -0.02262119944269413 0.999020609844249 -0.03802765365097703 -3.6447890574004047 0.582884243612078 0.044082776204100595 0.8113585319640849 54.5324398651887
0.8098009473903119 -0.0016417644488388077 -0.5867024204954739 -25.210772667791172 -0.023550077510815316 0.9990992122083605 -0.03530096335609007 -3.6958455597941846 0.5862318819844141 0.042403641048003794 0.8090328249032199 55.37912816762252
0.8068779030724977 -0.000995296035625657 -0.5907174103741404 -25.82068586789479 -0.02450213931908406 0.999081586051793 -0.03515152316788003 -3.7638466517887137 0.5902098734366592 0.0428368275906991 0.8061124682696872 56.153929258978756
0.8034516385066337 -0.0020152508446475217 -0.5953666125548516 -26.469310489365586 -0.02489919890893484 0.9990056428637485 -0.03698317752819321 -3.8153263126155714 0.5948491358947232 0.04453834629195055 0.8026025425046195 57.012129470350025
0.7992071949459916 -0.005337168577128752 -0.6010319244251001 -27.11385574987306 -0.022876782045448473 0.9989659139494144 -0.039290655510645985 -3.869862773889706 0.6006201065480616 0.04515105091568212 0.7982586486918914 57.872571817731064
0.7951960288634705 -0.006401275871465026 -0.6063186450596616 -27.777048613341393 -0.02238284143186795 0.998952871627107 -0.03990198838895815 -3.9185636563406208 0.6059391752389034 0.04530103680021127 0.7942200777968431 58.72298810256826
0.7910196779606369 -0.006906698779219738 -0.6117517197287012 -28.45395256597142 -0.021273642712936837 0.9990210342896657 -0.03878666230199238 -3.9761732348181775 0.61142072356502 0.04369520063782305 0.7900983661775588 59.56779370686807
0.7863755534310553 -0.005949351332736264 -0.6177200775308516 -29.122036470677827 -0.021949314896092323 0.9990531332471726 -0.0375641388108299 -4.041470714551355 0.617358661186181 0.043098052945890565 0.7855003763784454 60.39857123695952
0.7811469624698391 -0.007105055208622188 -0.6243067685157885 -29.809874521582202 -0.02190730392580912 0.9990075852371914 -0.03878033874604656 -4.09406246294334 0.6239627337099918 0.04397002193584082 0.7802160880884959 61.2459157018254
0.7755174779372763 -0.008806410840944384 -0.6312646739220457 -30.494278654749177 -0.020548306149537898 0.9990208426213149 -0.03918064729663092 -4.154605265810477 0.6309916073357799 0.04335669655657158 0.7745771674504164 62.08911073209482
0.7699243286464149 -0.010031648379989478 -0.6380563409207274 -31.20169163724619 -0.020100649517943197 0.9989990266437672 -0.03996133948909248 -4.2074282353764465 0.6378185416302383 0.04359255435949982 0.768952012258951 62.93080435846827
0.7639818727007834 -0.012993715777341892 -0.6451068605548245 -31.87767266394411 -0.017724766390370107 0.9989972864203299 -0.0411127034044718 -4.257621808564412 0.6449942099282837 0.04284372853889956 0.7629855071257083 63.73895741199357
0.758018678555054 -0.01464346161129925 -0.6520684411882607 -32.59961067197461 -0.016750160836590547 0.998981147241918 -0.041905841683107126 -4.320353570010238 0.6520177260424735 0.04268766200273441 0.7570010887965369 64.55459593603543
0.7517718996269289 -0.016207252158892873 -0.6592240407545653 -33.352713042500845 -0.0149331317091419 0.9990231217022597 -0.04159091104591775 -4.3812356093725 0.6592541334786427 0.04111115763062487 0.7507954849422004 65.39397730662456
0.7457163555066019 -0.01817586854289544 -0.6660155815990064 -34.14823014615726 -0.011111144422881268 0.9991495454041055 -0.03970803934196836 -4.472722440111373 0.6661708936898739 0.037011129697441233 0.7448802029044361 66.28105849949316
0.7394775167861165 -0.018033729997908556 -0.6729396605567259 -34.865460554778 -0.010990757077919222 0.9991844499411113 -0.0388540635549625 -4.532160179064813 0.673091528268402 0.036127822771950015 0.7386762315081389 67.05301613191621
0.7331684202281605 -0.019938487710648635 -0.6797547530455053 -35.63596177171107 -0.009406390738610116 0.9991771409864783 -0.03945327291062015 -4.593409024199818 0.6799820493170508 0.03531993258628331 0.7323775767790031 67.862708639195
0.7281839641109218 -0.01992245096017549 -0.6850921181559769 -36.38141768139745 -0.011557896017612842 0.999078366105616 -0.04133803840748721 -4.646765999580468 0.6852842690820721 0.038019920140266485 0.7272825834716365 68.5682784588622
0.721844770456781 -0.018987596251589446 -0.691794477104858 -37.177879381962654 -0.013763220435729057 0.999031976696123 -0.04178137505964377 -4.690533430800993 0.6919181318099958 0.039680986973911314 0.7208846774244417 69.40174302242276
0.716448507142609 -0.018807232970774728 -0.6973864241588805 -37.98782199122179 -0.013484767977734584 0.9990764721432319 -0.04079661557556806 -4.747505789549468 0.6975096398227867 0.03863276844619115 0.7155332358154088 70.21666427216836
0.7113614088174812 -0.018244090108198247 -0.7025895666897797 -38.81180243717369 -0.01451284916923482 0.9990685808665962 -0.040636780558952965 -4.810376484075565 0.7026765424106596 0.03910401387747044 0.7104340594625733 71.02916917593366
0.7072894841384312 -0.018937037629807793 -0.7066703433942868 -39.63215268486039 -0.01545618258381881 0.9989879255656485 -0.0422401585458415 -4.857658623425525 0.7067550438780947 0.04079844580188581 0.7062809602226461 71.78761587842867
0.702020538180818 -0.0204939645234143 -0.7118617572186524 -40.462579331254865 -0.016380769232672218 0.9988566986443702 -0.04491064431307689 -4.917618062948432 0.7119682818578793 0.04318903786127682 0.7008822102443153 72.59716882663896
0.6973243439416043 -0.023289867081217122 -0.7163772340308914 -41.288894706863175 -0.015424582952338577 0.9987528782925686 -0.04748442210931907 -4.979094715036313 0.7165897303109763 0.04416186356630348 0.6960954591284112 73.3700899652135
0.6937282309597206 -0.022822228344346537 -0.7198751888090706 -42.095972066907926 -0.01626925505439246 0.9987462553065134 -0.04734161859497197 -5.058668388151502 0.720053090340894 0.04455405037272342 0.6924871722175894 74.05585199407992
0.6892764563398521 -0.022452982731634076 -0.7241504196657135 -42.957622702155824 -0.01608840548061022 0.9987988329526595 -0.04628233465909965 -5.115250438244433 0.7243197705051736 0.043551749205495385 0.6880872874835535 74.85208371786429
0.6840053347937983 -0.022061047627154603 -0.7291433412925172 -43.78875383292017 -0.015946589151122657 0.998851542315295 -0.04518077808982034 -5.184286066743972 0.7293026863162299 0.042531242539440454 0.6828679851479216 75.6260764615431
0.6800023180254277 -0.02230788619015066 -0.7328705245087789 -44.684149429339065 -0.016465923746415912 0.9988203528783294 -0.04568124375700367 -5.250475429789029 0.7330250478907406 0.04313074181760448 0.6788328352952888 76.3922101928172
0.6751942308817303 -0.023700359210716896 -0.7372591427424362 -45.54449656490011 -0.014920824912008936 0.9988403806883691 -0.0457740416640152 -5.313735093032449 0.7374890640327991 0.04190688343932071 0.6740576337023632 77.16547749393017
0.6707474257878965 -0.023887656589649427 -0.741301066140853 -46.43040688307808 -0.01488940027315476 0.9988461116577713 -0.045659073420920196 -5.377660715968238 0.7415363757486318 0.04166323425763031 0.6696177852721489 77.95791037386792
0.6668338513426928 -0.024158596191733762 -0.744814726582065 -47.26829000391254 -0.01463088532684348 0.9988572951941996 -0.0454977035890853 -5.447285032037312 0.7450627838632287 0.04123670776592448 0.6657183954455543 78.69301418135619
0.6627003063673612 -0.02609142484138865 -0.7484300511673432 -48.16661263635464 -0.012786182997682503 0.998853004718834 -0.046143130458464576 -5.528786003331763 0.7487755454506748 0.040148630286764124 0.6616065825104382 79.48091046066476
0.6574877202525158 -0.032643626005128316 -0.7527577906593774 -49.00346591779398 -0.006473792012830282 0.9987794211175113 -0.048966906877437516 -5.6180692360302285 0.7534374477912048 0.037068337343430076 0.6564738765803781 80.25997565489912
0.652809059949249 -0.036874797469454844 -0.756624464684935 -49.90662310318086 -0.0022108864516081727 0.9987175167792623 -0.05058096143176829 -5.6839457772069775 0.7575192692131838 0.034692520661529086 0.6518903172933874 81.02996960135513
0.6462788369064522 -0.04059232585199788 -0.7620209498752437 -50.798525233837935 0.0031292992007052986 0.9987167831844194 -0.05054695314534726 -5.757583949509228 0.7630949301714407 0.030282834538574673 0.6455765465682233 81.77875108247954
0.6384086798216486 -0.04424189150783451 -0.7684250207822418 -51.75165658651165 0.007420225177033869 0.9986540495172699 -0.051332539787940064 -5.82731582813926 0.7696618074106977 0.027069252272039903 0.6378776981481096 82.55484091283901
0.629038197450819 -0.04517733657261668 -0.77606053527288 -52.6573531684456 0.010200427337164718 0.998703615827847 -0.04987022172121815 -5.90245302946227 0.7773074664699702 0.023454125278695576 0.6286835504269597 83.3177587236616
0.6203547074885096 -0.04383471391770475 -0.7830954952958156 -53.59618336950104 0.011194826561704983 0.998830161201304 -0.04704237380097191 -5.976089276260722 0.7842414887999097 0.020416339787777946 0.6201197145024265 84.05351993888067
0.612171592984197 -0.043183406658819284 -0.7895448905113185 -54.58189105648471 0.010309929313723301 0.9988586569649285 -0.04663784690318917 -6.053788374531212 0.7906577300581693 0.02041021302089533 0.6119181130704541 84.77379015245971
0.602634699398281 -0.04499812097830394 -0.7967475059198903 -55.5533319858534 0.010158319303621011 0.9987606300880131 -0.04872383744247496 -6.119887026273431 0.7979525221653663 0.0212690595611787 0.602344917364888 85.49947595919902
0.5926849009578482 -0.047353117539457236 -0.8040412243385784 -56.55524287701104 0.010858964627270816 0.9986493088491513 -0.050809849658665876 -6.191581593402637 0.8053612177549957 0.021383175498669405 0.5923985725352348 86.23584147630021
0.5829584343286434 -0.0485220258845318 -0.8110518336389837 -57.530167531279226 0.010663494378299627 0.9985861447504985 -0.0520768797066468 -6.268334274081599 0.8124319994514869 0.021710009589989025 0.5826516298362701 86.93324416085753
0.5727010897746843 -0.04954039306998221 -0.8182659782890651 -58.56450811367665 0.013864210290594306 0.9986148581565387 -0.05075577545476171 -6.342521957683327 0.8196470249100568 0.017723276318662728 0.5725946559588424 87.66156602076161
0.5628623454698116 -0.04960402630007135 -0.8250608587413685 -59.608619916486596 0.01471383027578909 0.9986407249523953 -0.05000205660939938 -6.412488246667663 0.8264196774344363 0.016004469418763545 0.5628271259523533 88.3579546279197
0.5520743653083526 -0.04990513643521008 -0.8323000495775323 -60.63085021750524 0.014961709315690718 0.9986394143595446 -0.04995465285615154 -6.498294265727991 0.8336606278478866 0.015126051864544937 0.552069886999154 89.05887524274115
0.5424689285185189 -0.05076082567410546 -0.8385408756696677 -61.72646974727117 0.014504844972250996 0.9985899488762583 -0.05106587388503899 -6.584927813397239 0.8399506360878007 0.015538744485794793 0.5424402975033329 89.72205901078324
0.5320451797851536 -0.05146317826000592 -0.845150559338845 -62.773089365359844 0.014390857973456472 0.9985566376922461 -0.05174499519319896 -6.677648665402014 0.8465936627888089 0.015368233604914846 0.5320178451158319 90.3916865796257
0.5225009013146263 -0.05234642783770458 -0.8510303517607555 -63.848045349638866 0.012704548228953423 0.9984808104164384 -0.053615908874423905 -6.755395201262462 0.8525440766199138 0.01720240456344165 0.5223721611050252 91.0320136066539
0.5130675437833997 -0.052143902202222175 -0.8567629246058647 -64.92499704146468 0.011648595822611348 0.9984841317091119 -0.053793577130196016 -6.830411398262405 0.8582691918806307 0.017619653464980383 0.512897204204062 91.66601137733436
0.5046218831212924 -0.05007838150973141 -0.861886831771136 -66.02302027083867 0.010554227507440827 0.9985995019667274 -0.05184248213121222 -6.903371040466185 0.8632759485569154 0.01706430125055432 0.5044436997980929 92.28767530324492
0.49668106838851955 -0.048743980540051725 -0.8665632929368458 -67.11589987666194 0.011624381159923354 0.9987057658648506 -0.04951431097118333 -6.985231224266527 0.8678552817532929 0.014519558857392511 0.49660486540457816 92.9015033207474
0.4884177773845175 -0.049293643882374755 -0.8712165123593363 -68.22940115792987 0.012675121345322705 0.9986986073673365 -0.049400738268004785 -7.071017843505824 0.8725178600084066 0.01308542377380976 0.4884069570051297 93.53892109428077
0.4811056956428632 -0.052553629998974324 -0.8750859532605512 -69.34219044139849 0.015256981005143298 0.99855229292518 -0.05158045002202038 -7.153496469622664 0.8765298250205781 0.011464478522652111 0.4812110052581906 94.14388378809902
0.474031206434699 -0.05624571661831621 -0.8787097556577803 -70.46464904736676 0.018006061086562306 0.9983682062990072 -0.054191386912035115 -7.233068916412182 0.8803239160049049 0.00986630697854934 0.4742704491072517 94.75458406837585
0.4686420613170811 -0.05851730963921261 -0.8814478673393373 -71.53374338851053 0.018152000585716838 0.9982308129733568 -0.056619333317227946 -7.319720842944176 0.8832016322670683 0.010534158871962091 0.46887515210090513 95.28790316040151
0.4629455805208271 -0.06216179401289844 -0.8842043320643326 -72.67129826498903 0.021128003408685824 0.998028345366269 -0.05910185544828301 -7.416184884288477 0.8861348638600093 0.008679470638533419 0.4633461663176226 95.88746059242737
0.4570938057467667 -0.06443379256593777 -0.8870814726526007 -73.78963455142247 0.02680690301621421 0.9979173584425369 -0.05867142123511757 -7.517774026056918 0.8890144220982111 0.003038436216052815 0.4578691136195415 96.49136421466287
0.450294349505583 -0.0645739317151438 -0.8905420855558663 -74.93915734050886 0.03432718316716939 0.9978960521168507 -0.055001033312212684 -7.63708692870202 0.8922200643894709 -0.005803146771491538 0.4515635948439566 97.18199696173451
0.44676335755522556 -0.06221901688737305 -0.8924860202174321 -76.06674235855641 0.03706496614004708 0.9980095205796933 -0.05102141822144749 -7.730765582041398 0.8938840476432158 -0.010285464007981249 0.44818023004046226 97.7444462302573
0.4433309910103268 -0.06167989126292619 -0.894233315988392 -77.1817651186522 0.039239797548943585 0.9980087449649259 -0.04938403853322947 -7.824208667259845 0.8954986715222528 -0.013196059537876207 0.4448685123882712 98.30506651177926
0.4403873436327035 -0.0614574199843282 -0.8957019443414207 -78.31850840051571 0.0406224141478137 0.9979966070869443 -0.048503522673624545 -7.901738023492815 0.8968884027775892 -0.015025237828973031 0.44200162351652983 98.86205696698396
0.43766986315139134 -0.060437369060106744 -0.8971022323626973 -79.41916247686346 0.04195073398177908 0.9980244038865199 -0.04676991731173581 -7.985381161421263 0.8981565714325273 -0.01716431379487837 0.43934059626276123 99.40945461043823
0.43501150388212784 -0.05999352566653475 -0.8984240470781648 -80.53426507338406 0.04419664781409818 0.9979978613251383 -0.04524295649542032 -8.05934403884237 0.8993395620188218 -0.020026124651283922 0.4367920632512057 99.95565981360372
0.43197043903028454 -0.061532776226845734 -0.8997862286420039 -81.58448364532437 0.047706184524929265 0.9978320835629428 -0.045334897932053204 -8.130672583007632 0.9006251494168132 -0.023342032093483445 0.43396945719219704 100.47856939544201
0.4295691006219705 -0.06198613934606657 -0.9009040494524385 -82.70799970231106 0.049803523806223805 0.9977491680907719 -0.044902189152150926 -8.201958768055192 0.9016595792245068 -0.025579603263980857 0.43168934094964984 101.0174240894573
0.4273108425126819 -0.06159548528868472 -0.9020041241940934 -83.86199872164877 0.05342349551992096 0.9976534977357452 -0.04281855418000976 -8.276960116508306 0.9025249990983824 -0.02989138082599849 0.4295988027855526 101.55596535968277
0.4257166248049534 -0.06083164332896511 -0.9028094297993216 -84.9712723104052 0.05502217958395755 0.9976316507776963 -0.04127528461924034 -8.349749596477162 0.903182105180627 -0.03210296772054178 0.4280554687713084 102.06578098262447
0.42315901179840054 -0.062496102853489215 -0.9038974985372663 -86.01869931448542 0.058132186158755726 0.9974355532471588 -0.041748844905433485 -8.418338452297187 0.9041886416374655 -0.034879137699494064 0.42570687812993446 102.57562000421261
0.422524335740009 -0.0635177816358738 -0.9041231537371011 -87.20420852490166 0.06023914954456148 0.9973036608991322 -0.04191244229744439 -8.502550664148403 0.9043475164833551 -0.03675458302370061 0.42521132399918726 103.12207348017832
0.4218341639061396 -0.064102494518105 -0.9044041178356966 -88.25474921654877 0.06002146312196335 0.997283792610469 -0.04269029118169618 -8.583950126892844 0.90468412284416 -0.036275435118486604 0.42453590034372535 103.61680839597189
0.4220645864734601 -0.06566119860145866 -0.9041847664295207 -89.34644249892945 0.05991516368625003 0.997213344794153 -0.04444905088871535 -8.647324747750732 0.9045836932011526 -0.03541400800075505 0.424822539458402 104.1191471937334
0.4244953422661899 -0.06469415045806365 -0.903115923506401 -90.37728641484146 0.05703315936557062 0.9973738531450566 -0.04463872528830367 -8.72259876729917 0.903632072874293 -0.03255862342134017 0.4270702669512544 104.59044894346621
0.42879061247586303 -0.06531020200321226 -0.9010400591354826 -91.42301466504092 0.055534779660568495 0.997402691743212 -0.04586674995513759 -8.792502131606513 0.9016953470549942 -0.03037182934389393 0.4313038987554819 105.07769041188742
0.4338997406343654 -0.06566018697486102 -0.8985653871165175 -92.42706114286537 0.0537224448855712 0.9974518090182728 -0.04694451620468436 -8.866433885402051 0.8993580566120188 -0.027903916080030743 0.43632150700424044 105.55731969115224
0.43969494546173016 -0.06553396260296177 -0.8957531215022138 -93.43896056334735 0.052858403960256345 0.9974938973524426 -0.0470309884587708 -8.935792116794993 0.8965903992716966 -0.026668792439634107 0.4420570454631746 106.04973634098573
0.4461066304531507 -0.06464364163177441 -0.8926421869160783 -94.43185119391241 0.05217314163497463 0.9975702729381712 -0.046168320762177396 -9.002872554709171 0.8934577984200894 -0.025975953238430834 0.4483953749713325 106.54949691819236
0.45449363912129526 -0.06392099330989393 -0.8884535095392209 -95.48963279134436 0.05140285047424686 0.9976418203430936 -0.04548126279734079 -9.071439848030264 0.8892655840419127 -0.024998098263569014 0.4567075827285999 107.08025213153554
0.46239192658265116 -0.06363718577351529 -0.8843890630361794 -96.48094221736544 0.05110529214760343 0.9976758123879722 -0.04506908575185085 -9.137034740495265 0.8852016467142909 -0.024357380048492187 0.46456943796539296 107.62029117893778
0.4713691771831844 -0.06373674290334466 -0.8796298803506626 -97.44790520145298 0.05077395314306425 0.9976921004537033 -0.04508301647520537 -9.20123105620593 0.8804732275792797 -0.023411541947310235 0.47351747087069107 108.13939887840647
0.4812434927421715 -0.06435738685143506 -0.8742212691595707 -98.44105918439398 0.04959055681039192 0.9977028859012869 -0.04614897766450497 -9.265251021166597 0.8751831107651421 -0.02114422431536378 0.48332954017890395 108.68451669544753
0.4917828684951554 -0.06659841614908342 -0.8681671850635165 -99.40187330031898 0.04837129047510042 0.9976204721742327 -0.049128522841976455 -9.324146338784214 0.8693732388982595 -0.017833801201500687 0.49383410880806444 109.21758478175208
0.5026719251795103 -0.06799064306951563 -0.8617994013059643 -100.32405050150544 0.04747054712607606 0.99756913919291 -0.05101332850802425 -9.393950843195737 0.863172915928133 -0.015267121041975563 0.5046775527237306 109.75719155874042
0.5158327688398812 -0.0663469300460424 -0.8541162915343831 -101.28477005957107 0.04625169474239773 0.9976992905278409 -0.04956719089981733 -9.482528033252501 0.8554398490393336 -0.013935944665089335 0.517714645458146 110.34516604915247
0.5286849460120524 -0.06306921395015484 -0.8464717964066747 -102.21307287854826 0.044143177815732626 0.9979292054282668 -0.04678333897486024 -9.558189623940185 0.8476695156206586 -0.012632307984594932 0.5303742236217938 110.91615556472883
0.5407870481039145 -0.06091155950385899 -0.8389512205854774 -103.12192735837094 0.043475137111485034 0.9980656311427352 -0.04443994132299584 -9.625819542103187 0.8400352856018563 -0.012440974658827252 0.5423891048807548 111.50354275008439
0.5523114798825186 -0.05967081483536768 -0.8314995027339859 -104.012858219841 0.04293985141425355 0.9981472284763623 -0.04310776548927642 -9.695657860215778 0.8325311996258785 -0.011895551346612226 0.5538504288232122 112.0924790510193
