1.0 0.0 0.0 0.0 0.0 1.0 0.0 0.0 0.0 0.0 1.0 0.0
0.9998707972601196 0.00179530635740926 0.01597390564313496 0.0035983673677151594 -0.0017809640236732423 0.9999979981728391 -0.0009120402736783096 -0.0004966128066252394 -0.015975511057838322 0.0008834734843080948 0.9998719930676343 0.13047525338804142
0.9992882976776305 0.004511384957775732 0.03745057449901335 0.0188891840193012 -0.004496653112181681 0.9999897759572851 -0.00047758945499861186 0.0010623885362287967 -0.03745234619262325 0.0003088473111003699 0.9992983670446011 0.28774732981975
0.9978953408452719 0.0062997262368628525 0.06453837748688229 0.05385420052076032 -0.006369081910798876 0.9999793396411519 0.0008689571100752159 -0.002114115802267644 -0.06453156990893891 -0.0012781784641424415 0.9979148474418554 0.4616959007947196
0.9951332681079534 0.005785196057233775 0.09836823781771932 0.10717698374578467 -0.006127485007448959 0.9999761771066449 0.0031779154588433135 -0.0030737562824628643 -0.09834750953769754 -0.0037651992987667816 0.995145009856339 0.6408912147233417
0.9906808232306034 0.002543775090305954 0.13618015894918045 0.1779929493838862 -0.003257631759751024 0.9999820965295594 0.005019407899821664 -0.00019503655838973784 -0.13616495260694644 -0.005416255961166313 0.9906713732882924 0.8327751474229543
0.984526727401081 -0.0005103292748466094 0.1752337370398428 0.27891824269662463 -0.0004447817845691777 0.999985260541014 0.005411180082423866 0.00037845197565593687 -0.17523391567297028 -0.005405392192203988 0.9845119890245962 1.0265374080334198
0.9758415460229937 -0.00026918274644790357 0.21847930015473466 0.3869485981747629 -0.0011836525150606693 0.9999780515293082 0.006518851614502603 0.0032158184599065426 -0.21847625963059972 -0.0066199698109075545 0.975819809174586 1.2444597069228378
0.9637803036215027 0.00013794851242815347 0.26669740778914963 0.4584984302236415 -0.0027224703718534025 0.9999528512301399 0.009321130392183241 -0.0005965744014620423 -0.26668354749837575 -0.009709597670430045 0.9637352381265095 1.4211180634098557
0.9493943941038254 -0.003918167544185335 0.31406198816049996 0.5850945481554433 -0.0013425038673501235 0.99986242947757 0.016532386475566662 -0.005656499420922664 -0.3140835591488298 -0.016117384474754026 0.9492585252659554 1.6534838458791579
0.9325649411915965 -0.01285387371723125 0.36077334767243496 0.7492469258135019 0.0042250068978185295 0.9996860732446258 0.024696240148129264 -0.030747051174045924 -0.3609775336181291 -0.02150657785892859 0.9323264918105515 1.8937230105005392
0.9111139215166785 -0.017669298042792537 0.4117756888467008 0.906803888640116 0.006375481483460029 0.9995653035233666 0.028784670018848983 -0.01713879155214214 -0.4121052963192223 -0.023600845300855922 0.9108305137876811 2.127228149669551
0.8856548888927344 -0.018552807859816067 0.4639732870553165 1.0721667823567809 0.0038451394038487466 0.9994602524803683 0.032625428960297166 -0.014264897082726456 -0.4643281519392975 -0.027110828692520163 0.8852481969957586 2.3662408187624058
0.8571494939728471 -0.021440463261932018 0.5146212699813387 1.230282042152074 0.0025122025840081477 0.9992953844971681 0.03744894338741333 -0.02586360264896327 -0.515061582551319 -0.030806509990106458 0.8565993959383583 2.577950565976729
0.8246342671646142 -0.026535989182904597 0.5650435086751856 1.3894791446626267 0.0034407518825485114 0.9991158963839349 0.041899723381055784 -0.03277213427377239 -0.5656558022723382 -0.03260777316854103 0.8239965087818191 2.759871351433109
0.7883922718440599 -0.03310101974943529 0.6142816521662595 1.6049778221924111 0.006349783589848048 0.9989359953762614 0.04567885057660562 -0.04505550807966262 -0.6151400701831446 -0.03211229722684539 0.7877636031335102 2.9774056426358078
0.750053622030503 -0.03645432190796222 0.6603715972792547 1.868029358360276 0.006461439544666767 0.9988360490511684 0.04779954931652179 -0.023371230624296472 -0.6613454572898599 -0.03158527394344789 0.7494161438026161 3.2169842279340344
0.709919591455527 -0.039720237376441626 0.7031617711525399 2.155148926578734 0.007536452264009637 0.9987796369287734 0.048810231957038167 -0.012950804095549634 -0.7042424124936598 -0.029351994807622458 0.7093525814754771 3.445137660678294
0.6676996066516153 -0.040987064337622045 0.7433016183449771 2.4609358937524286 0.00608555172742726 0.9987503043605073 0.049606406843943414 0.012848042481605558 -0.7444059385425744 -0.028598777889582264 0.6671146142648738 3.66931055116806
0.6240847756594078 -0.04104076403358297 0.7802780584366616 2.7945160628147145 0.000935596457641271 0.9986581439444815 0.051778723358457984 0.026931410901140714 -0.7813560759662748 -0.031584287563645244 0.623285741317481 3.9276830622215964
0.5825056499812649 -0.04163683798816111 0.8117595342601476 3.1421010239260254 -0.0018402007125245278 0.9986170381883607 0.05254164730234332 0.045833256359034937 -0.8128245698803904 -0.03209960688628197 0.5816234467733434 4.1262757536679056
0.543688184877553 -0.04295620496036946 0.8381872834157976 3.5273046049991894 -0.003422507603481551 0.9985675762332298 0.05339552544358844 0.06467848160010833 -0.8392803131649497 -0.03189921865963991 0.5427623750617286 4.283060367977002
0.50620638044087 -0.0451695966255426 0.861228661820796 3.9299954558045465 -0.004320551426981242 0.9984820841574881 0.054907744917139456 0.08455351444594826 -0.8624015498805183 -0.03151563353646273 0.5052428441912615 4.444349707203841
0.4692612735048317 -0.04447416349624669 0.8819387200763629 4.381608181232818 -0.0070552668081449174 0.9985102419388221 0.054106561095127736 0.12191387509457366 -0.8830311888030286 -0.031612426743039206 0.4682484106502942 4.644470743538301
0.4330248997650703 -0.043477635400750385 0.9003327892526242 4.871093439634706 -0.009103820651794018 0.9985741450619177 0.0526003542136376 0.14000258964524803 -0.9013359843216018 -0.03097373135125297 0.43201165647837514 4.853053891023467
0.3999232224770478 -0.042501313025960274 0.9155626982979609 5.351554291244131 -0.008058479666638552 0.9987226241262529 0.04988166961754421 0.1460443959481635 -0.916513217050925 -0.027326881443750572 0.39906987423447926 5.022664869255001
0.3711150608591285 -0.040453849431695645 0.9277052859985672 5.914418500559853 -0.005241754532567464 0.9989434151044772 0.04565717280805509 0.18736844256471352 -0.9285720950001383 -0.021806867853086904 0.37051089714270535 5.201973733462721
0.345917709882421 -0.03856653124311494 0.9374718985962062 6.470033724911514 -0.004054933452702073 0.9990840893595556 0.04259741662685213 0.21061387301264994 -0.9382560927083797 -0.018536586969053935 0.34544449545352907 5.382420324363779
0.32611140506179226 -0.03803581154734497 0.944565841288239 7.058404639145521 -0.0026990843525093737 0.9991486911901353 0.04116561473727479 0.23471838903451803 -0.9453274916304306 -0.015974039344341044 0.32573112168588325 5.561873375780001
0.31155438598401564 -0.03885341139078112 0.9494336611883011 7.647007252466158 -0.0018881402159679722 0.9991364301925233 0.04150697277164306 0.2499804201577639 -0.9502264464329794 -0.014724343294007845 0.3112119763343184 5.749697249961044
0.3003496733190799 -0.040375091373987856 0.9529742523980721 8.308759338253628 -0.00048363051382344465 0.9990971311707799 0.04248162647361079 0.2755903892907883 -0.9538290412011203 -0.01322023006075998 0.30005897033498685 5.941197529204927
0.28982148487522197 -0.041998987579072555 0.9561587692151626 8.96252229827876 -0.0021749236606705314 0.9990052232703097 0.044540246807903035 0.3059184555663613 -0.9570782499941121 -0.014988292797098998 0.28944183261449397 6.12644940126394
0.2792254621961895 -0.043708188549773375 0.9592302828388091 9.65887615313298 -0.003565722627324184 0.9989094031540908 0.04655416106518262 0.33380188341130373 -0.960218947367458 -0.016419456264914385 0.27876508851090953 6.328836601358517
0.2701325519344895 -0.04516316544691521 0.9617633247697561 10.373297995651976 -0.003935955010024293 0.9988391148008451 0.04800969695825328 0.36997955459945314 -0.9628150978477227 -0.016754439133519605 0.2696411988658294 6.50143236000973
0.259146806047321 -0.04738458597629464 0.9646748850920334 11.098987726846957 -0.005285788701370145 0.9987112663360274 0.0504763997457539 0.3877252660300445 -0.9658234793963528 -0.01817986538299494 0.25856236992528414 6.721499134652142
0.24923492744650677 -0.04927356881298398 0.9671887439156676 11.812419954134901 -0.00509511847097809 0.9986242789665079 0.05218801803468824 0.4061972558937465 -0.9684296519151514 -0.01793501812249933 0.24864099504394765 6.897757670092866
0.23931425828493147 -0.050245012485481765 0.9696412349430418 12.595302152394561 -0.005280498783658289 0.998578016475816 0.053047727037270814 0.44615601887891093 -0.9709278047898974 -0.017815266811327626 0.2387086386252335 7.083053639545763
0.22919921191441828 -0.0530699313144966 0.9719317381627602 13.384053235480854 -0.006567494129384986 0.9984055654135601 0.05606420401726954 0.48203714991146196 -0.9733573800401732 -0.019233027361914217 0.22848523230140227 7.261209479744928
0.21803769845573506 -0.05676706990440686 0.9742879768459601 14.203070163792411 -0.007902814275131563 0.9981714644791406 0.05992723108988498 0.5149239579775376 -0.9759083499892082 -0.020766012473170805 0.2171903891688245 7.438817760068044
0.20593359089682606 -0.06093079712430826 0.9766671869691002 15.002550362277352 -0.008621812297405463 0.9979079134193498 0.06407386899312219 0.5431178527668382 -0.9785279865660701 -0.021615603087489048 0.2049774260988686 7.604738034936243
0.1936205186012454 -0.06317176315666652 0.9790405625490003 15.805560556081682 -0.009692799395681073 0.9977529160789134 0.06629606395480837 0.5768498932686658 -0.9810286154931771 -0.02232592205717354 0.19257312581935504 7.753178750897506
0.17862813540934908 -0.06412045209490527 0.9818251152131546 16.75797396382365 -0.010589752779784675 0.9976911808204847 0.06708326802631155 0.6213514620053036 -0.9838596680300715 -0.022380244327796554 0.17753669560850183 7.913412780989708
0.1643759170807323 -0.06248746590072994 0.9844165147381333 17.589788758620124 -0.01217885285165751 0.9977867854174975 0.06536976663132829 0.6725445781768369 -0.9863225808157725 -0.02273427921711531 0.16325109225175904 8.050710156574098
0.1483722102070939 -0.061779447091039774 0.9869999934931041 18.44078209364321 -0.012592845632832212 0.9978478373585725 0.06435148574576584 0.7075709345201723 -0.9888514081888794 -0.021977110727874633 0.14727491003876103 8.167833749591606
0.12824514086762517 -0.060084294428069965 0.9899207349110956 19.27937525016017 -0.015598994928957097 0.9979173802120329 0.06259052346768962 0.7467482640758211 -0.9916198138404905 -0.02346869902303991 0.12704080039545018 8.268999351358596
0.10299962694214804 -0.058950525890678174 0.9929329848217306 20.141896356923358 -0.019672619796372134 0.9979262545025882 0.06128767090355962 0.7828347444201869 -0.9944868349456045 -0.025846200332894635 0.10162632064689814 8.35056407938065
0.0724653331248446 -0.05863628982658406 0.9956458009806893 21.001775122918662 -0.024121480107323106 0.997875290675825 0.06052320593020281 0.8138329776788545 -0.9970791993079274 -0.0284022846618112 0.07089697125725558 8.417967992626656
0.039170098339605164 -0.05898192712587163 0.9974902684580859 21.84205796849689 -0.02772036077636014 0.9978080289904415 0.06008925761430803 0.840209256506881 -0.9988479789209639 -0.030004492242472786 0.037449238320389044 8.458484513927537
0.004349442450173546 -0.05806465724762316 0.998303349653345 22.70243413743334 -0.030070767776541 0.9978537247482975 0.058169518919089426 0.8824746421622154 -0.9995383090585883 -0.030272753172861613 0.002594058525366316 8.454348785695188
-0.029543772291910297 -0.05674444982573925 0.9979515183277885 23.566130036128882 -0.031214133349655275 0.9979527823217913 0.055820445496478466 0.916867645176545 -0.9990759948061979 -0.029501045238593586 -0.03125451858270689 8.420331040831194
-0.061994355310693194 -0.05478207126894431 0.9965719364787954 24.41829326432439 -0.032877160132361236 0.9980627562138339 0.05281881294080881 0.9416935457682376 -0.9975348576622488 -0.029489986882489144 -0.06367533606058173 8.356376079970884
-0.09392933938974757 -0.051855214351793334 0.9942274970781766 25.28523667748935 -0.03467662834425405 0.9982070868647722 0.048786711096563455 0.9712725071355591 -0.9949747789006917 -0.029893953861519197 -0.09555909623916126 8.25934250222567
-0.1258263500752812 -0.04744660400126088 0.9909170244755514 26.114312787262218 -0.031819757147134094 0.9985347327032212 0.04377088804678119 0.9913237983921824 -0.9915418461577052 -0.026023207989292536 -0.12715172025621935 8.142649939136234
-0.15731819784448153 -0.04158590058890147 0.9866719807003619 26.966899031852723 -0.026832555090998557 0.9989240996478277 0.03782402847483651 1.01360483920532 -0.9871833662568742 -0.020524522284007495 -0.15826479510857805 7.986111774758291
-0.1878283299191672 -0.03553541189575736 0.981558838267567 27.842659007829102 -0.021146372141524452 0.9992599816607649 0.03212973695161577 1.0264936132016644 -0.9819742101628887 -0.01472153364044424 -0.18844077855454922 7.79965499072537
-0.2163827188931211 -0.029825543369504354 0.9758529376535865 28.62917975481742 -0.01360517974142407 0.9995283224509347 0.027532375535428193 1.018582218932094 -0.9762138177923032 -0.007319124342031338 -0.21668643790104136 7.603720248636457
-0.24417946271254043 -0.02418887367938832 0.9694283307081231 29.478470781892533 -0.006698041183421394 0.9997070747328881 0.023257277856983335 1.0303610830127765 -0.9697069280116135 -0.0008143212721840124 -0.24426995445028732 7.357738117859527
-0.27044928039664184 -0.01364580773794646 0.9626375115608774 30.285515797236478 -0.0005569562471911813 0.9999015939558409 0.014017567702969152 1.0335454936732769 -0.9627340632452339 0.0032548941223348076 -0.27043026667067993 7.104847169524174
-0.29572486577222556 0.0017024712300941196 0.9552716395642186 31.121900990815718 0.004018382754175915 0.9999917814398163 -0.0005381940762590747 1.0127255506750064 -0.955264704866688 0.0036794897110170844 -0.29572927652064873 6.837413901033293
-0.320515578900918 0.018841630591188565 0.9470558360722322 31.90763667371804 0.005131290269261396 0.9998220205299506 -0.018154809929589785 0.9870830901588978 -0.9472293457985674 -0.0009592810183339418 -0.3205552155837521 6.5707311781526
-0.34454496789844535 0.034225031278424856 0.9381457308594706 32.85095841110999 0.0060334812332838396 0.9993953020922666 -0.03424364554358694 0.9419536209314303 -0.9387504259386874 -0.006138191093314937 -0.344543118361164 6.127770624427018
-0.37007937761493714 0.04405252270633029 0.9279550794663228 33.466290934297724 0.010010174245254933 0.9990061770966063 -0.043433334368933936 0.8878118370318867 -0.9289462044035278 -0.006784789313769242 -0.37015255768162314 5.954984701213036
-0.39323422558532095 0.04741679543668205 0.9182148394242106 34.250803198877755 0.011608309801185698 0.9988457476105141 -0.04660922252036445 0.8302707260249347 -0.9193650477214547 -0.007669419202847199 -0.39333076289201974 5.5637927534732725
-0.41666667202953467 0.046156592778371884 0.9078868064703465 34.85824417523504 0.013694883234949924 0.998915542764664 -0.044499310066088996 0.7701671643386625 -0.9089561785878425 -0.006107975627684685 -0.4168469239909518 5.327211118365151
-0.4375633484708301 0.0413593019826957 0.8982358956390575 35.76349473691411 0.015713726827275353 0.9991407805062748 -0.03835074338927244 0.7131665315879853 -0.8990502738246584 -0.002666246203230431 -0.4378372942852071 4.914601977983129
-0.4551508729508129 0.04040723840341986 0.8894970140122576 36.2600443632694 0.026296146176635733 0.9991440450717723 -0.03193258357654592 0.6295431028916054 -0.8900259521768846 0.008856200213707657 -0.45582383896567413 4.6260271248491724
-0.47036012015223916 0.03865858706841954 0.881627399197782 37.11645821147299 0.022761050081431516 0.9992391064212566 -0.03167242961376976 0.58450533732963 -0.8821809859487805 0.005169317587656854 -0.4708821361934601 4.19994703624087
-0.4802929478626319 0.04313305570039605 0.8760469301009903 37.951048595703654 0.027343098288231584 0.9990409683753385 -0.034197930985164215 0.5156877178185566 -0.8766818346523573 0.007528812231187564 -0.48101172311801754 3.661565855218671
-0.4903627232664134 0.045500085484184785 0.8703299040316143 38.67329094541002 0.027697948773014236 0.9989454033365346 -0.0366183667928515 0.47788220714884305 -0.8710781958380743 0.006150071035378989 -0.49110584741147756 3.2602001003702217
-0.5012095997660275 0.045067503846471756 0.8641515244443111 39.381420796492066 0.02208360588329849 0.9989837580298441 -0.03929078191842285 0.4299764682752174 -0.865044074861836 -0.0006093353905472396 -0.5016955025279897 2.8606219242953084
-0.5123539784985218 0.043380697815719876 0.8576779790654283 40.061302070003805 0.021308896820384657 0.9990580176870917 -0.03780222495352644 0.3781049338027937 -0.8585099484764486 -0.0010919487900141304 -0.5127957449265794 2.45118884016831
-0.5215783559981475 0.04459722809017208 0.8520370331158986 40.74228364114458 0.023180177735154725 0.9990050412410063 -0.0380999597797932 0.3371436960641917 -0.8528884440033389 -0.0001217445209796315 -0.522093178717971 2.0526288374820467
-0.5282528329249341 0.04800423779129401 0.8477290473145644 41.483164794222645 0.026530244399311453 0.9988462267925629 -0.04002950604707542 0.2917659179942754 -0.8486725461795586 0.0013447588396974922 -0.5289169131203582 1.5561688146433224
-0.5321441505056699 0.05039674696259473 0.8451525134425074 42.251942876236555 0.02680710597888722 0.9987292751446188 -0.04267568438983546 0.24660099326770774 -0.8462292728047384 -5.3522820700861146e-05 -0.5328189326437942 1.0821272394164527
-0.5316313060014521 0.052983415596647994 0.8453170483025313 42.91737770287913 0.027120921462175412 0.9985945701064425 -0.04553394528230446 0.21648483023027643 -0.8465415583999605 -0.0012814935201792758 -0.5323210945248411 0.6575439322320931
-0.5295088609487979 0.052930910148601684 0.8466514542168742 43.63657916593285 0.02837374064716891 0.9985981113511223 -0.04468492864108349 0.1799770455855179 -0.8478297570965496 0.0003616031141795634 -0.5302683964039288 0.25492315436642393
-0.5241974100567002 0.052043546148414645 0.8500050262169901 44.4305558959927 0.02759349812885307 0.9986447641217254 -0.044127473905451096 0.11929504041504964 -0.8511496191333585 0.00032310456685214416 -0.524923062412558 -0.20328608653965893
-0.5200831404114203 0.0489660692472141 0.8527108836658951 45.496181471727056 0.02485012027039768 0.9988001558433502 -0.042198580661511234 -0.010481419702963568 -0.8537540621176226 -0.0007568023363688237 -0.5206759344043876 -0.7627019770741011
-0.5130873218883161 0.048261966637677844 0.856978519388753 46.29017079597268 0.023036442544421384 0.9988326227329134 -0.042458380555397655 -0.05964228253670368 -0.8580272270926915 -0.002043120347181621 -0.5136001394342431 -1.2304251767484273
-0.5072019812145228 0.046688171960379554 0.860561656623778 47.08904593136671 0.019895268364500982 0.9988997405138764 -0.04246747812167288 -0.10976719245815394 -0.8615975444189519 -0.0044184839377672805 -0.5075728011339107 -1.6781258703832567
-0.5023570405831319 0.044562795312968806 0.8635111817749972 47.92996641292499 0.01632210861258175 0.9989818216545532 -0.0420583971899727 -0.16411022732990121 -0.864506213133831 -0.0070340086469142665 -0.502572910307906 -2.174099005422698
-0.5010237270947344 0.04201247954829232 0.8644131977534275 48.796122728382564 0.01222150847720721 0.9990648695989953 -0.04147313665113779 -0.2122715411540146 -0.8653472479985381 -0.010214592275108967 -0.5010686604508514 -2.651273134938134
-0.501510948342828 0.03950104930248938 0.864249058892331 49.68405416370704 0.008873583678734746 0.9991394421808318 -0.04051709011358901 -0.2573901624534952 -0.8651057901811627 -0.01265077794360899 -0.5014298850412164 -3.162217693928498
-0.502867206823556 0.03767076526338375 0.8635424052968949 50.49643681062093 0.007202490601319587 0.9991977848402136 -0.03939430034342582 -0.32950278557146356 -0.8643336719291997 -0.013590445720474987 -0.5027351224596366 -3.618099137460114
-0.5035444566636944 0.03682532780530367 0.8631841491798243 51.384019015956994 0.006761547312137618 0.9992285829924129 -0.03868488605282766 -0.37877595616090065 -0.8639428578564736 -0.013643099464801389 -0.5034050101019885 -4.122871326116408
-0.5042821450589448 0.03606143320122939 0.8627856577448555 52.25367515298462 0.005925290971750967 0.9992486458748862 -0.03830188825771565 -0.42677782526724206 -0.8635186211667064 -0.01420270230201704 -0.5041169250736091 -4.604290248940045
-0.5051362994926243 0.034885527658899435 0.8623342269067475 53.15018862745959 0.006698800334398451 0.9993110954131538 -0.03650288561528552 -0.4968077711075712 -0.8630135833281987 -0.012662327752941724 -0.5050219999632684 -5.078150937024123
-0.5059352913644117 0.034100880996558135 0.861897099929723 54.02792485317211 0.00586917055118952 0.9993311920032784 -0.03609323380285816 -0.5634173525494753 -0.8625514673276311 -0.013202219683269685 -0.5057970616822383 -5.550239061114915
-0.5071091595141997 0.032576500819054076 0.8612659704941257 54.91583133835769 0.004006548128913314 0.9993637436897692 -0.035440871468687025 -0.606508666625168 -0.8618725241640394 -0.014521686980356706 -0.506917027429886 -6.0339578060430235
-0.50813067996361 0.03152011498714126 0.8607030233657349 55.8077987054377 0.0028917152362565157 0.9993869144921417 -0.03489173433449802 -0.6579083028975934 -0.8612751302938636 -0.015240652645939374 -0.5079102996043829 -6.518501861538671
-0.5065554979145122 0.031366130247055174 0.8616366365271997 56.73111297091363 0.0023575615816083992 0.9993847220289535 -0.034994560698777315 -0.7068375774065203 -0.8622041344345142 -0.01569532568748595 -0.506317773059167 -7.091498438999857
-0.5054843651461023 0.029531849210047895 0.8623302305237114 57.71033911260177 0.0012605424610876916 0.9994383106302716 -0.03348842004652592 -0.7676096103618636 -0.8628348437711275 -0.01584086887590948 -0.5052376661015197 -7.632261456719229
-0.5039827015239866 0.027265565699364166 0.8632832822959555 58.69589372549153 0.0009950204803505854 0.999519277032105 -0.03098749385577715 -0.8245033989953949 -0.8637131737439394 -0.014758176320663742 -0.5037675552602214 -8.152700923289782
-0.5019439589568111 0.026357739308739695 0.86449842778648 59.566217906963765 0.0028909845861706525 0.9995810789652463 -0.02879772183344905 -0.8586819547975167 -0.8648953140553404 -0.011955590876518936 -0.5018098838922043 -8.635710750124641
-0.49986046048580146 0.02656878955635273 0.8656983420709738 60.48867037511161 0.0026493420390138515 0.999571604837027 -0.02914768927875128 -0.8890472303834428 -0.8661018999111381 -0.01227624637422044 -0.49971671249346516 -9.133861123350135
-0.4978013071385685 0.027923359184720928 0.8668414760629385 61.3435802056593 0.005113163389989843 0.9995586919483448 -0.029262209599776597 -0.9083938173408523 -0.8672760311292363 -0.01013446408820178 -0.4977244001115124 -9.598897103801042
-0.4973222803556434 0.028136691244149015 0.8671094948550008 62.243522120174624 0.004657947059577931 0.9995461430278597 -0.02976258536013989 -0.9583459819862851 -0.8675533718400577 -0.0107626466986923 -0.4972276263895503 -10.102410880228717
-0.4981966079777975 0.02972776501168129 0.8665543259293257 63.139035590337 0.004095092125239841 0.999481603558866 -0.031933593093853165 -1.00354198921521 -0.8670544216021873 -0.012360587963695152 -0.49806008256563716 -10.609661388572405
-0.5005153895595926 0.03170650743040083 0.8651468327403016 64.04821912940457 0.003713467453584884 0.9993985477084832 -0.034478297487632224 -1.0659732513511138 -0.8657196745907306 -0.014044223892420616 -0.5003320945150123 -11.145493908580493
-0.5045926690159808 0.032448966557238654 0.8627475314045798 64.93939208486002 0.0016430415555132544 0.9993277307449075 -0.03662495022085943 -1.099810219424984 -0.8633559745491869 -0.017063151338506687 -0.5043067618787433 -11.670147220071664
-0.5102208230196117 0.03032797811610986 0.8595085371888864 65.73740797931785 0.003181665539633285 0.9994377777650755 -0.033376719137768664 -1.1757712656579895 -0.8600375507857692 -0.014294828414372253 -0.5100304590110474 -12.13630989067743
-0.5154147175932013 0.027519313051966574 0.8564988945103601 66.56584314735177 0.004626128823233391 0.9995590199056187 -0.029331973295873445 -1.2426048871225868 -0.8569283913025825 -0.011155856509782017 -0.515314737849697 -12.633370122798814
-0.520724747527568 0.02505551266519151 0.8533568764575786 67.44403205928002 0.0018730819640559533 0.9996003649623044 -0.02820641648958242 -1.293616276609202 -0.8537225713756822 -0.013089371730999416 -0.5205635787023342 -13.158328449129954
-0.5261039632568982 0.02810680977654337 0.8499556618374687 68.29524256734007 0.003363862529039464 0.9995146430589892 -0.030970352589972237 -1.3440001833284876 -0.8504136077664033 -0.013434491238847934 -0.5259431624908562 -13.669180643007094
-0.5308763573039927 0.03002644736593883 0.846917177600162 69.13202852901259 0.0038999258056585497 0.9994480846505353 -0.032989644846327985 -1.386664374085108 -0.8474403128447184 -0.014210508328592653 -0.5307004594106635 -14.191462932168255
-0.5348940524072201 0.03091146607541498 0.8443535005934723 69.96233429603501 0.0034087562079341536 0.9994013578128677 -0.03442827882586349 -1.4468170186519695 -0.8449122635401247 -0.015537286341732872 -0.5346792119136838 -14.735152262977778
-0.5380638697719673 0.033330421540701455 0.842244830821736 71.11459222711566 0.005461832275765449 0.9993347830651761 -0.03605772794102404 -1.5677596430759142 -0.8428863745690797 -0.014801160630053415 -0.537887985745914 -15.5854569211769
-0.5418982911754295 0.03290212406452601 0.8397997929585312 71.9318654475018 0.006741504319121766 0.999371425889476 -0.03480381064123126 -1.6175280131853003 -0.8404170358462902 -0.013198611581448949 -0.5417794777505487 -16.09212479544151
-0.5438527795646475 0.026369974486047956 0.8387662240489971 72.7696390023338 0.00746504340504916 0.9996186373021297 -0.02658670880710832 -1.6553354157316302 -0.8391474407318228 -0.008197829215006797 -0.5438422274055168 -16.64526258231804
-0.5463034456686158 0.01786338214182804 0.8373968263786608 73.59619167231013 0.006789516428494664 0.9998341470734289 -0.01689913644586947 -1.6952136775137217 -0.837559817396504 -0.003546536959335367 -0.5463341233698762 -17.169311143944793
-0.5481205827790094 0.016160307469247088 0.8362431890284658 74.44515334100932 0.008458888370637801 0.9998692993130347 -0.013777935215195526 -1.7496489054610471 -0.8363565471385587 -0.0004782820929464502 -0.5481856412792179 -17.715261787371706
-0.5492848806073045 0.02023186849184166 0.8353902030988567 75.25600973412483 0.007592078093039304 0.999786427075015 -0.01922135756925242 -1.779491819309727 -0.8356006703482528 -0.004215653437450631 -0.5493211701542613 -18.245071609330754
-0.5503348832654982 0.026595367884046428 0.8345203428726363 76.04962109003618 0.00893996113982678 0.999622968717821 -0.025961461950143212 -1.8155205516419015 -0.8348961572291304 -0.006826918696057448 -0.5503651513542156 -18.772349599802514
-0.5505488851891784 0.030494675215883605 0.8342457670257794 76.8646947940082 0.01458609728565143 0.9995314237953223 -0.026910566914675204 -1.8524851835038452 -0.8346754883084363 -0.002647192696702307 -0.5507357093814602 -19.31829232109691
-0.5508734474902071 0.03195916670363046 0.8339766522594408 77.65355485027074 0.01806228930166854 0.999489031402289 -0.026371003236453378 -1.8916007734289266 -0.8343933116674879 0.0005364420973065695 -0.551169224172068 -19.829000469396682
-0.5507875080653102 0.028617949649948873 0.8341547421893849 78.47161440633921 0.01681077013416914 0.9995896434764476 -0.023193590970881334 -1.9318715784527392 -0.8344761943678815 0.0012480434533350658 -0.5510425785915609 -20.361642033062008
-0.5503279723499519 0.023452877733625876 0.8346191259342206 79.27117560846644 0.015789828781237313 0.9997189964824472 -0.017680762969620442 -1.9751301749876713 -0.83479925979618 0.0034482746613759547 -0.5505436451777552 -20.870304747906864
-0.5505989533284039 0.01706392077486922 0.8345954799790468 80.08559395000243 0.012082142577718329 0.9998492262775073 -0.012471829978061642 -1.9957047174495333 -0.8346824632304181 0.0032167250518155568 -0.5507221061983469 -21.371037587231623
-0.5505369635882442 0.011280832930266297 0.8347345653148888 80.91252392678511 0.0041776730254985866 0.9999334034601346 -0.010758052459605826 -2.0354786433596614 -0.8348003346735846 -0.002435457458267131 -0.550547427362839 -21.88090374148097
-0.5490656013351203 0.006040454723827232 0.8357574279282429 81.69042816941469 -0.0029307993998690593 0.9999538188406973 -0.00915262808069694 -2.059409908420545 -0.835774117716851 -0.0074748306091327755 -0.5490225414880379 -22.373825269032682
-0.5467596519798474 0.006963942139173539 0.8372606442899123 82.48598137287738 0.000720095066725933 0.99996895233212 -0.007847027137537878 -2.0911188710705977 -0.8372892955424498 -0.003687530567279684 -0.5467476910681419 -22.9003230911493
-0.5443142705906241 0.009639983277097398 0.8388259924166719 83.24333272401097 0.003480725169890664 0.9999513166692273 -0.009233030042755603 -2.1122225905904877 -0.8388741618286314 -0.0021059472681006085 -0.5443213256913746 -23.378490565293003
-0.5396196303485992 0.01237356590536922 0.8418180025452214 84.0245344597142 0.005502844988111633 0.9999224711457146 -0.011170066914939355 -2.1412355168898154 -0.8418909509191068 -0.0013951934034005734 -0.5396458840720357 -23.866901185358124
-0.5317978792290019 0.014908902392314858 0.8467400665357656 84.86493904801027 0.010055017177833659 0.9998857061833476 -0.011290314423513128 -2.1660612740293748 -0.8468116155775673 0.0025098206479242462 -0.5318870072893545 -24.395291068021894
-0.5235714050008244 0.018058365846564586 0.8517903963349284 85.60755428236469 0.01774044828598437 0.9997896589399549 -0.010291470805530806 -2.20013931424578 -0.8517970769849325 0.009722823647501195 -0.5237816399419177 -24.867434889883064
-0.5176128169259635 0.01710112398083955 0.8554440503694913 86.41912714801212 0.013618647730469682 0.9998382534230141 -0.011747315693810384 -2.2280149936702176 -0.8555065775246631 0.005569430007516494 -0.5177619890079117 -25.238286869512038
-0.5071085176186643 0.014341991961622563 0.8617628784214219 87.20342399897359 0.01134986101627746 0.9998859646816135 -0.009961841578261233 -2.255891606018271 -0.8618074796690458 0.004729154183566321 -0.507213468952862 -25.68739643751953
-0.49615507930719294 0.011423944217148157 0.8681587589699233 88.02030379407863 0.012735139896688874 0.9999016198424329 -0.005879357812783421 -2.284382178344341 -0.8681405148301085 0.008139050006140848 -0.4962517530200903 -26.139223162255924
-0.4851669646831349 0.010510196725967383 0.8743583659718344 88.8409483133726 0.01131182254194359 0.999919528463847 -0.005742757823334299 -2.30331458729701 -0.8743483625254492 0.007104390291879729 -0.48524681203244135 -26.587309195687105
-0.47348233343418 0.009841659364833591 0.8807483304932635 89.64629569775707 0.012830759438585278 0.9999085417617518 -0.004275479401912375 -2.3283621438568813 -0.8807098566145116 0.009276305990727422 -0.4735653055379092 -27.011357566072576
-0.46181622622610474 0.011237603402533837 0.8869044421266848 90.4615980398328 0.014947870230053199 0.9998763384840648 -0.004885582389587313 -2.3551051696906575 -0.8868496684161664 0.011001091285291486 -0.46192709556884415 -27.42520337439376
-0.4520586804699638 0.015562555778009501 0.8918524296482081 91.17739890672067 0.014478826559482011 0.9998440837387981 -0.010108006429741816 -2.359645097765036 -0.891870681765701 0.008343564596718043 -0.45221352471659304 -27.724231101378027
-0.44097506915248474 0.02423841527729101 0.8971920015307798 91.99960296974224 0.016103773832575476 0.9996880269317943 -0.019092335571256096 -2.3883035659601415 -0.8973748697474822 0.0060289330782302844 -0.4412278267648446 -28.117624319453196
-0.4278268168204933 0.028394471466870016 0.9034146162196854 92.8263805901419 0.013377921776503782 0.9995958773220179 -0.025082130088313285 -2.4048475808771155 -0.9037617197127714 0.0013550021927765453 -0.42803378131973635 -28.5298196611449
-0.4173105049315824 0.024679117327364563 0.9084287994343259 93.63509271783595 0.011075026132885715 0.9996950624643677 -0.022070928401857284 -2.4365896694871254 -0.9086964764264822 0.0008504424179132937 -0.4174565731639521 -28.87917323343294
-0.40325425961049577 0.020948481003649634 0.9148481640412418 94.50922895439099 0.012893112309676977 0.9997687669683047 -0.017209888135769628 -2.4892286225983646 -0.9149971419414168 0.004855279427116283 -0.4034311050237991 -29.29437452604729
-0.39442828255326123 0.021273270145558253 0.918680454728084 95.39816967924081 0.009082261111446716 0.9997734168544545 -0.01925168782919114 -2.5274838974430383 -0.9188818435768489 0.0007502856011036798 -0.3945321211464645 -29.640699076367397
-0.3870935604422294 0.025616875877154572 0.9216845182243504 96.15477062515363 0.003965150370202762 0.9996509889011697 -0.026118536931750626 -2.556315670166438 -0.9220319154165435 -0.0064556997458057735 -0.387060035258217 -29.96253937730785
-0.38293688211473764 0.030068487206807642 0.9232850212114015 97.05080089527357 -0.002036783180584877 0.9994402099074067 -0.0333933875866784 -2.6023275770402288 -0.9237722640513296 -0.014668091127780931 -0.3826612748530327 -30.293237452688963
-0.37968883174738965 0.032442421008877655 0.9245452289452284 97.8671028901998 -0.0034388156739207933 0.9993285097816699 -0.036478816925823804 -2.646877944253832 -0.9251078670042012 -0.01702994000663849 -0.3793223109049968 -30.61213454386119
-0.37593664264326465 0.032221681533380224 0.9260849874375848 98.72730117316446 -0.004297517203930708 0.9993238843340858 -0.03651445666193768 -2.6949638725830907 -0.9266354040635357 -0.017706988411246818 -0.37554399275905315 -30.952797652991322
-0.37126107336675807 0.03198957594382535 0.927977307068172 99.56036956845121 -0.004985147483315469 0.9993232816873759 -0.036443476537550666 -2.7537254197962806 -0.9285151391911345 -0.0181561479534521 -0.37085036144563777 -31.272381726123957
-0.36602185106331353 0.027336318683199416 0.9302046711477191 100.4664211310066 -0.009570551509379258 0.9994050343188587 -0.0331358102651359 -2.7964817156570914 -0.9305570423611828 -0.021031002329212223 -0.3655424569773489 -31.609046818045638
-0.3622962387970252 0.021844356577119473 0.9318069861507055 101.22558055193734 -0.014944471089998086 0.9994606700203795 -0.029240927930800395 -2.857723264604111 -0.9319431839642208 -0.02451924077425132 -0.36177438921859184 -31.84394087441118
-0.35648990702241035 0.018029108320206384 0.9341252043726965 102.10585325158291 -0.018503908152319688 0.9994814501050161 -0.02635215890709507 -2.904870508995794 -0.9341159197734746 -0.026679245663109325 -0.35597144025413585 -32.181536030458425
-0.35116914701922775 0.015638653437170105 0.9361814261672043 102.96543920312385 -0.027491037084783992 0.9992572260874829 -0.027004425414217065 -2.9470988032152423 -0.9359083678767872 -0.03521971934330353 -0.35047838493634376 -32.47165875206379
-0.34502274845686665 0.015947031577196985 0.9384588404566 103.80613949220032 -0.03401842512456363 0.998986254304814 -0.029482375448425656 -2.9811393285033243 -0.9379776382192248 -0.042096982004810705 -0.34413049023120945 -32.75900528031989
-0.33882855929786726 0.02030842455779967 0.9406289253983802 104.63983691263272 -0.03205301227131776 0.9989374926029744 -0.03311329455698043 -3.0192502988501393 -0.9403019790516587 -0.04136972037689831 -0.33781760526572757 -33.04907072158204
-0.3315635924160658 0.02366262631573375 0.9431360794180207 105.49051638816276 -0.030192096747708525 0.998907231353699 -0.035676048593765136 -3.059326048408235 -0.9429496388875336 -0.040304134591002294 -0.3304868458149892 -33.34630706622919
-0.3258327908480205 0.021737204633272326 0.9451774893335754 106.35966989558068 -0.032370389352733564 0.998892981139671 -0.03413165866249826 -3.1012411505709845 -0.9448730868753444 -0.04171697693544084 -0.3247684460258191 -33.61713553116953
-0.31816266595646603 0.016750743618880806 0.9478881424407043 107.2115149317373 -0.03189136623355129 0.9990889100417576 -0.02836001747760957 -3.1520792450741135 -0.9474995824543839 -0.039252546666265355 -0.31733858704699136 -33.91426617159356
-0.3111234425865077 0.014726315055173753 0.9502554073079594 108.12716508292327 -0.03272252907506365 0.9991210827613102 -0.02619729132560734 -3.1821090796723825 -0.9498060010149714 -0.03924535165803576 -0.31036810855689656 -34.20666694557942
-0.3026777399306837 0.017663402933070713 0.9529292680714961 109.13200034262752 -0.03310583476528913 0.9990300655612563 -0.029033287949616345 -3.2599985185603813 -0.9525178158202328 -0.0403352488711295 -0.3017994006679887 -34.53218053163962
-0.29664582288197905 0.019713498881273703 0.9547840770187425 109.9511848419532 -0.034528245647005205 0.9989118237149703 -0.031352331571544934 -3.309817870219193 -0.9543631677821678 -0.04226755734946186 -0.29564234740053097 -34.7774885927027
-0.2906702235726806 0.019765682820298638 0.9566191190389493 110.8297395177647 -0.03775546564269068 0.998771023424692 -0.032108683892317726 -3.3559256399784707 -0.9560781066117515 -0.04545063860762059 -0.28956673411814404 -35.010594051301915
-0.2830201300705215 0.01955315139442147 0.9589146365789878 111.64289547187718 -0.03520159432769435 0.9989067913733849 -0.03075824937992156 -3.39707851397613 -0.9584677635328451 -0.04246052777198891 -0.2820224279196082 -35.2592686316525
-0.27552575688784287 0.01981802149257186 0.9610893836243852 112.44248896427845 -0.032308581260871334 0.9990317199944778 -0.029862652624724442 -3.4158046417418335 -0.9607505986822441 -0.03927936441689514 -0.27461867864861955 -35.470982985460004
-0.2677447366100232 0.0209536691563541 0.9632620099259159 113.308042231644 -0.029490127642387523 0.9991168564090845 -0.029930579861814435 -3.4567672137316823 -0.9630384667235599 -0.03642047484746479 -0.26689035318388754 -35.71825978277751
-0.26186563542787256 0.020959183487297244 0.9648767287117574 114.16329544975022 -0.029557426181100615 0.9991210090359515 -0.0297248693946814 -3.505854860725372 -0.9646516197775782 -0.036303194494808386 -0.2610159583817948 -35.9212438424181
-0.2559140403972413 0.01891540255953988 0.9665144652169307 115.03560103332111 -0.037276987579543154 0.9988718416473287 -0.029418874231835746 -3.544338622323029 -0.9659805536989622 -0.0435574506839477 -0.25492021960872724 -36.118396407178075
-0.24953079311638682 0.01718078756929716 0.9682144410331864 115.90839071521025 -0.04040571062679613 0.9987871150712295 -0.028136760944254338 -3.589764078884961 -0.9675235200425107 -0.04614238080321806 -0.24853393904728627 -36.33786232415221
-0.24454781051277497 0.017349665955795172 0.9694820047141824 116.8316867021678 -0.03559055854798214 0.999005550400677 -0.026855584351922653 -3.6455134070210335 -0.968983839140597 -0.04107188040329903 -0.24368713573860745 -36.57232272848355
-0.23984225455228914 0.01695495728829807 0.9706638050090398 117.77575703425934 -0.035120623389457116 0.9990414588706416 -0.026128629324098245 -3.701427078006803 -0.970176393623351 -0.0403570672989527 -0.23901688721723624 -36.81699391490635
-0.23516335175118375 0.018043390137819807 0.971788368970057 118.64440273215905 -0.03459154997021309 0.9990389025546711 -0.026920175575514856 -3.7393415989870356 -0.9713401168817273 -0.03994630464376802 -0.23431318802299628 -37.01732495584727
-0.22944272521810305 0.01735311381297617 0.9731674600424557 119.51507091378741 -0.028141372223776103 0.999304789716727 -0.02445404707959366 -3.777446398380435 -0.9729152578790475 -0.03299707093367525 -0.2287948738410568 -37.22455458933803
-0.2242851067386591 0.01649657700369756 0.9743839355420377 120.37245822003828 -0.02112396643962583 0.9995394939611044 -0.02178481245815428 -3.8069310607537235 -0.9742946006917448 -0.025468862541159334 -0.22383334895357687 -37.418356584031834
-0.21940074232420814 0.015632146591486908 0.9755095849147404 121.27382820257978 -0.01901956865459519 0.999613088029231 -0.020296064861399288 -3.844700626547905 -0.9754494196398806 -0.02300674322035283 -0.2190185368652917 -37.612117392357014
