1.0 0.0 0.0 0.0 0.0 1.0 0.0 0.0 0.0 0.0 1.0 0.0
0.9990617163632186 -0.0005020032692739511 0.04330629157636819 0.04377203218185789 0.0006123087791300659 0.9999966022739007 -0.002533874229893409 -0.02034302060158619 -0.0433048724203037 0.0025580135596896146 0.9990586292061591 0.9889425388052684
0.9960599360416132 -0.004311789573673204 0.08857771888827223 0.13091485770020078 0.004979564325033115 0.9999608153728826 -0.007319266215455346 -0.03730331945800567 -0.08854268886763195 0.007731506287406845 0.9960423766379709 1.9957419533199998
0.9909775771562453 -0.0038395639797811714 0.1339727558945583 0.2517367714911415 0.0053721422827234765 0.9999241854978277 -0.011079862083980164 -0.06315757147766644 -0.13392005697740691 0.011699615589882159 0.9909230733685723 2.97045922270576
0.9836718964557745 -0.0018598786219654539 0.1799614985895921 0.4141048423808117 0.004364691595835283 0.9998990252825837 -0.013523635096098574 -0.08402941818642706 -0.1799181747083197 0.01408829622242307 0.98358068826059 3.9782858449823912
0.9742221338033702 -0.004605639590984591 0.22554383629699604 0.6480736743215548 0.007858645791688667 0.9998776199369125 -0.013527262680082192 -0.11045680748880303 -0.225453932531524 0.014951027832665076 0.9741391025273639 4.970646980883867
0.9627673627710509 -0.005460480202650376 0.2702761334983762 0.9238571741831865 0.009782009505784544 0.9998449076122716 -0.014644897126189334 -0.14049427592232816 -0.27015424755665857 0.016743472691302455 0.9626714593511804 5.930348557861853
0.9493714410257426 -0.008274991008729317 0.31404679824591525 1.2400516812215407 0.014333536834766942 0.9997529549376567 -0.016987607695911188 -0.16900526366696547 -0.3138286422341204 0.02062895094834565 0.9492555133873384 6.890043484569664
0.9344335408706405 -0.009910326599850876 0.3559996392170101 1.590554877361568 0.01763595719453258 0.9996740070872266 -0.018462192935840567 -0.20786842759735336 -0.35570061949593185 0.02353008671577466 0.9343037002545578 7.812902162351777
0.9172208484917461 -0.010041409214494056 0.3982525394684489 2.022496229510692 0.019145680028786433 0.9996382376199758 -0.01889012504627896 -0.2599960783033228 -0.3979187832062175 0.024951232214377735 0.9170812821024468 8.889439823570978
0.8976903157798238 -0.010485915144261886 0.4405021481658263 2.4905318806850776 0.020217068818621297 0.9996441227616865 -0.017403963812919684 -0.29454344690964646 -0.44016288699014977 0.024529032015259522 0.897582842697481 9.848728603876525
0.8759945309727079 -0.010536548296381685 0.4822059340737146 2.9747095956803844 0.021041072937707798 0.9996444031932455 -0.01638109929308559 -0.3348059321132508 -0.48186186293951055 0.024495883621904413 0.8759047303959755 10.71405506899321
0.8520539326438132 -0.011077794198609029 0.5233367733514487 3.4506763514566985 0.022201285642791748 0.999641192737582 -0.014986283661789295 -0.3686009007044755 -0.5229829813502724 0.02438787112229577 0.8519941507781041 11.559369465533644
0.8264884040398514 -0.01119933134892577 0.5628423340199247 3.996575172988215 0.023434882481826028 0.9996198869685223 -0.014521978518837414 -0.4037490954365676 -0.562465753864822 0.025192390803088542 0.8264367000411478 12.386304468606586
0.7995771202329411 -0.013114495586530254 0.6004202185182538 4.6451936130486295 0.02688809164698772 0.999540765149938 -0.013974595917587044 -0.45116207134799663 -0.5999612148527436 0.027317921022426465 0.7995625503132526 13.1981174407295
0.7713567096004128 -0.012655461649309228 0.6362771926172329 5.292344172794489 0.027894781319505145 0.9995137084066245 -0.01393656637677429 -0.48976046431736125 -0.6357914026861022 0.028498877130162727 0.7713346266522452 13.927989425899833
0.7407713998240983 -0.015829785548280673 0.6715706597910165 5.953418623468883 0.032734237776328855 0.9993852886630026 -0.012550477328367721 -0.5146951936554154 -0.6709591663282115 0.031280388320200754 0.7408342152105888 14.655761254712312
0.7085663594874261 -0.01503511626406734 0.7054839895289344 6.6413031141550585 0.0325216151704506 0.9994064192405211 -0.011364582154435891 -0.5572712973117381 -0.7048943599926452 0.03099603942063862 0.7086347343948032 15.344348470610912
0.6744527967333651 -0.013584135418489254 0.7381929939002906 7.287871349868607 0.03359486289890426 0.9993597937221901 -0.012303978151208313 -0.5904905172314923 -0.7375532592059681 0.03309794489804059 0.6744773649857942 15.960458863368324
0.63919673335266 -0.014939645552478585 0.7688981356864217 8.052405633896964 0.037997624806367716 0.9992036757026684 -0.012173535696379913 -0.6227579510690805 -0.7681039751103773 0.036997587124606296 0.6392553965095595 16.587292096591597
0.602544656445534 -0.013313351057036708 0.7979741171695769 8.820137633550242 0.03811053249553147 0.9992001913348549 -0.012106401170307932 -0.657170848783033 -0.7971747137872854 0.0377058658569392 0.6025701149062557 17.17235179597145
0.564467034488014 -0.012529774593590037 0.8253605101559809 9.594812997860657 0.04118041108831536 0.9990671957303595 -0.01299662102520506 -0.6934476933474619 -0.8244277656161906 0.04132484923274705 0.5644564784967803 17.702025845012844
0.5258611330529188 -0.010904112303850078 0.8505005403167982 10.428987929707137 0.04572634674551797 0.9988342640813715 -0.015466548106591723 -0.7211091168324948 -0.8493404323106308 0.04702353912552609 0.5257467230620663 18.20773801403602
0.4868214730086027 -0.010350383789227518 0.8734401656514029 11.296440340384132 0.04721108339522155 0.9987800072635118 -0.014477938228519617 -0.7562102966330717 -0.8722247227764093 0.048284227715839984 0.48671620717981146 18.698590778187416
0.4486034284060204 -0.012212473289760222 0.8936474805640711 12.224614929036344 0.05164896212924395 0.998589789749164 -0.012280737750332388 -0.7992731643977763 -0.8922372715445913 0.051665145938702306 0.44860156482316926 19.161700904870845
0.4113019033163151 -0.013420447476953107 0.9114003708129017 13.358129987992479 0.05395117145049684 0.9984969984652892 -0.009644436475371923 -0.885347033183609 -0.9099011020036714 0.053137892744507025 0.41140776478717267 19.732872917439952
0.376122364033734 -0.010964562979150518 0.9265051244501304 14.314469632327452 0.05533418306108347 0.9984111135193505 -0.010647844195571323 -0.9034286758237203 -0.9249162640253646 0.05527229649405659 0.37613146342952397 20.123823649961537
0.3424655440692965 -0.01196714123348985 0.9394541705990871 15.326721037655496 0.05548936414993419 0.9984310381257495 -0.007509498876370911 -0.9380833325118084 -0.9378903355891652 0.05470145919293127 0.3425922777451461 20.506871651841678
0.30993659417514396 -0.013350287850042363 0.9506634932537554 16.356460477867326 0.05721422453414242 0.9983511741962582 -0.004633086650315459 -0.9580492730182317 -0.9490341617149874 0.05582743765634965 0.3101893890877919 20.817601524026287
0.277581671031238 -0.013248933449537273 0.9606106816343213 17.34573340808007 0.057995611124260084 0.9983123613086006 -0.0029897071377925715 -0.9687284355704985 -0.9589499074497214 0.05654109143707698 0.2778815934553329 21.095627840188914
0.24509795245227273 -0.009887236563503588 0.9694479028069745 18.333708449432354 0.055505952637617775 0.9984509331583609 -0.0038501035036521193 -0.9713377374917587 -0.9679080963219051 0.05475378186331625 0.24526707982558604 21.372573866469533
0.214885901916545 -0.008454188612398628 0.9766025680144502 19.378227823737436 0.055535686756941226 0.9984502975398882 -0.0035764282382683785 -0.9907990702215406 -0.9750588888133618 0.055004818310895 0.21502240187626387 21.58558886001301
0.18503507942529795 -0.008359040329430394 0.9826963650216912 20.41859994270778 0.057572194335991055 0.998338583674445 -0.0023483582014031013 -1.0053337558457303 -0.9810440672168672 0.057010514746616475 0.18520890741784868 21.770256323084745
0.15386076871503118 -0.008569764417044294 0.988055374454416 21.504720479941184 0.059357680231678915 0.9982366069178625 -0.0005851552157698249 -1.0181264084085901 -0.9863080297999878 0.05873870739937294 0.15409813303579456 21.96634520102142
0.12296382915875526 -0.008745065338889335 0.992372621826517 22.639177939014093 0.05773537925618816 0.9983305687154245 0.001643639401247213 -1.020928992313884 -0.990730297659641 0.057092901490078174 0.12326344915944731 22.142314472806692
0.09475771550993994 -0.009352099661447498 0.9954564347992634 23.811748823412685 0.058713871948420905 0.9982676598723473 0.003789524219722725 -1.0438722869886254 -0.9937674056801029 0.05808801498510503 0.09514266089892842 22.200885121891883
0.06810571070759908 -0.009177397445593429 0.9976358992864774 24.922346214956676 0.061828856770136345 0.9980744387901832 0.0049605548236948014 -1.048534724741464 -0.9957604152804583 0.06134484501395804 0.06854199698507979 22.260891360307323
0.04307855107772263 -0.008588814590694584 0.9990347695155413 26.014125095164566 0.06556177917778537 0.9978319367840093 0.005751438508432765 -1.0530656069418125 -0.9969181970192376 0.06525073331235172 0.04354825202132684 22.312490570845572
0.019936304650340464 -0.008184541463325649 0.9997677515492907 27.219633326256996 0.0696686587947661 0.9975471662213315 0.006777104509270981 -1.0542351300335764 -0.9973709549303246 0.06951736793655398 0.020457610235472323 22.340398626241296
-0.0024359801263833525 -0.008570841550104971 0.9999603025500299 28.45772311146203 0.07477043541902502 0.9971625676906537 0.008729008181459729 -1.060525577853786 -0.9971977978255235 0.07478873091385878 -0.001788222643059001 22.408753854426042
-0.02097828874904306 -0.009052378068066374 0.9997389488523865 29.723344842422165 0.07844993732612596 0.9968609257144838 0.01067249348509411 -1.0546234615678947 -0.9966973054717709 0.07865334852995935 -0.02020227785018447 22.40474494354445
-0.03657384942039288 -0.009288016598268991 0.9992877895212394 30.917470182059557 0.08102503605939819 0.9966370441738561 0.01222888841933069 -1.0551970762861886 -0.9960408109460915 0.08141458670330212 -0.0356982913006052 22.36734759715143
-0.05146794868082538 -0.00896315325529122 0.9986344236718011 32.15356922882455 0.08297783161680719 0.9964637000605621 0.013220208840523816 -1.0292003407608277 -0.9952214475777544 0.08354493608433987 -0.05054219955544914 22.322950900827035
-0.06564673423325451 -0.01072013015200881 0.9977853401879748 33.383657671967455 0.08333701634400399 0.9963899275137317 0.016188083767378333 -1.043933315639888 -0.9943568011490583 0.08421514803587558 -0.06451636110249792 22.263328465656073
-0.07906311596898741 -0.011377937144780179 0.996804678078712 34.81064827855657 0.0819333178555608 0.9964775420839698 0.017872871830510936 -1.0999763827310753 -0.9934968319619619 0.08308459946716756 -0.07785238732965238 22.145625026661367
-0.0903706123821102 -0.008786495485938376 0.9958694442118197 36.04202818518819 0.08206837410341995 0.9964943882445496 0.016239340169537323 -1.0957821216265256 -0.9925209994703911 0.08319694522154299 -0.08933271470239812 22.060170846942874
-0.10051336542097289 -0.004957734901361805 0.9949233559608491 37.26114828319897 0.08235942606963015 0.9965141262537096 0.013286124878494216 -1.0810139133101815 -0.9915210478397479 0.0832767497051466 -0.09975467231821922 21.960723895207398
-0.10935145994699269 -0.0024762676563950597 0.9940000635341808 38.50194520461332 0.08316197622356968 0.9964681636097121 0.011631191808169308 -1.073687947428828 -0.9905182198819221 0.0839348974550031 -0.10875931716945653 21.839004338511273
-0.11700326904484082 -0.0016652880731645977 0.9931301333906117 39.76139645518281 0.08267937463355866 0.9965108607961608 0.01141163114976671 -1.0693816880033566 -0.9896839677609336 0.08344657650813511 -0.11645734337536529 21.699425383963032
-0.1225514460832906 -0.0008391784403843764 0.9924618072462235 41.0598047259176 0.08256668206494998 0.9965244114287768 0.011038135681153537 -1.0589486093393377 -0.9890216812970686 0.08329701799029351 -0.12205621949841361 21.535796842007272
-0.12823673109426514 0.0007289608958687379 0.991743318310877 42.39088633032673 0.08379616774128973 0.9964317014494051 0.010102802508086477 -1.0505662525085737 -0.988197117517619 0.08439983982600949 -0.12784022828207564 21.386230371451383
-0.13251467742223455 0.0022514925548184094 0.991178485969584 43.689571321950936 0.08283529830147786 0.9965242999972415 0.008810951725725298 -1.0471321465418768 -0.987713609110954 0.08327214598101504 -0.13224059921495446 21.213398772662583
-0.13638386585754847 0.003259071328735875 0.990650705136692 45.01107617326513 0.08327355964750391 0.9964931021617337 0.008186061795401808 -1.033491289625622 -0.9871499153610784 0.08361145733784778 -0.13617697604388712 21.02613350025267
-0.13948723277537534 0.0027070455696468526 0.9902201693547511 46.36945111870439 0.08265135638356598 0.9965386175449337 0.00891835352457275 -1.0143011869243188 -0.9867684962444965 0.08308703656958977 -0.13922815510326436 20.848295621097265
-0.14205723199827025 0.0012057505349038014 0.9898577114932416 47.722099105259815 0.0831360377107162 0.9964805765507857 0.010717266012190096 -1.0021464917144214 -0.9863610607027998 0.08381531317522622 -0.1416575137667846 20.66385548967713
-0.14400056840489328 -0.00017944634323866372 0.9895775887206003 49.120950862849114 0.08293756902662361 0.9964794570780549 0.012249541435463413 -0.9908068942150838 -0.9860959364803314 0.08383710050112056 -0.1434787253795604 20.453862733882094
-0.14578595290450136 0.000695564097135124 0.989315911186267 50.50387481415047 0.0855690910772148 0.9962610628198761 0.011909045353435508 -0.9854814425625804 -0.9856086376386656 0.08639103483346894 -0.14530038717242477 20.234187882723724
-0.14425503801712236 -0.0016523061341214055 0.989539162383742 51.99631681767862 0.08673806976571323 0.996128399748766 0.014307986136451286 -1.0357040338547745 -0.9857317034873114 0.08789471598680869 -0.1435532223309579 19.840071414829005
-0.14467848133174277 -0.00034868114504523173 0.9894786584161378 53.43562038410449 0.08875845312685647 0.9959639933636216 0.013328950510655102 -1.022122811541281 -0.9854897635379418 0.08975300744068111 -0.14406360962187792 19.621495289259876
-0.1444310411124088 -0.00046472584751080864 0.9895147590577276 54.89891323562646 0.08794152621242693 0.9960367940784017 0.013303864455433575 -1.0150373288265273 -0.9855992909548054 0.08894092911537509 -0.143817762454709 19.402552796604745
-0.14377433414875296 0.00033160756149904614 0.9896104440013294 56.37140087054115 0.08818430768633428 0.9960260175390852 0.012477991148898096 -1.016293102842668 -0.9856736116575125 0.08906212675236995 -0.14323222004975045 19.174620890623423
-0.14213738659945396 9.741710164619933e-05 0.98984693455129 57.88096411335611 0.08862064134102383 0.9959854057533148 0.012627488060198245 -1.0105766126595357 -0.9858718706094536 0.08951570832157414 -0.1415753958309982 18.946187381881202
-0.14130062673164456 -0.0012689904160537793 0.9899659198924825 59.40746327712194 0.08741423587611678 0.9960770989145722 0.013753704378242733 -1.002876129826229 -0.9860998348298411 0.08848052147932584 -0.14063539052211382 18.748081398858048
-0.1400150598835055 -0.0004786439682099258 0.9901492583978289 60.945365743888075 0.0887601959334928 0.9959677565765103 0.013032861458682946 -1.0007415035266902 -0.9861629736629067 0.08971063905638478 -0.1394080005467 18.531382728720832
-0.13960424186948894 0.0001034534524113741 0.9902073747197747 62.53367302777304 0.08813968676965633 0.996031905396007 0.01232229886615421 -0.9877141797057187 -0.9862768633949557 0.08899681303610338 -0.13905939738552298 18.340871938259525
-0.1383262545463515 -0.0008319108774421481 0.99038636664055 64.1519146359115 0.08931249800152706 0.9959147061352379 0.013310740185656054 -1.0037931843921055 -0.9863514206427165 0.09029510522644518 -0.1376868511087388 18.16102027470677
-0.13732670791163626 -0.001119034185191233 0.9905251753775088 65.78255044780379 0.08870055638701393 0.995967892873189 0.013422654818409735 -0.9847562761250124 -0.9865462921681813 0.08970342316897606 -0.13667373295912189 17.948160537522234
-0.13665813653897763 -0.002830660925576688 0.9906142241439998 67.42274949246314 0.09109425780268997 0.995723007213978 0.015411979111371822 -0.9753339778344184 -0.9864210003406616 0.09234543986292294 -0.13581579371874253 17.73710814850823
-0.13534901268319377 -0.004937179997077016 0.9907856826879169 69.13509668249011 0.09336894565672883 0.9954739586245293 0.01771546463855171 -0.9637788796138891 -0.9863888101314998 0.09490638521240508 -0.134275438160816 17.476135453995802
-0.134860756597472 -0.003931007921654964 0.9908567623560317 70.82086653036741 0.09476462853618636 0.9953571468607167 0.01684682081854312 -0.9460664402960873 -0.9863225849124394 0.0961701480190884 -0.13386209740486876 17.25781984516263
-0.13422416547709282 -0.0021844650644528988 0.990948586715961 72.50645048610785 0.09643107449660238 0.995222747824022 0.015255493601777899 -0.9278987114627617 -0.9862479005166039 0.09760589288554943 -0.133372292477133 17.04356370178487
-0.13334559506865595 -0.002687985183091089 0.9910659549250201 74.20168971221054 0.09602726357538748 0.9952561444069625 0.015619592517424449 -0.9211043997426934 -0.9864064663849328 0.09725215553314386 -0.13245490296001905 16.815350714488428
-0.13462026583383868 -0.004195545899147827 0.9908883799002969 75.97840647600195 0.09535440637387886 0.9952953163650771 0.01716887902067009 -0.9354345595089198 -0.9862985963753127 0.09679685230599898 -0.13358685628361355 16.653398881878005
-0.13479038479104655 -0.0059223572415771876 0.9908564365500105 77.75677033893805 0.09482962194468164 0.9953150531231079 0.018849080305777338 -0.9310766728801473 -0.9863259577693931 0.09650321606686497 -0.1335972841005446 16.428458614823768
-0.13427233599547472 -0.005900354841634393 0.9909269022481232 79.52370993587495 0.09617769942809465 0.9951836244294343 0.01895794820685416 -0.9136070951808641 -0.9862660847454087 0.09785059775104843 -0.13305814744210553 16.194625219092824
-0.13397855739924314 -0.006127945568033043 0.9909652841751488 81.2542064476901 0.09771716392517003 0.9950258162902144 0.019364420735310084 -0.8930479662142027 -0.9861547049178642 0.09942873427288453 -0.13271331797997132 15.955406921614303
-0.13343563508029743 -0.00509181162740455 0.9910444009957724 83.00997136407516 0.09809607353273112 0.9950083109921317 0.01831997309076655 -0.8749451052226188 -0.9861906974050096 0.09966210167830311 -0.13227007915959232 15.728557668605886
-0.13611527550522018 -0.0043549925113679664 0.9906834337034026 84.84638401611855 0.09677257680163008 0.9951496439394746 0.01767072568712394 -0.8532155263497673 -0.985955222184715 0.09827624436944517 -0.13503362410646647 15.6186757731011
-0.1365916492024295 -0.004097028702509831 0.9906189659621765 86.62505201008497 0.09553325551831005 0.9952760877109289 0.017288907452484948 -0.8363277136314701 -0.9860102020051487 0.09699857517839176 -0.13555499974227492 15.393019673377601
-0.13851949761494553 -0.0038172352923114615 0.990352350174031 88.49686991163118 0.0947078199870648 0.9953585247355886 0.01708321016349953 -0.8297096233526962 -0.9858208648703888 0.09616046979354717 -0.1375150407602146 15.16406839751621
-0.13904251490248454 -0.004185458530223746 0.9902775676478209 90.35058638660591 0.09310311078984873 0.995506511411424 0.017279944985718446 -0.796863932696846 -0.985900091191215 0.09460056910160786 -0.13802804973919747 14.911061899899993
-0.142439963691948 -0.005348627385317446 0.9897889921233364 92.13859086931947 0.09210626110196939 0.9955747982781717 0.018634851735216864 -0.8031181810136888 -0.9855086470494578 0.09382011094893625 -0.14131699604887205 14.773233255426868
-0.14311504004557407 -0.006777112572377777 0.9896828563019243 93.97123617327303 0.08910499654299403 0.9958273126035885 0.01970439199234248 -0.7832738161815763 -0.9856867580036911 0.0910056823385012 -0.14191399112940584 14.543348605629284
-0.14518623230836458 -0.0062491595559423935 0.9893846097210864 95.87856396681286 0.08843725943653444 0.9958953752663062 0.019267918064448296 -0.7624923521684739 -0.9854439654751848 0.0902958998406216 -0.14403763876333064 14.278886581929838
-0.14779466390896356 -0.005806592805695129 0.9890010216375036 97.75148980698822 0.08693462828826043 0.9960358691483341 0.018839261511657258 -0.7480178830978655 -0.9851898840956594 0.08876277851617462 -0.1467039925348661 14.030695369334728
-0.15282992194720224 -0.00498074931945268 0.9882399542084042 99.68618251074058 0.08760164922615866 0.9959825342325178 0.01856724418508574 -0.7230905131635617 -0.9843622128111527 0.08940908029942103 -0.15177961111276628 13.781036631484065
-0.1584129830028682 -0.006828370621686365 0.9873493303642772 101.59710380869778 0.08525651364900379 0.9961467183089986 0.020567996563345427 -0.7297844692785884 -0.9836852411704421 0.087436199350529 -0.15722041008273813 13.472042009452693
-0.16338888414798225 -0.008377713740721176 0.9865261711933222 103.5668471541214 0.08358689466040382 0.9962508533937486 0.02230399410998337 -0.7262215403874864 -0.9830143964245428 0.08610488386094106 -0.16207604819153887 13.174810136763684
-0.16883508803930236 -0.007651578490409313 0.9856146135246608 105.52078235985111 0.0824309973295305 0.9963571018928675 0.021855346872218247 -0.7035324147488811 -0.9821913478167176 0.08493514498869799 -0.16758931177055691 12.902078169521225
-0.174518510346501 -0.00566303201805851 0.9846376082675296 107.4358379394167 0.08251098506803513 0.996382262881406 0.020354939411143556 -0.6680781152130737 -0.9811907189173474 0.084795732697414 -0.17341988590345703 12.641211910353581
-0.17979626814616934 -0.003302345092324455 0.9836983259503912 109.38933310895418 0.08201971001088358 0.9964620128793723 0.018336413447568947 -0.6247043996009863 -0.9802785671075551 0.08397947014170085 -0.17888929387830288 12.315615936119281
-0.1853860584683804 -0.003998228332350487 0.9826576328995571 111.31974581884499 0.0804220762525387 0.9965754401117678 0.019227111516481182 -0.6215325124014898 -0.9793693373680785 0.0825918055029598 -0.18442964698489273 11.99362693403714
-0.1918636481813607 -0.003990564794505639 0.9814134785599598 113.31184426370028 0.07917302053111522 0.996669546193461 0.019530706861248793 -0.6221961317754345 -0.9782228648557134 0.08144870215750079 -0.19090871009553245 11.67391017979862
-0.1975991560361905 -0.004889843219837188 0.9802707090222939 115.29170026633808 0.07710641680983293 0.9968117818600291 0.020515165897018003 -0.6032356779267344 -0.9772457081105721 0.07963894134353665 -0.19659212853302965 11.30988975981485
-0.20378352917205045 -0.005302410054685576 0.9790016127084756 117.30022184671388 0.0760042573793163 0.9968816729145638 0.02121987434645627 -0.5699294360281959 -0.9760612819379748 0.07873255142996904 -0.2027450597349405 10.930366432614173
-0.20923602837073996 -0.005519597876527413 0.9778495888790463 119.26475022582464 0.07555509792010348 0.9969034277465761 0.021794102996236773 -0.5420958089489895 -0.9749419016587204 0.07844163299172473 -0.2081710801328298 10.529014531660021
-0.21505484944566677 -0.003915307088928019 0.97659412352333 121.2453398765755 0.07588596542983059 0.9969014594253645 0.020707497346638497 -0.5077379290462337 -0.9736491832177976 0.078563035620945 -0.2140913764104897 10.118518524638707
-0.219328708838181 -0.0022087577072692423 0.9756485221988332 123.27949511020302 0.07704117861094731 0.9968357158693635 0.01957581072267144 -0.4788359886765601 -0.9726045312857702 0.07945864935049124 -0.21846452518837745 9.571861573358749
-0.2251531189483036 -0.002115298490048458 0.9743210962204142 125.2815142820877 0.07789160372374598 0.9967579048092694 0.020163761295413047 -0.45798591822707346 -0.9712049068539524 0.0804313664718776 -0.22425838711243906 9.130299880678413
-0.22977827007580287 -0.002099334294969474 0.9732407407196279 127.26185912863873 0.07763872232841572 0.9967711807346166 0.020480284473843723 -0.4359137749153907 -0.9701413172297029 0.08026709196449294 -0.228873367938214 8.652746163075108
-0.23392800420121707 -0.0020696325688259257 0.9722517191918285 129.25301643428227 0.07728676209089298 0.9967936323295316 0.02071740700001803 -0.42991191488659264 -0.9691772001321234 0.07998856898537905 -0.23301798981136668 8.159710642941072
-0.23820111387218557 -0.0014807107502989862 0.971214722317225 131.27018972741172 0.07685303358459221 0.9968343504545611 0.02036882379222234 -0.4053177353020855 -0.9681703572093582 0.07949267418766971 -0.23733325551131124 7.649306702808411
-0.2416510441071682 -0.0023901717793526323 0.9703602732803835 133.3918189201188 0.07753265764773645 0.9967522486038651 0.021763315492303023 -0.40660626073953987 -0.9672608024105983 0.0804937387751607 -0.24068090522100394 7.0894642371043055
-0.24595799227232784 -0.0014039584433500382 0.9692794720502725 135.50114839856465 0.07880831098690257 0.9966591756286804 0.0214414960893756 -0.33710869997364257 -0.9660713825369 0.0816609853960164 -0.2450256462238074 6.5803844158675595
-0.24837152881549684 -0.000607117683004324 0.9686646556378382 137.5723493280335 0.07903450918841551 0.9966529844363969 0.02088959002396488 -0.28671049039545826 -0.9654352023990005 0.08174631503708318 -0.24749224219489951 6.028356147177452
-0.2511935111349686 -4.262754189625197e-05 0.9679368874810895 139.59732186377488 0.07869453364725322 0.9966886689453458 0.020466254420293963 -0.24110169048687285 -0.9647326004327459 0.08131233226791336 -0.2503583717062896 5.515333050559855
-0.25495088093974183 -6.535115120094608e-05 0.9669540030618193 141.68365095111793 0.07710143522043078 0.9968146077650876 0.02039623575771861 -0.19328660066117853 -0.9638752082064356 0.0797535797024921 -0.2541337237157615 4.987692039113987
-0.25851786756427697 0.0005570104003868464 0.9660063156571146 143.75153427961146 0.07523153330330747 0.9969742685569788 0.01955822671180532 -0.1462631970524586 -0.9630725458379823 0.07773028737043815 -0.25777756667029195 4.428291345015703
-0.26377213823122747 0.0014139071972198226 0.9645839828440882 145.81935784106435 0.07328279897958809 0.9971381484200508 0.01857806069400401 -0.10891286371036854 -0.9617972189950664 0.0755877889071407 -0.2631208765975934 3.9170712811873276
-0.2698907969011126 0.0004354014389572608 0.9628908391783929 147.87028122631395 0.07171525895834663 0.9972315615766679 0.019650298417522128 -0.126837260266217 -0.96021657941353 0.07435740057954786 -0.2691748457758134 3.4575413437762794
-0.27537483559652554 0.0005433348666927417 0.9613367800658673 149.9485971595343 0.07107557687787677 0.997274477202944 0.019795946329279605 -0.10413636331031205 -0.9587058789282895 0.07377887168300505 -0.2746629130434599 2.9115885368251426
-0.2803524368902255 0.0010806175662393884 0.9598965274420925 152.0428699429154 0.0701929197870729 0.9973451968999415 0.01937813800091446 -0.07478084048090508 -0.957327250808979 0.07281064816558407 -0.2796840080738079 2.3457814942833783
-0.28467905007551275 0.0011821659704835277 0.9586221575426485 154.12418952911005 0.06950099956089306 0.9973930427143196 0.019409518415155116 -0.04866842752348856 -0.9561001252526541 0.07215068141528348 -0.2840190656684334 1.7365639189744477
-0.28937071547198423 0.0006279188955278505 0.9572169005743124 156.19671087256998 0.06886336869344668 0.9974223147574088 0.020163394460332128 -0.01673891859513099 -0.9547368357193635 0.07175187622517731 -0.2886680494594862 1.1346415829843925
-0.29307208786923145 0.0007071484235171503 0.9560900853230707 158.25138587502983 0.06916055035195451 0.9973956667567869 0.020462214195905794 0.016609335723651447 -0.9535856383078471 0.07212062032381225 -0.29235773726228675 0.5086020227883161
-0.2975561734671317 0.0012590806379889957 0.9547034818976753 160.30118467107084 0.0712925586504674 0.9972363601607059 0.02090485719866293 -0.004018530908020687 -0.9520387044194514 0.07428362329190642 -0.2968235984519394 -0.1482031454895473
-0.30148293365080825 0.0020098007140658208 0.9534694548953273 162.38071155944286 0.071089845409507 0.9972617733747896 0.020376193094443946 0.014888426676818096 -0.9508176873601769 0.073925070621944 -0.30080028147690596 -0.7734286688536353
-0.30432662135771893 0.004104696046209456 0.9525589005428295 164.4743855578886 0.07132560293857997 0.9972816959524698 0.018489923840121776 0.05505660354291464 -0.9498936603106919 0.07356881396715394 -0.3037921389914866 -1.4503578787135518
-0.3081911343758339 0.005242022802870552 0.9513100156568686 166.5963366156487 0.0722802623177892 0.9972233412480154 0.01792125412508509 0.08901725823052928 -0.9485746087532645 0.07428410911546614 -0.30771428754855257 -2.103068579860399
-0.3109764282975722 0.006504526208199797 0.9503953662461178 168.70989547506198 0.07258564555695081 0.9972185562254634 0.01692557764695236 0.11986311120493051 -0.9476418021079306 0.07424851687683161 -0.31058360008092056 -2.8009332321608724
-0.31449427227441595 0.005986045927111445 0.9492404963763106 170.81499107066668 0.07300002161833664 0.9971713385720129 0.017897440437738277 0.10704969083899547 -0.9464482814978895 0.07492321926251246 -0.31404165593919786 -3.4301798373061434
-0.3184176379845285 0.006296860654516741 0.9479296162512549 172.95449879420624 0.07284189563771303 0.9971838565989994 0.017844169306822418 0.13090231052512602 -0.9451477482702154 0.07473088842134569 -0.3179796035211977 -4.132384868652056
-0.32237160502027495 0.0072457624661632775 0.9465854674581352 175.05032265652073 0.0750165199044151 0.9970213332865944 0.01791599042342117 0.15730274576039724 -0.94363608982387 0.07678515414912941 -0.3219549193353195 -4.817434892887421
-0.32553714347274454 0.007310011308845721 0.9455009952159071 177.27275953048766 0.07747239616911186 0.9968140632066482 0.01896710903823985 0.15128264104799216 -0.9423500390255324 0.07942472617590095 -0.32506632680187164 -5.686651913512843
-0.32800642557522486 0.0068234712168483294 0.9446508482089652 179.33113897285736 0.07818487522132472 0.9967392846412908 0.019948025952305503 0.1692264346728958 -0.941434495898674 0.08040048938483405 -0.3274703822312619 -6.376154481376568
-0.3308958922465983 0.006507549205213909 0.9436448274100111 181.5550877739208 0.07779175388396117 0.9967608056556504 0.02040439502548374 0.20469769628634163 -0.9404553958173589 0.08015951666546207 -0.33033028981002444 -7.140849512164924
-0.33351574275498685 0.006796244525910097 0.9427200328808831 183.76076055902763 0.07640390573428285 0.9968794704166881 0.019843503982166326 0.23955516156232143 -0.9396433858241839 0.07864561349552476 -0.33299425663932447 -7.914705647365709
-0.33645585494060093 0.008183134698812681 0.9416636841158795 185.93311562460252 0.07514656509828276 0.9970066560385551 0.018185751805958536 0.26485357808878585 -0.9386961443566919 0.07688149401071405 -0.3360636613032739 -8.635758337966076
-0.3391232523451049 0.009987600564671755 0.9406889324074347 188.10987505155458 0.07418754444750805 0.9971133922490878 0.016158318178749163 0.29048861431002243 -0.9378121496161839 0.0752670633974599 -0.33888529209718654 -9.40876601303453
-0.3431064350641555 0.010861512937795584 0.939233731162946 190.3912542615234 0.07226893628572918 0.9972743650592558 0.014867469313481818 0.29119236902425344 -0.936512239677462 0.07297854706939709 -0.34295620216281875 -10.241592532131722
-0.34758848246269936 0.01104242928125659 0.937582162594216 192.56008584553183 0.06968695104991339 0.9974694381274898 0.014087187618425928 0.2888786177350751 -0.9350539961481611 0.07023378643643105 -0.3474784015304506 -10.94966852946198
-0.3513535347467025 0.011256255617112389 0.9361751921144249 194.81377779731778 0.07002359415465337 0.9974430133113631 0.014287458066861058 0.30849640287177454 -0.9336205813298368 0.07057430060461203 -0.35124333191038337 -11.797293569681004
-0.35442834497259246 0.01055064327122039 0.9350236532872057 197.00794269207725 0.06922965222328689 0.9974881741637178 0.014986582551576531 0.3334636955524961 -0.9325169186309875 0.07004303198817083 -0.35426850006297816 -12.622494782865195
-0.3580763738004986 0.009883336697565543 0.9336399896007073 199.2646413376037 0.06859213592152276 0.9975204953382686 0.01574738930168053 0.35677545959249346 -0.9311693881435372 0.06967912912643132 -0.357866440936522 -13.45630849649158
-0.3617630322768661 0.010055744083996043 0.9322158497305036 201.4539027131197 0.06816674403948222 0.9975505152192511 0.015692819786844458 0.3955864556099701 -0.929774598214483 0.06922320128919089 -0.36156236656816665 -14.274029121867883
-0.3665385869692579 0.009635741838489087 0.9303529527774941 203.70708683785213 0.06618390146606587 0.997683258031354 0.015741913183366034 0.3781286174596774 -0.928045880034662 0.06734440676971282 -0.3663271426300889 -15.130911263173392
-0.3680857669943689 0.010242260547931927 0.9297354270086925 206.03243573477292 0.06636113991995772 0.9976786372419856 0.01528188141225616 0.38098866525312014 -0.9274206528025409 0.06732334580101278 -0.3679109944884309 -16.1551728630999
-0.3717590195995315 0.011114237581776548 0.9282627349351967 208.3041463550249 0.06665685197312918 0.9976669275369096 0.014750111324840788 0.39113097882391235 -0.9259330944681844 0.0673585586398542 -0.3716325189572811 -17.011184146900778
-0.3745037499921702 0.011817149930115046 0.9271500936791905 210.52357800642622 0.06719345946077707 0.9976356709058847 0.014425919099254371 0.40706356956475653 -0.9247875324892175 0.06770098303344278 -0.3744123350649795 -17.895467655176862
-0.37591119070226187 0.011985925284488825 0.9265781749533512 212.73285716632589 0.06828233964257886 0.9975562854662493 0.014797953227203628 0.43110904082326806 -0.9241365152388168 0.06883164186516005 -0.3758109980833493 -18.805753612894176
-0.3786317808557127 0.011447859950121984 0.9254765912915325 214.97676632856837 0.06914297905425877 0.9974792566745024 0.015949324486773546 0.44816800498495674 -0.9229611167181064 0.07002912970074993 -0.3784688864620467 -19.711136888128202
-0.3813568197076447 0.012092306598601282 0.9243488260303016 217.1563253579737 0.07166236046229224 0.9972921472533333 0.016519053235836904 0.3932803237262596 -0.9216460720664108 0.07254067237048016 -0.38119072483022864 -20.63261034351158
-0.3837446952003112 0.012527790785092053 0.9233542458686511 219.41595640170252 0.07138573871829282 0.9973182489715724 0.016136498254592558 0.4017334524249291 -0.9206758849960522 0.07210662054431481 -0.38360989306900595 -21.567464616712435
-0.38505101473962844 0.012439924994787873 0.9228114456995574 221.60395929669633 0.07092029135620981 0.9973512798981797 0.01614734527447655 0.41386420075546854 -0.9201663047090637 0.07166360827914611 -0.38491336548174115 -22.522070088171432
-0.38848697114047237 0.01392964476697565 0.9213489231831599 223.8584664818728 0.07049671969520954 0.9974044933697775 0.014645447005555406 0.4368116315554279 -0.9187535500700487 0.07064164212731287 -0.38846064489371357 -23.419473330979383
-0.39188266884484424 0.01498361024581101 0.9198931814526315 226.09460494792862 0.07000209837862421 0.9974544790098665 0.01357455434794445 0.4480596208225405 -0.917348178218953 0.06971408557212457 -0.3919340074441242 -24.340208831847463
-0.3944127396919104 0.014472660106098304 0.9188194234332311 228.31835436467463 0.06721861234890174 0.9976517433343284 0.013139907757034887 0.4561198732825162 -0.9164716301788124 0.06694431366015087 -0.39445938947623227 -25.27780177648494
-0.39775013263393055 0.014911354106843955 0.9173725979711794 230.45383566833758 0.0683095884423572 0.9975741459253411 0.013402369498045392 0.43207108176237047 -0.9149473384389545 0.06799613886116376 -0.397803837316141 -26.22843264065822
-0.39936115709646547 0.014048931231618919 0.9166860388016289 232.62755370995282 0.06963724936227518 0.9974588293706163 0.01505115317363324 0.41312673402208244 -0.9141451305475672 0.0698463402180036 -0.399324641180985 -27.281042580069126
-0.4014907439736155 0.012843851043750763 0.9157730166334226 234.80732943200437 0.07012096633565887 0.997397797840004 0.016753594959406808 0.4176351786683643 -0.913174809433367 0.07094130217494185 -0.4013466071390881 -28.250648995739827
-0.4037719870838732 0.012150376202307033 0.9147789628125932 236.84736471399444 0.06904711100599294 0.9974646339556554 0.017227897998198113 0.4388407234822461 -0.9122503378503444 0.07011898719927892 -0.40358722567256855 -29.16528400203103
-0.405832072019072 0.012814364797622312 0.9138578233924252 239.03672927583472 0.06810050093730874 0.9975460429422889 0.016254660324616935 0.4800094022154603 -0.9114069623899057 0.06883083803800824 -0.4057088422036068 -30.165491740775064
-0.4089507250767368 0.012013248877889989 0.9124773894791091 241.23518909817014 0.06653875759826039 0.9976443012906242 0.016686576629797643 0.4789024580177434 -0.9101274076724049 0.06753909944424813 -0.40878670703652875 -31.121885748435304
-0.41160952028203623 0.011097349526188897 0.9112927365268999 243.41080892641222 0.06540909172012938 0.9977069191702639 0.01739408405545734 0.5148116750500016 -0.909010040392041 0.0667664007811879 -0.4113915339347496 -32.13373767649456
-0.4146785451089694 0.01143760175798781 0.9098960849967065 245.56008562199187 0.06552655519779818 0.9977004667321193 0.017321929639077464 0.535075728122419 -0.9076056273460505 0.06680538861900974 -0.41447444464194017 -33.11751181932945
-0.4180455600552577 0.010635369905292492 0.9083638030134527 247.9372325356342 0.06510802645942955 0.9977107284178606 0.018282431196651367 0.4804040730038372 -0.9060898711544254 0.06678466371016378 -0.4177809881797834 -34.202039624155084
-0.42224443544789203 0.009883376334592233 0.9064281304138349 250.10820235336487 0.06378373948918416 0.9977860239756906 0.018833080883339286 0.5030751629338434 -0.9042351858394292 0.06576753934131437 -0.42193999509281155 -35.17704314101614
-0.42648009852789426 0.010102165263828617 0.9044405297290805 252.200037180083 0.06346765301189367 0.99780713252296 0.01878252665298102 0.5372082434588166 -0.9022674673182002 0.06541309152830473 -0.4261860449098611 -36.09487812289724
-0.4302106637050298 0.011350798536973876 0.9026571576224558 254.32529677463222 0.06389495993772744 0.9977959850550455 0.01790548247290905 0.592106375320081 -0.9004644462326284 0.06537837242241872 -0.4299877317905263 -37.076894156667606
-0.43446377617395227 0.011870250080336237 0.9006110838512373 256.52402492562004 0.06396476221196586 0.9977950710441233 0.01770608356524846 0.6121510039165527 -0.8984151247546075 0.06530002575101464 -0.4342650921373721 -38.04318058346076
-0.4383274675223614 0.011849522044903367 0.8987372363726457 258.68536929816133 0.06357483298592828 0.9978174177611109 0.017850530058240804 0.6489479285703993 -0.896564148193672 0.06496144733498617 -0.4381241131618976 -39.07304024100081
-0.4421159758551567 0.011985854651123163 0.8968778083897074 260.93040369970043 0.062248001375633376 0.9979099131035659 0.01734911105425181 0.6835679506926043 -0.894795311911267 0.06349917021438757 -0.44193801054412907 -40.161536677184806
-0.44598556688012425 0.01239381038948439 0.8949543382757826 263.2103059256546 0.0625182886451116 0.9978932513894091 0.017335582377296727 0.7198336953088424 -0.8928540405461024 0.06368243317825599 -0.4458208272220985 -41.24542990086381
-0.44846630592975645 0.012886297489234692 0.8937068399552156 265.48292998371113 0.06354124074846884 0.9978258068331628 0.017497712476000488 0.7314406072588395 -0.8915382679222825 0.0646343759524806 -0.448310064882967 -42.37899446221317
-0.45349181073184397 0.014378128683987947 0.8911444591168708 267.86724312591474 0.06553820346178997 0.9977008755917122 0.01725418008866005 0.705189686804733 -0.8888475243179533 0.06622863624654803 -0.4533914933639227 -43.43597441140026
-0.4570231970139602 0.01568795088497853 0.8893164147749495 269.9847065886024 0.0674821052421835 0.9975742492208594 0.017081649906308394 0.6910002945567381 -0.8868911787041419 0.0678196541458987 -0.4569732285903725 -44.51852532469039
-0.45965479154436806 0.01655297734572957 0.8879433943395805 272.161651504363 0.06887966863120251 0.9974790711721017 0.017061471885420218 0.7298649081665123 -0.8854225340816438 0.0690036340683084 -0.4596361981239159 -45.62134754671145
-0.4641442234116353 0.018117406890505176 0.8855743330975518 274.2455659936378 0.06942261384564861 0.9974593562352534 0.015979153469187306 0.754912678264167 -0.8830349033647809 0.06889551673598042 -0.4642227560269252 -46.61814564837874
