1.0 0.0 0.0 0.0 0.0 1.0 0.0 0.0 0.0 0.0 1.0 0.0
0.9999978994405158 -0.0019703649143712875 -0.0005646030998347775 -0.02043162040009994 0.001972189979942438 0.9999927727884192 0.0032503596127053187 -0.017385146898962544 0.0005581946247887518 -0.003251466289707746 0.9999945581780572 1.553256861259737
0.9999948123299522 -0.00245245768993403 -0.0020882443493912698 -0.016382855517803083 0.0024602460517695545 0.9999899974716125 0.0037352571650476935 -0.022704796028463134 0.0020790629015095827 -0.0037403753826816977 0.9999908435028034 3.130056022674952
0.999994537103529 -0.0010342293847745263 -0.003139447830169065 -0.04348417596259835 0.001045031827614718 0.9999935330546232 0.0034411854660012673 -0.03805023679720187 0.0031358685524040366 -0.003444447490064992 0.9999891509961046 4.622580027334756
0.9999916049127928 -0.0004276891412014087 -0.00407519152132099 -0.06484973466456243 0.00044052522450490787 0.9999949434879946 0.0031494342300111542 -0.04571053892508016 0.0040738239362450345 -0.0031512030148959703 0.9999867368510922 6.15577007368899
0.9999870827647637 -0.0007729386189251272 -0.0050236311079756525 -0.09965801126065066 0.0007901115200214579 0.9999938487406801 0.00341733881665625 -0.060912700004710614 0.005020958813172634 -0.0034212639028976225 0.999981542292608 7.66172492042205
0.9999774190961497 -0.0005835588999512655 -0.006694830603806554 -0.11246095567178206 0.0006057501471432613 0.9999943280849808 0.003313135165816347 -0.06529707254416958 0.006692859221783548 -0.003317115746853079 0.999972100800097 9.207085798692953
0.9999541094008584 -0.0024418374468104633 -0.009263720754616735 -0.10857529606688399 0.002462414494639903 0.9999945250968014 0.0022104957089070466 -0.07516690661511345 0.009258272365444322 -0.0022332053881950298 0.999954647564829 10.73989945291623
0.9999288445666329 -0.004099956019703832 -0.011202507053112605 -0.1039229762199922 0.004135105616915111 0.9999865947118867 0.003116295567168108 -0.11756074610376945 0.01118958020550818 -0.0031623973756453832 0.9999323939835447 12.275696402979822
0.9999077389119833 -0.004081935463885078 -0.01295575033696445 -0.1130260894764197 0.004127330646019651 0.9999854305277059 0.0034790622381485467 -0.15103682874688087 0.012941360270987905 -0.00353221392148911 0.9999100182812198 13.831699762126743
0.9998889403501995 -0.003951917383350948 -0.014369736057091475 -0.12468701961269583 0.0039993592053304 0.9999866420407068 0.003274273369481899 -0.166129511763933 0.014356604448895471 -0.00333137946600623 0.9998913890116023 15.335834054542723
0.9998746726963266 -0.002606733695343751 -0.015615499987360938 -0.1401529937909692 0.0026644083989186777 0.9999897021487741 0.003673761599476082 -0.1769008344382314 0.015605762663115237 -0.00371490724616012 0.9998713215388543 16.916662444160316
0.9998677328445567 -0.0007874164874972009 -0.016244900478657807 -0.16479952659248415 0.0008585807771645877 0.9999900645284526 0.004374206605804418 -0.1899444467345615 0.016241294755510182 -0.004387575601217274 0.9998584747478056 18.441215579304533
0.9998556986133501 -0.0011689995866507484 -0.0169474301997693 -0.20372974529853374 0.0012615735110436163 0.9999843378243287 0.005452755112335991 -0.2210857906494222 0.016940790497667904 -0.005473348701232508 0.9998415134766654 19.911844779356468
0.99984840768923 -0.0009865722693491944 -0.017383564550133117 -0.23400216634777374 0.0010801040128697588 0.9999849879052896 0.005371902770828004 -0.22988741853616257 0.017378003816108347 -0.005389864489502323 0.9998344634709049 21.393514412729452
0.999832031411218 -0.001477669059772736 -0.01826815421072516 -0.27124330806436625 0.0015786657382527746 0.9999835440586545 0.005515380891630966 -0.2593512420676176 0.018259703683354556 -0.005543293790039595 0.999817910979471 22.91325342567625
0.9998334998640235 -0.0005608186269556322 -0.018238915322066916 -0.3000404857646101 0.0006650836493770755 0.9999834705870349 0.0057110608863918675 -0.2677180214304989 0.018235410974178756 -0.005722240398340793 0.9998173461945069 24.373367856570187
0.9998461403757148 0.00030392878665477845 -0.017538620329971364 -0.36746990124078094 -0.00017570541769399534 0.9999732515834829 0.007311993241418596 -0.28989326552783384 0.017540373524883537 -0.007307786590274842 0.9998194494766336 25.91585754066575
0.9998292623460987 0.0003817234743523651 -0.018474318489331343 -0.3755354848945577 -0.0002708692253971048 0.9999819476586357 0.006002581669948602 -0.3033341727128851 0.018476276310957634 -0.005996552678897979 0.9998113164840906 27.370357113368176
0.9998265021461793 0.00027390780271269486 -0.01862499880944106 -0.4041818905059308 -0.0001964102887258332 0.9999913168773377 0.004162642541274957 -0.3163600666685158 0.018625977266563773 -0.004158262190334143 0.9998178743283308 28.799077249922377
0.9998223726844996 -0.0014156096428286323 -0.018794124849984276 -0.4431939536910775 0.0014856760348304085 0.9999919969938388 0.00371466216415807 -0.3204661996563345 0.01878871592890787 -0.003741924319575092 0.9998164742372119 30.205064028950385
0.9998221895118051 -0.0025122392156089455 -0.01868898108361194 -0.47330858469189263 0.0026225974803985156 0.9999792569466774 0.00588282745171475 -0.32205147201938666 0.01867381434725792 -0.0059307950979946905 0.999808038739052 31.65658546752585
0.9998116135589653 -0.004919600887499529 -0.0187759132860706 -0.4925440667300987 0.005063853557821914 0.9999579696068881 0.0076430626593500415 -0.3488589447263484 0.018737523309212 -0.007736701285272066 0.9997945032222668 33.047496831335565
0.9998021475529221 -0.004709349403645317 -0.01932583185167894 -0.4890146789073072 0.0048513229866058525 0.9999615426547857 0.007306016475536885 -0.38259087083542165 0.019290682047159773 -0.007398326814596139 0.9997865443916015 34.47978174802582
0.9998009686496412 -0.004994223297180079 -0.019315300176207882 -0.5072600510618136 0.0051020119329373195 0.9999716649334572 0.005535233007345691 -0.40254820796475826 0.01928710868625149 -0.005632678214432968 0.999798119809523 35.89914545507842
0.9998222306690722 -0.004017646619947241 -0.018421877633885333 -0.5428802439371961 0.004103089937951237 0.9999809897434382 0.004602695372812947 -0.4196252915776517 0.018403035425757934 -0.004677463775493821 0.9998197085573715 37.298583276039786
0.9998325141548223 -0.0035163591585042502 -0.01796048042551806 -0.5569721902147604 0.0035851395801512797 0.9999863579254662 0.0037987810087284028 -0.446344520431732 0.017946877528914235 -0.003862535595932568 0.99983148100354 38.643337064570225
0.9998447363812293 -0.003406878378913358 -0.01728861794538068 -0.5760714977597022 0.003488756930386393 0.9999828313576659 0.004708031965338399 -0.4569007409514196 0.01727228143097278 -0.004767616764931922 0.9998394561751162 39.99692533738945
0.9998708797089051 -0.0022469782126413496 -0.015911473817728644 -0.5941321824236828 0.0023573992821885555 0.9999732475867487 0.006924361301629691 -0.4678573193914611 0.015895489258424416 -0.006960976923039253 0.9998494277747586 41.31266998153154
0.9998961094049308 -0.0029725290987889846 -0.01410441305548151 -0.6290117206880289 0.0030808938247808603 0.9999658578858851 0.007667539095839579 -0.4744962421545549 0.014081139517922961 -0.007710196709724986 0.9998711288844049 42.6049369807567
0.9999261046190184 -0.002332481027308803 -0.011930835414716404 -0.6462353912026914 0.0024358009986105364 0.9999595978127827 0.008652723016089468 -0.49489637939518066 0.011910171070600733 -0.00868114476064309 0.9998913868769517 43.89946198941812
0.9999534277267571 -0.0029198344651726617 -0.009198746882333861 -0.6539283425272733 0.0029956121656249586 0.9999616060474401 0.008234849043993799 -0.5102041461709268 0.009174349310028303 -0.008262021406423231 0.9999237822539363 45.18095945896606
0.9999784630403702 -0.0037513449442455123 -0.005385245261669236 -0.6661992570969657 0.0037848421223531568 0.999973471030439 0.006223520341782907 -0.5152735316397804 0.005361755825092055 -0.006243768609182119 0.9999661328905229 46.45261246287474
0.9999914521679268 -0.003902018663279016 -0.001367421453831039 -0.6414395754910781 0.0039084854026075885 0.9999810384868452 0.00475882429054608 -0.557525126971064 0.0013488265042541775 -0.004764128159706689 0.999987741799838 47.62066779142782
0.999990718567557 -0.0032615910524074507 0.0028151025821508365 -0.6665236502234473 0.0032462201111334013 0.9999798927753913 0.005447577434679918 -0.5695331835715829 -0.0028328137480691695 -0.005438388430740898 0.9999811993720408 48.78810583103424
0.9999649202995303 -0.0036991257984440003 0.007514960989995364 -0.6439706858350971 0.0036576096950520854 0.9999780163120695 0.00553071278382104 -0.5983227357589811 -0.007535254585780566 -0.005503031973898255 0.9999564673411647 50.03062357612103
0.9999052927547447 -0.002420855725213028 0.01354787727306282 -0.6299877632736671 0.002357947258119446 0.9999863739488088 0.004657467277495676 -0.6101751727473468 -0.013558967725317284 -0.004625081001530601 0.9998973762441589 51.24251867652449
0.9997878026376125 -0.0008751876746819362 0.020581150200817255 -0.5974977206288707 0.000778692369831791 0.999988670194556 0.004696075033125008 -0.6184915578119095 -0.020585026967378038 -0.004679052153765666 0.9997771567382877 52.45736470668191
0.9995871338826864 -0.0002211126989139974 0.028731740033814377 -0.5816743467683823 5.7562253192405154e-05 0.999983792922678 0.0056930289443819695 -0.6300060637831421 -0.028732533177276944 -0.005689024621931465 0.9995709462244627 53.642887459611316
0.999262768258209 0.002492900067891771 0.03831064371936808 -0.5344323866622713 -0.0027403556064087677 0.9999757134978989 0.006408031329392229 -0.6425287319170797 -0.038293738706102795 -0.006508291912595309 0.9992453310935654 54.822834012929654
0.9986782498038395 0.004535491738416097 0.05119748708121072 -0.4713265588065788 -0.004855495452243428 0.9999694370532274 0.00612773395021951 -0.6471388625624462 -0.05116813004843174 -0.006368223782357897 0.9986697493131573 55.94748131136732
0.9978497224697193 0.00584550763005823 0.06528216760839912 -0.38733574046865354 -0.006276107350152447 0.9999598701849896 0.006392847264582822 -0.6531897156033174 -0.0652421784096266 -0.006788818760716231 0.9978463659783507 57.08919079260928
0.9965921776760307 0.007992074910430962 0.08209846608538388 -0.3242048183611444 -0.008678117242403818 0.9999303195157194 0.008002899119589112 -0.665494055653792 -0.08202878565524398 -0.008688086775423378 0.9965920908135428 58.20265512315035
0.995011086215398 0.007869600985319976 0.09945354538067262 -0.21778748678216384 -0.0087909521701923 0.9999223783384977 0.008829295431886772 -0.6687268877902908 -0.09937634259920743 -0.009659538198795852 0.9950030330875334 59.331239167107185
0.9929148808255379 0.0070062505166371076 0.11862104319599397 -0.0963044256076519 -0.007981834184268427 0.9999381020636643 0.007751281466427576 -0.6727116226487727 -0.1185593933784354 -0.008643176211038503 0.9929093441733351 60.43032664891629
0.9905531921246631 0.006078537562229702 0.13699425153175165 0.1006747427482823 -0.007063141682632732 0.999952594891453 0.006702238388820656 -0.6686183232351871 -0.13694701749659002 -0.007606533438701747 0.9905491684150942 61.49928569169639
0.9873998118727962 0.0031152556703637523 0.1582147486667247 0.2775763734284242 -0.004224622385069931 0.9999687916776032 0.006675944617629407 -0.6916844114388356 -0.15818901377551528 -0.0072602240283861415 0.987382157559973 62.65479775601865
0.9837293680035504 -0.0021020220884793678 0.17964440439511326 0.4864616161220382 0.0004943227174988797 0.9999594342223782 0.008993639681035063 -0.701516705957209 -0.17965602180941892 -0.008758505169312213 0.9836905013340389 63.73447504360389
0.9793797752886915 -0.007904661785447607 0.20187315838795872 0.7174706791226254 0.00585470770100498 0.9999250797622236 0.010749756287784466 -0.7165752119707761 -0.20194300719066252 -0.009346185562498369 0.9793526794072824 64.75429771645965
0.9742464102773382 -0.01364932700477992 0.22507249484118894 0.9984516169883526 0.011556868160170285 0.9998769073689243 0.010611734480472099 -0.7508495756983142 -0.225189633109628 -0.007737311075055971 0.9742842311960503 65.78395864993442
0.968111854290574 -0.018217905106968687 0.24985504900958036 1.3158871811810016 0.0165373101830936 0.9998243111485571 0.0088240698218873 -0.7249859194087933 -0.24997190832966507 -0.004410756151373326 0.9682430429784655 66.88767171714619
0.961045542842462 -0.021952513931046778 0.2755168809977799 1.6138287215326625 0.020010197865349955 0.9997511644119917 0.009859068833121898 -0.7304523879930702 -0.2756647539385968 -0.003961866854639184 0.9612456746571082 67.86165810603966
0.9531028512482174 -0.02540189574034556 0.3015786773552055 1.9390463682511832 0.022861568354092192 0.999667211734316 0.011950501066031535 -0.7298072417221194 -0.30178188089232544 -0.004495495093386772 0.9533663969791235 68.80845898001077
0.9439136556110802 -0.02966283098479825 0.3288573052387531 2.2958617700946338 0.02610804078110131 0.9995432409536248 0.015221027248393576 -0.7307356947418623 -0.32915859544830284 -0.005781515535850594 0.9442569529109167 69.78086898837236
0.9334438994147312 -0.03298908010990293 0.35720331358894714 2.664312412571113 0.02966958787805286 0.9994506234760655 0.014770470149944065 -0.7274132264496952 -0.35749433869722724 -0.0031893301500937363 0.9339098596613198 70.71657503515955
0.9220269213862479 -0.032999791051406505 0.3857166965916325 3.054343075409854 0.0311103039009703 0.9994538655419793 0.011140899621862125 -0.7336626912787109 -0.38587369077223604 0.0017275542708252922 0.9225500042415339 71.59857153993602
0.909513370272596 -0.034061664914666556 0.41427675807197356 3.5060906298969154 0.034551835505663736 0.9993829685582516 0.006312908908447557 -0.7429902286972261 -0.4142361644745339 0.008572347341176447 0.9101290649696279 72.54494892436533
0.8961494329867095 -0.036445034758590775 0.4422532681609535 3.967779300515194 0.038583026916280586 0.9992467229739076 0.004163731485611163 -0.7477953776276064 -0.4420718762730521 0.013332144139327769 0.8968805439639503 73.37063120815057
0.8812425981648814 -0.037088149081179966 0.4712069103667109 4.456560888041476 0.037781661767967246 0.9992540623652498 0.007991550575216059 -0.7552555366030462 -0.4711518112176375 0.010760485317934478 0.8819864980497504 74.24427069454326
0.864394156108752 -0.03611714209634717 0.501515996685879 4.963676268474594 0.033770064624605134 0.9993348571155674 0.013763215069838497 -0.7600967271211915 -0.5016795048836342 0.00503938494271908 0.8650388887091208 75.085311459791
0.8445735030330765 -0.035562151069406196 0.5342573643720361 5.530773918297226 0.031121227173358086 0.999365474511224 0.017323901817440604 -0.7906688850025922 -0.5345344396703191 0.001995436361504787 0.8451443374004615 76.11993604292726
0.8242343841038329 -0.029761956511842113 0.5654660962476553 6.083221237680848 0.027565608640504006 0.9995427318069179 0.012428375285711713 -0.7834908514286945 -0.5655774193523411 0.0053435228596065455 0.8246778943819186 76.91497682588098
0.8035852540314579 -0.02361689132277893 0.5947209277866767 6.671936889471082 0.025083841178505845 0.9996684994013858 0.005804499660876059 -0.7940304593423992 -0.594660861680781 0.010253474963624042 0.8039112673897795 77.65689150336893
0.7816499104131984 -0.02140799260461218 0.6233499140961518 7.26395623175364 0.024060149906327804 0.9997018449273576 0.004162983944540164 -0.7977306774556937 -0.6232531802867306 0.011743896349948565 0.7819319370386387 78.40425036669828
0.7591120484387577 -0.023786117881825178 0.6505252635457175 7.888090892722677 0.024823485412550254 0.9996630736824158 0.007585096426405303 -0.8027126934704425 -0.650486504461919 0.010390366304268497 0.7594467379619041 79.11964945349825
0.7357233845873836 -0.024001232054556718 0.6768567368588041 8.544592615400608 0.025072149937659553 0.9996520556413409 0.008194812355693961 -0.8016517600196923 -0.6768179139685863 0.010941138510449236 0.7360691562749432 79.80139921259156
0.7114816698844026 -0.02198757957346737 0.702360576743173 9.207746492499988 0.025345545905720246 0.9996629525632681 0.005620015589858403 -0.8089457776971779 -0.7022474184511063 0.0138031741635634 0.7117991540187214 80.44335256429324
0.6857208023509511 -0.019418541145758108 0.727605594730372 9.873336696805044 0.024806233040767504 0.9996868258671162 0.003301664740281953 -0.8075774865977218 -0.7274418409917696 0.015785133749847857 0.6859877531902479 81.06689986607122
0.6593905357521146 -0.016706417908704477 0.7516149392881964 10.565474874325753 0.0229276379560635 0.9997349066537161 0.0021070917970274113 -0.8012213048240668 -0.7514508931249568 0.01584335882144762 0.6595987744098376 81.66908015513918
0.6323976590626668 -0.014849891235299586 0.7745015697481569 11.32919876110856 0.023000212594430726 0.9997353847402356 0.00038822532652709835 -0.7934563627366171 -0.7743023899179636 0.017568187971243345 0.6325718676472555 82.28344926525223
0.6039013536537365 -0.008181778949153966 0.7970170723067428 12.072896787804313 0.021343706858766267 0.9997547337780598 -0.005909184875079476 -0.8006205924197866 -0.7967732432961787 0.020579863497797918 0.6039278665417753 82.85253490079685
0.5748815581211087 0.0011987948953165563 0.8182357588269076 12.85257334353967 0.01969628338369571 0.9996888890942086 -0.015302988023789783 -0.8166489403270666 -0.817999541902754 0.024913608979553005 0.5746790943948619 83.38480589680077
0.5447515866015753 0.009867272325070533 0.8385394122114532 13.77070380435337 0.018438485653933058 0.9995481072347978 -0.02374033635235383 -0.8540437903627236 -0.8383947346816154 0.028393982816718143 0.5443234797415484 83.94178272525141
0.5136861707156082 0.014701186694253908 0.8578521977155015 14.578634946658775 0.01605980054703341 0.9995132607342025 -0.02674554959000885 -0.8802265304491318 -0.8578278386843858 0.027515754146721277 0.5132000413599094 84.41798553934626
0.48351995863830033 0.01421629877351164 0.8752178851278113 15.428671128700266 0.013751914085717581 0.9996213328586439 -0.023834339782912165 -0.9157169860649182 -0.8752253049686095 0.02356030014856599 0.4831413641984239 84.82629896940755
0.4514267007669034 0.013241530464341154 0.89220995046327 16.285450577772714 0.009218269388464116 0.9997673219087049 -0.019501937159619346 -0.9382089183321286 -0.8922605882499745 0.017028326824969083 0.45119959966887346 85.24117271090851
0.4192395528926527 0.014557055372100428 0.9077589379506336 17.15256517694205 0.005381822944350893 0.9998140274156004 -0.01851881650626383 -0.9603176069019852 -0.9078596991122385 0.012649218232389443 0.4190832423349149 85.58957434208162
0.3846785107248424 0.0178114283387745 0.9228787549873763 18.02745458736089 -0.0014522349532301996 0.9998242507380362 -0.01869113826831373 -0.9808511525936787 -0.9230494755971413 0.005849842447220794 0.38463677013928976 85.95717710376107
0.34925948028444076 0.019925961343001935 0.9368141605975008 18.9251591065927 -0.006492324908692383 0.9998013334079592 -0.018845249612218826 -1.0016615394868487 -0.9370035566361116 0.0004997801757312098 0.34931945990891144 86.30136421239757
0.31354903325465033 0.019499368248767933 0.949371780907234 19.846574624555398 -0.009192159826591887 0.999804619819051 -0.017499325307146787 -1.0224347784995793 -0.9495275182651614 -0.0032398806122909607 0.3136670132972569 86.61354685148059
0.2776617972254878 0.01946203232977786 0.9604817310387048 20.791546294261515 -0.009748413650819262 0.9998003768901216 -0.017440607835257877 -1.0368693915326264 -0.9606294263621142 -0.004520582701977601 0.27779609345566747 86.89030320843707
0.2422537251289112 0.019083171478842254 0.9700252394796102 21.747134347781333 -0.009082596077128007 0.9998073409781473 -0.017400786611718465 -1.0565931051499589 -0.9701704175605776 -0.00459494205795058 0.24238037750160057 87.12397646885532
0.20741071158022528 0.017674325360902902 0.9780942771250744 22.680838244776897 -0.006758582931960371 0.9998388018965407 -0.01663405479255498 -1.0808250069047936 -0.9782306058790722 -0.0031604501462373555 0.2074967307605995 87.31688519010589
0.17147590038420357 0.016732800910461164 0.9850462065106984 23.73680940662883 0.0027475741550029307 0.9998437444717324 -0.01746245907676634 -1.1225889122037667 -0.9851844834464708 0.00570087839160329 0.1714031317154815 87.50592006661593
0.1379760852055989 0.020032099660715348 0.9902329599112124 24.700443540076186 0.004355088647871288 0.999773506363301 -0.020831926864784144 -1.1534021670569359 -0.990425985682023 0.007186860038549569 0.13785759293045785 87.63393277957849
0.10541178822080466 0.02521170274580033 0.9941090105962975 25.68122256174802 0.005210389330215726 0.999650837167089 -0.02590474076623126 -1.178129563018316 -0.9944150073018406 0.007910360029447073 0.10524361955522399 87.73095835352068
0.07701589231195316 0.02875025811637791 0.996615259259879 26.64501465923619 0.012444895640181813 0.9994785681861453 -0.02979456844926179 -1.2062703778475983 -0.9969521938909103 0.014697428170071405 0.07661793981364273 87.78193203619551
0.051932690055073505 0.027199932576089384 0.9982801006588784 27.6400076861175 0.014097433916688284 0.999509439703301 -0.027966807128415365 -1.2343018683691327 -0.9985510793447718 0.015525579275813483 0.05152376468720199 87.82839282126899
0.02909521103445789 0.024326027860921074 0.9992805977618952 28.650516995085454 0.015610031243625744 0.999570858874705 -0.02478759796869458 -1.265351729128102 -0.9994547491604778 0.01632000174614866 0.028702995027911515 87.86587469037262
0.010764350335969008 0.02173487220117778 0.9997058187748251 29.684136284804843 0.016477854066617188 0.9996241340409656 -0.02191052186071665 -1.2968534089144976 -0.9998062857810028 0.01670885912467228 0.010402160330819088 87.86985078292813
-0.006430585994932514 0.02497724396544174 0.999667337091521 30.689451669085358 0.01823207222515522 0.9995247625419141 -0.024856399737430906 -1.3256225700567492 -0.9998131020876544 0.01806616587494523 -0.006882916855553534 87.87418389761746
-0.02152155953681545 0.029285893922867488 0.999339361224325 31.699966214121638 0.021603986055968003 0.9993510989399815 -0.02882097905944089 -1.353161575557583 -0.9995349369889963 0.020969441208333224 -0.022140286217964933 87.84386740281113
-0.03586632256848077 0.033498682442153364 0.9987949965733979 32.77366200575144 0.024990977575115324 0.9991555533711638 -0.03261335933944092 -1.4056825000186925 -0.9990440720735267 0.023791142095393007 -0.03667320019500697 87.84894512080218
-0.04504668046643734 0.036722559393732604 0.9983096965423749 33.77246676909404 0.029846168675914164 0.9989274997370222 -0.03539853788661894 -1.4491463878434476 -0.9985389340402925 0.028201132968646802 -0.0460943955916675 87.80024355253782
-0.051273611481492454 0.04177140684152496 0.9978106866215278 34.77605479654614 0.033196328348317566 0.9986440589928366 -0.04010046411829507 -1.4992406014836936 -0.9981327669953711 0.031067555565119455 -0.05259074482618176 87.75172435141214
-0.05522306930446641 0.04686340001991875 0.997373668368665 35.77031352311569 0.03566852440843418 0.9983529670910803 -0.04493450196631952 -1.5440018497660293 -0.9978367446547154 0.03309342591828953 -0.05680366341946308 87.70492843337489
-0.057602953165774906 0.05102528699081845 0.9970347636236596 36.78012588481372 0.037533041079173844 0.9980976713116112 -0.04891123950267505 -1.595219367909027 -0.997633785822198 0.034604314902098615 -0.059408507608134764 87.63233462453299
-0.059629565026022346 0.05387047844073973 0.9967659136062857 37.79341696784312 0.03784173481483762 0.9979469737262175 -0.0516705016125022 -1.6600780319966293 -0.9975030416399797 0.03463826183932852 -0.0615456963218326 87.55316020992618
-0.061869555253363906 0.05736552015369172 0.9964343205802615 38.81789666266783 0.03889304042120078 0.9977272050254337 -0.05502504665087541 -1.7221587084544123 -0.9973261700865699 0.035349985143314576 -0.06396005793322601 87.4821669349608
-0.06395896485706665 0.061833052267998616 0.9960351020228332 39.8817111012421 0.039970434332970185 0.9974364830505407 -0.05935340478019965 -1.771858502901237 -0.997151751336599 0.03601577330825288 -0.06626649892187086 87.40692713965105
-0.06567895986081784 0.06281998479449591 0.995861397857162 40.924989446228906 0.042323502264324096 0.9972935504176041 -0.06011901073314046 -1.8479069750906543 -0.9969428245329234 0.03819978803434656 -0.06815996483602493 87.32141025623302
-0.06692236382423378 0.06185884520132872 0.995838782379224 41.99176474881095 0.042094655756230705 0.9973626795201758 -0.05912466031276251 -1.9100188495508357 -0.9968698195737203 0.03796272870452245 -0.06934979489778992 87.21582664832816
-0.07027865369458786 0.060891131375734965 0.9956672039163786 43.10191039008876 0.04066310852965057 0.9974804264658069 -0.05813183656395085 -1.9980167118417596 -0.9966982604778551 0.036401496361757144 -0.07257760414234493 87.17451831594158
-0.0724446440365274 0.06240875981195485 0.9954179625911694 44.16501330506491 0.040123351964508454 0.9974148110180446 -0.059613852324525866 -2.0624914422722345 -0.9965650456330251 0.03562080095354302 -0.07476140957656607 87.0944806373966
-0.07443340572705504 0.0648715034568321 0.9951137403086756 45.22536295673338 0.03846218087433493 0.9973261402409347 -0.06213880136041669 -2.1228429513041362 -0.996483983190027 0.03364904205723546 -0.0767294807382981 87.00593799259386
-0.07712713219804468 0.06762820815186446 0.9947250026721324 46.28740992853209 0.03643933046431191 0.9972215099769682 -0.06497257294095801 -2.1851639679168144 -0.9963551478635608 0.03123596487101901 -0.07937716185628241 86.92681962277302
-0.07982562656924652 0.07115326352405855 0.9942661024256553 47.334281673576186 0.0340067978783074 0.9970628876900073 -0.06862314252005597 -2.262360426582477 -0.996228591760391 0.028333921033627585 -0.08201086438984162 86.85155302789897
-0.08255507155263686 0.07550630218309855 0.9937220227465898 48.37052839510626 0.030745426010701227 0.9968440427281561 -0.07318929741981872 -2.3390143462213477 -0.9961121317102608 0.0245102592401793 -0.08461600470135489 86.791555750892
-0.08590360448124246 0.07809627882666374 0.9932379080414513 49.425872227012476 0.028228857336955154 0.9967136276856611 -0.07592809756038467 -2.422099444820863 -0.9959034603567659 0.021515473945917445 -0.08782586196731845 86.72539795306459
-0.08830715375947884 0.07666735278397234 0.9931384413121858 50.51707592556192 0.026614929280884124 0.9968592012823847 -0.07458805774398121 -2.507813426979824 -0.9957376623058272 0.019845650297832692 -0.09007029493669272 86.62292441295067
-0.09137435387714343 0.07257552137932856 0.9931684253690578 51.601727309534354 0.023533204013717494 0.9972195288677468 -0.07070643219423527 -2.5981958726525103 -0.9955385054142224 0.016911680617486307 -0.09282822467498142 86.52869024410512
-0.09586591190072302 0.06973495733230403 0.9929485196430402 52.661758579730574 0.024896094278329707 0.9973988627282971 -0.06764386977386712 -2.7066167092414433 -0.9950828666121871 0.018235798698195534 -0.09735267957643257 86.49708425700243
-0.09771518418252456 0.07071161444686694 0.992699154005126 53.72638637105701 0.02428546840340956 0.9973450325394304 -0.0686520363379661 -2.775772283696431 -0.99491806637763 0.01739981756341316 -0.09917301822652003 86.39825269684515
-0.0989227750854551 0.07350490984488019 0.992376598272092 54.78837569815676 0.025585277625179544 0.99712627293933 -0.07130630675447512 -2.855614499563306 -0.9947661424366209 0.018336413030275354 -0.10051914155497044 86.29540092188384
-0.09990542960332927 0.07634738701574396 0.992063496774094 55.88002810755204 0.025689148654513907 0.9969173638643046 -0.07413391442013477 -2.9365925633153744 -0.99466525664526 0.01807888607502657 -0.10155875689031313 86.19354276599368
-0.10051673589465238 0.07712145719986149 0.9919418665649995 56.97771534202848 0.02416848409483192 0.9968863325673828 -0.07505680726563965 -3.0217390086877027 -0.9946417798291217 0.01642926595205796 -0.10206766891936936 86.08941380318088
-0.09969016293960453 0.07595518564758336 0.992115255999179 58.04186341685827 0.021399415389723613 0.9970152376773976 -0.07418005702384166 -3.1109259566626393 -0.9947883877659879 0.013835664506032491 -0.10101800806600458 85.97578848643171
-0.10086442197940748 0.07542179434472422 0.9920372580284383 59.13333918494959 0.016849497726419454 0.9971088912364939 -0.07409422004108751 -3.199062453568634 -0.9947574894440995 0.009241858847214244 -0.10184363131743068 85.88852994054483
-0.10073047979360794 0.07650521536159752 0.9919679039480184 60.248941130222256 0.013187598280025123 0.9970541730788433 -0.07555834300504927 -3.285590368410307 -0.9948263454956117 0.005470646080636386 -0.10144266528096657 85.77685440007204
-0.10016307851163897 0.07659908068823748 0.9920181140184833 61.358945283187346 0.010208935033751448 0.9970587916035692 -0.07595751267325 -3.378003261165978 -0.9949186576542568 0.0025193101728797885 -0.10065047306249952 85.65428886466053
-0.10102021033118991 0.07644490971843107 0.9919430895382978 62.46139738032626 0.006715730616747017 0.9970732728138425 -0.07615633658846795 -3.45728226432498 -0.9948617070060168 -0.0010317065637369378 -0.10123793515595292 85.56206927134083
-0.10180451435158311 0.07136061450968258 0.9922416558250511 63.582825420625184 0.00674466555676842 0.9974504353100407 -0.07104321632877826 -3.5419662954395013 -0.9947815591094188 -0.0005401820162916203 -0.10202626063530706 85.45778260200863
-0.10214775302579526 0.06248418197008984 0.9928048970242394 64.7071771311735 0.009953363720208979 0.9980395691069205 -0.06178955451794205 -3.6248112766883622 -0.9947194414016622 0.003570084088814237 -0.10256942720501283 85.33823041064522
-0.10249552659103545 0.056847255557277196 0.9931077769126735 65.82011758686797 0.015320479387358157 0.9983375006752677 -0.055565435810415884 -3.7053624530751224 -0.9946154784338359 0.009519678621966753 -0.10319605505428298 85.22390028339905
-0.10164610698537535 0.059443783035449275 0.9930430532424827 66.93440029137379 0.023352814185231392 0.9980806840211011 -0.057354984557586884 -3.767395030811675 -0.9945464871007025 0.017360439003821514 -0.10283919560773946 85.09420310598559
-0.09879368072331851 0.06295102137648081 0.9931147856903537 68.09126501508389 0.02984718042189126 0.9977354855688758 -0.060274759705059945 -3.876883925938929 -0.9946602206130506 0.02368691082217143 -0.10044887150038284 84.93028496150141
-0.09755153163670771 0.06866199511300031 0.9928591184566089 69.2455076214603 0.03358302950235403 0.9972762488941833 -0.06566782713773073 -3.9555995037226297 -0.9946637013608048 0.026937219950269316 -0.09959170335210832 84.81193354025612
-0.09612102000054179 0.07364893392702536 0.9926412161730281 70.373269169799 0.03487688280636249 0.9968956968374096 -0.07058734074015498 -4.019982398990902 -0.9947584393006007 0.027835304174162353 -0.0983912764515491 84.67865017403149
-0.09590030569784425 0.07086316548438348 0.9928653197410984 71.53173568006785 0.031610377829846784 0.9971763999678926 -0.06811762885279916 -4.102190765439628 -0.9948888959981989 0.024852346460772015 -0.09786953302677714 84.56762048415683
-0.09468882175147386 0.06646335620632592 0.9932857843124049 72.6855627707718 0.030622624205289266 0.9974911313145918 -0.06382552651970337 -4.181081632944939 -0.9950358194166178 0.024373453397636632 -0.09648654231225184 84.44185715715258
-0.09392455680273537 0.06464001537209607 0.9934786590773378 73.85324953945126 0.02833735065313663 0.9976592858481671 -0.062232980957739326 -4.2544376299247215 -0.9951759503662512 0.02230734797371377 -0.09553643304524573 84.31669196343614
-0.09328149529841534 0.06509840369982767 0.9935093157442592 75.05985262469687 0.026537554927952723 0.997668258792207 -0.06287927780256142 -4.33402786026594 -0.9952860497431568 0.020499834981288618 -0.09479153945580987 84.2109968543551
-0.09236985082183158 0.07034377427134414 0.9932369123630146 76.21356252534709 0.027167867729327798 0.9973081487680212 -0.06810553108187468 -4.409586389590662 -0.9953540664618769 0.02069323131278996 -0.09403229528008472 84.09485061550568
-0.09083776668624433 0.07307228744646714 0.9931812226128709 77.37570694095402 0.027051181460955746 0.9971174256218368 -0.07088775001964104 -4.49709776187588 -0.9954982339135627 0.0204274405793177 -0.09255261177490648 83.9705456795385
-0.09092668590753439 0.07171314768203767 0.9932721491310461 78.56287225349728 0.027508168477871176 0.9972040857240076 -0.06947886068682396 -4.588320808166469 -0.9954775931465589 0.02100561507978983 -0.09264516003685297 83.86896080667721
-0.09021832049620881 0.06507444744022223 0.9937937265535506 79.75851238867588 0.02921203941623813 0.9976065620635478 -0.0626721954369944 -4.667969031194059 -0.9954935014353372 0.023376561297556706 -0.09190334586898397 83.75149036479908
-0.0922578388701567 0.0642497025580595 0.9936601365095661 80.98958097473505 0.028315003036691197 0.9976818269164633 -0.06188079543493408 -4.749115664736283 -0.9953324830276769 0.02242650132831408 -0.09386319975438062 83.68390556523974
-0.09260665075401198 0.0675714597581298 0.9934073213250848 82.20911427331994 0.02610884741699922 0.9975163840690973 -0.06541705893930919 -4.821031582990464 -0.9953604052415792 0.01987866544485934 -0.0941408643334607 83.59101109931991
-0.09253958823915331 0.07077580108028016 0.9931904201058189 83.3979175514304 0.025590787771208517 0.9973101249820798 -0.0686849779025755 -4.900764359463811 -0.9953800963399747 0.019060445684005764 -0.09410187681736293 83.4857821478335
-0.09244683071181159 0.07009231203075975 0.9932475277016927 84.59172090172049 0.024615142404072123 0.9973753057176474 -0.06809254224257366 -4.990300988018671 -0.9954133203126073 0.01815398961143366 -0.09392951828588836 83.36815647049855
-0.09227784857488319 0.06671503387534093 0.9934957991443162 85.79541887123995 0.024249313768871683 0.9976075659604599 -0.06473882235711081 -5.078205401484346 -0.9954379787029075 0.018117632115120703 -0.09367487369840122 83.25826757900577
-0.09157658419790238 0.06504464480494773 0.9936714363454566 86.973380509306 0.02554513825868468 0.9976894867624714 -0.06295342655472527 -5.172852942599904 -0.9954703286075328 0.019618414457715228 -0.09302656973239487 83.15355053937104
-0.09020515830059894 0.06577778809104173 0.9937486161046034 88.1913946309396 0.02705625026672961 0.9976100797659029 -0.06357741793257245 -5.252554548325626 -0.9955556181035133 0.021152100210591326 -0.09176927546413949 83.03774857794717
-0.09000471509903285 0.06431147117433511 0.9938627601109397 89.44699747395264 0.031119396736034373 0.9976072877484842 -0.061735585992993475 -5.379885556152495 -0.9954550388675161 0.025371915704291283 -0.0917906939006734 82.944952381695
-0.08934424542649033 0.06402664260701452 0.9939407401076008 90.6639991299065 0.03149197378563229 0.9976143057828398 -0.06143250348559461 -5.451207107341284 -0.9955028183768525 0.02581251506335984 -0.09114742272740206 82.84399922792365
-0.08850016445085229 0.0651717477001008 0.9939418313935111 91.90497389023577 0.03304308783544271 0.9975001443508227 -0.06246291993164485 -5.522664364911338 -0.9955279379497451 0.027314928552025587 -0.09043240259844043 82.748043848144
-0.08707875643384466 0.06373617412441755 0.994160444941317 93.1564257430692 0.033284296461808714 0.9975802070291958 -0.0610400372921673 -5.596785142858878 -0.995645240930211 0.02777464043995302 -0.08898945758601817 82.63339337126871
-0.08625936689342906 0.06331330838805753 0.9942588931481094 94.39900767917831 0.03199293772975757 0.9976399784356369 -0.06075298644809071 -5.672443485770063 -0.9957588932862036 0.026568748707847784 -0.08808137166015628 82.53171975457754
-0.08463478018415915 0.062320474794909604 0.9944612171444979 95.67397362983719 0.033879620608142834 0.9976450487443109 -0.05963663323335609 -5.75284461694692 -0.9958358927507219 0.028644635401739126 -0.08654686344446039 82.40420240759916
-0.0826411397136324 0.06334623390962998 0.9945640736907294 96.90594035257608 0.03222355227575202 0.9976258081223363 -0.06086369728325272 -5.830089252035024 -0.9960582737498666 0.027018542109484584 -0.08448617447082252 82.28899815159099
-0.0814340467948782 0.06573632308570553 0.9945085378465999 98.14872517888503 0.03309720055349064 0.997450611371497 -0.0632206705923694 -5.9138342050997865 -0.9961290435170196 0.02776713348184507 -0.08340212803082303 82.1922862840873
-0.08028188754548982 0.06474282777943838 0.9946673739412869 99.39305654814365 0.03093938873583678 0.9975693878718929 -0.06243453055441108 -5.992263764036583 -0.9962919114179271 0.025762038584298735 -0.08208985693247972 82.08828691505462
-0.07958061859970456 0.06337609151281762 0.9948117390581235 100.65086478020774 0.026740869288084883 0.9977534643849757 -0.061424345478781305 -6.0743622526060035 -0.9964696939962633 0.02171394327012232 -0.08109656968488865 81.99141140478653
-0.07965384047406898 0.06374032606922261 0.9947826076738179 101.96280459578783 0.022353044559391747 0.9978167934402725 -0.062144896230489924 -6.181850782339653 -0.996571927708511 0.01728634030561976 -0.08090473003589405 81.91261304665652
-0.07894400330287388 0.0636585716519479 0.9948444253237538 103.22739297996571 0.020419719430329115 0.9978528818467451 -0.062230709850783605 -6.25888159626888 -0.9966698949004644 0.015401702677937622 -0.08007439137275996 81.79247732888426
-0.07989914422870692 0.06146230569826323 0.9949062828878777 104.48934307970009 0.01830171475290138 0.998019454250419 -0.06018485004383718 -6.336749358320582 -0.9966349251298712 0.013399772981247707 -0.08086576590515482 81.69121604617676
-0.08115385325843372 0.06060552380493508 0.9948572875471329 105.77047408283089 0.017048830939382188 0.9980879714828127 -0.05941160278030158 -6.410804108486172 -0.9965557633494021 0.01213967321032248 -0.08203193810606701 81.59159138375084
-0.08224700866716406 0.05998860692809657 0.9948049037897483 107.05909423969854 0.015211614908504128 0.9981460684923615 -0.058932442042708914 -6.495335545308954 -0.9964958787356721 0.010285572034077336 -0.08300705193387481 81.48161328932876
-0.08241154924268468 0.06131943038096189 0.9947101406988746 108.36410933248591 0.017686737468066267 0.9980381088853807 -0.06005924183861049 -6.565980511930752 -0.9964414262108718 0.012643601949103295 -0.0833344074233231 81.3352608149348
-0.08371913986492108 0.06008660914404635 0.9946761809864798 109.56830045765811 0.017378473012796682 0.9981166338236563 -0.058831742794825816 -6.64862179921378 -0.9963378414453711 0.01236061026420813 -0.0846056795840271 81.20257889343632
-0.0867567207010993 0.05553374707380639 0.9946804885736598 110.85039128262542 0.014457023518915306 0.9984101423799472 -0.05448102480522138 -6.727827754949111 -0.996124623671238 0.009653524164579324 -0.08742164255514129 81.09158101612553
-0.09068943479920821 0.055549031946381416 0.9943287843895601 112.09835507758709 0.014121779252483715 0.9984144897905215 -0.054489282680878326 -6.805051475802812 -0.9957790928547076 0.009100089348596707 -0.09133009694127825 80.98156575465194
-0.09641081974556953 0.061926940942666014 0.9934133116792181 113.35684014921986 0.008902776978742212 0.9980763873726124 -0.06135361058081114 -6.878069578290949 -0.9953018107077143 0.0029289852711473735 -0.0967766844194784 80.87103673644613
-0.10419563170018331 0.06454784831779221 0.9924599969833259 114.66542667114182 0.009116528462493377 0.9979117632347032 -0.0639453024591965 -6.981055892205186 -0.9945150372133106 0.0023849686263893166 -0.10456649884766556 80.76305942031702
-0.11469733178319452 0.06019551592312377 0.9915750208353199 115.93070540754842 0.010752666889273904 0.9981791636815007 -0.059352652399602086 -7.075971768370091 -0.9933422885574662 0.003854485030277253 -0.11513574904679813 80.65336415826934
-0.12541562643543713 0.058003236224207146 0.9904072623084537 117.18683603980595 0.013083838343260493 0.9982993505165104 -0.05680862551163211 -7.160593859031368 -0.9920180108344883 0.005833639158557527 -0.12596124338126158 80.49063587277091
-0.13857863754138466 0.05891276692690028 0.9885976163789748 118.43407090052229 0.01311751886221194 0.9982507177598968 -0.05764924275955706 -7.245240533322752 -0.9902645565282409 0.004978994363077031 -0.13910901372326445 80.3299637122404
