1.0 0.0 0.0 0.0 0.0 1.0 0.0 0.0 0.0 0.0 1.0 0.0
0.9999984825499704 0.0011857890776368117 0.0012762452820533057 0.00267280311918559 -0.0011799775626594538 0.9999889763252086 -0.004544764131743064 -0.0022844003047801397 -0.0012816203448082187 0.0045432512944933254 0.9999888580964125 0.9847836846150545
0.9999969597187898 -0.0011312264142463284 0.0021910910471532236 -0.002850221384975864 0.0011425114097492572 0.9999860549945622 -0.005156014361034139 -0.0037159187176678834 -0.002185227872739221 0.005158502031821729 0.9999843071948339 1.948670058767467
0.9999927156882874 -0.0030736213947939054 0.0022630558732504155 -0.005429301799629406 0.003076363285424274 0.9999945370118674 -0.0012091051886095436 -0.001933133275429389 -0.00225932717862677 0.001216058363111788 0.9999967083159611 2.956055426456886
0.9999843298463968 -0.005445687294651738 0.0012979027472921247 -0.004812109105423174 0.005439831380032107 0.9999751979651991 0.0044734426360124955 0.0027896488535255268 -0.0013222315263893046 -0.004466312164386304 0.999989151820879 3.939560945915611
0.9999639338272553 -0.008474751817232111 -0.0005564407935615151 0.018448341492655614 0.008477078878120521 0.9999547282758809 0.004322098148258943 0.009637099234337932 0.0005197868933912074 -0.004326659259218534 0.9999905048755413 4.887230521867043
0.9999397715748827 -0.010904633266866666 -0.001241851877885225 0.011293517740332222 0.010906752289616949 0.999939053111374 0.001712546998422665 0.008886855603092539 0.001223101493907061 -0.0017259884252265002 0.9999977624908426 5.862793722167961
0.9999253895793574 -0.012111232720639267 -0.001591639581339873 -0.0005135838877770044 0.012108883711776467 0.9999255935156103 -0.0014772838959554132 0.007114202257039988 0.0016094128820925786 0.0014579006965810223 0.9999976421550872 6.824588061761073
0.9999306781609218 -0.01144929130501994 -0.002748199638239001 -0.004392608063582819 0.011443951591221762 0.9999326126888062 -0.001950910893838142 0.003880657016284886 0.002770350991588446 0.0019193253894840834 0.9999943206565889 7.814944882917679
0.9999329471213092 -0.011142572870571346 -0.0031534633527351822 -0.029258241517110168 0.011141262479640804 0.9999378405440645 -0.0004328029953197523 0.01169350505320398 0.003158089874082816 0.0003976404117002594 0.9999949341623937 8.757213204136654
0.9999362702627816 -0.010719049488643995 -0.0035436409266806686 -0.04927851073547909 0.010729027775746587 0.9999384970919841 0.0028089137422503243 0.009769754258002878 0.0035133140970462 -0.0028467545528452908 0.9999897762540232 9.736650694310693
0.9999266826136304 -0.010675133196577497 -0.00571584889018018 -0.021680594516192725 0.010700949440015596 0.9999325939948726 0.004505235595137966 0.009136229353030541 0.005667369617580521 -0.004566070293019738 0.999973515611137 10.674758248737607
0.999913306305742 -0.011679536340049064 -0.0060801565440930586 -0.03279228274642047 0.011711912217816032 0.999917278211804 0.005316751423569146 0.01693342828726938 0.006017556391208635 -0.005387500754461783 0.9999673813933629 11.621680329340148
0.9999063077476603 -0.011663164416906638 -0.007165634809666365 -0.03335233813765503 0.01170157369881196 0.9999172653816879 0.0053418690154664545 0.018351316546410045 0.007102738866984458 -0.005425217727550775 0.9999600582589268 12.574582345989112
0.9999109073288877 -0.01133877728369432 -0.0070434036112782625 -0.06537757720877888 0.011368874129878428 0.9999263496770615 0.004247813852538994 0.014916152435295982 0.0069947198471111745 -0.0043275109725590365 0.9999661726993783 13.483113429549599
0.9999276766715067 -0.009698881861524823 -0.00711147783227565 -0.07595799243921866 0.009721151497429666 0.9999479319147809 0.003103654767632602 -0.008567118021345677 0.007081005570311619 -0.003172562054367477 0.9999698966519565 14.483909090965152
0.9999020058494876 -0.011101234664581693 -0.008528850279670349 -0.08980825542728584 0.011120647312100622 0.9999356724609156 0.00223207157060553 -0.013036233113000199 0.008503522889427205 -0.0023266991765860104 0.9999611375295595 15.419154423474895
0.9998945503928666 -0.010655026394337453 -0.009867041460494066 -0.10954757692732212 0.010668365746592318 0.9999422459765832 0.0013002628977881528 -0.004482363291605088 0.009852617263654991 -0.001405390992713752 0.9999504741782033 16.348259289021513
0.9998984015780511 -0.009107192631886528 -0.010965653834772594 -0.13661943812268088 0.00911391456923348 0.9999583088241049 0.000563182795291816 -0.003560960436916182 0.010960067649566075 -0.0006630656090544505 0.9999397168135262 17.26555730145086
0.9998896579832591 -0.007179355275792973 -0.013004949670990537 -0.14429254824766952 0.007182748194579279 0.9999741807889813 0.0002142049930291267 0.006494355956068026 0.013003076039703888 -0.00030759263598810157 0.9999154091223297 18.18859192515935
0.999869578246934 -0.0070557784420024906 -0.014527301431293299 -0.1592855625949509 0.00707532499792199 0.9999741316251567 0.0012945488355323065 0.0004737723736751713 0.014517791583848545 -0.0013971653771729243 0.99989363517148 19.121364612037667
0.9998564076736173 -0.0066716816226684555 -0.015577313578887874 -0.18003080155465404 0.006706603755928281 0.9999751108473537 0.0021906966662691135 0.005281316502599469 0.0155623102420632 -0.0022948529687938472 0.9998762664198912 20.04469621033064
0.9998441695407944 -0.005203686220401478 -0.016868855473886935 -0.19719709736960223 0.005246847189373759 0.9999830716067936 0.002515371625391182 0.012328264287158226 0.016855480706602293 -0.00260348796080684 0.999854546731967 20.937950147965324
0.9998140766477411 -0.006050989515841269 -0.018308404160496068 -0.2152171060130264 0.006091205794688451 0.9999791550891186 0.0021416347072094844 0.017845804739118763 0.018295063514282877 -0.002252756784819318 0.999830093434818 21.841206900852015
0.9997826423173433 -0.0061486953318962536 -0.019921387167234274 -0.23072236853289826 0.006178142196365029 0.9999799112106066 0.001416945386706979 0.026146377735541695 0.01991227460519825 -0.001539714565409288 0.9998005454084851 22.720622808693246
0.9997699762173631 -0.0051702192386522084 -0.02081498228097911 -0.2438905494042124 0.005219844710863294 0.9999836608682054 0.00233049733238497 0.0031913431841582894 0.0208025930000968 -0.0024386122377392317 0.9997806285855044 23.661402224387356
0.9997481317739989 -0.0049746548573168905 -0.021884373956078243 -0.2639233426761176 0.005069079623229699 0.9999780723980348 0.004261355991240155 0.0033600268366029778 0.021862695308956296 -0.004371216325154177 0.9997514266164698 24.55471074305559
0.999720053237837 -0.005877834481383892 -0.02291868704672636 -0.27987933899441636 0.0060435997018672685 0.9999560305350426 0.007170209149295799 0.004646109520349379 0.022875534021742923 -0.0073067132426632075 0.9997116193607082 25.43599146258238
0.9996886976330157 -0.006305237773982116 -0.02414025272068304 -0.2929828419229274 0.006514510080910349 0.9999417970562079 0.008600212695461074 0.010930486352534833 0.02408462130095911 -0.008754797348597023 0.999671588342979 26.296300845528627
0.9996706219099386 -0.0059716421267342785 -0.024959711146303024 -0.3142671961091815 0.006160060485126619 0.9999530592027263 0.007478839878529538 0.016080356589684333 0.024913878562284365 -0.007630129842886988 0.9996604822506312 27.14363815730359
0.9996632550676987 -0.004082730986361952 -0.025626310213256887 -0.346019972453329 0.0042062506814953445 0.9999797866969162 0.004767982046359488 0.02250936863098219 0.025606325832838537 -0.004874167137366796 0.999660221561336 27.99365939202346
0.9996403747734464 -0.0039333460435954405 -0.026526400277932988 -0.3656017090440143 0.004019180389688091 0.9999868564099932 0.003183268171989615 0.02715878800111042 0.026513530730533377 -0.0032887377762581675 0.9996430447374903 28.820543202033253
0.9996232937770998 -0.0029068415492241578 -0.027291405431559636 -0.39782480725286334 0.0029850458406742012 0.9999915537671495 0.0028252248921427853 0.0335601778442627 0.02728296244089216 -0.002905626708614453 0.9996235277812738 29.650158676155993
0.9995882963414483 -0.0033722883744263334 -0.02849325338252106 -0.4226927707474093 0.0034445264460686463 0.9999909760707607 0.002486566831908932 0.02830151631564175 0.02848461084099926 -0.0025836888680576308 0.9995908920638833 30.507085874332617
0.9995481115488362 -0.0032826852474989315 -0.029879703424251242 -0.4713446400524238 0.0033196887968109726 0.9999937830782212 0.0011888949490670194 0.030254128751760957 0.02987561489656215 -0.0012875490178794104 0.999552794929852 31.373423595407807
0.9994934094771537 -0.0037505065922040564 -0.031604716610605446 -0.5033317174955253 0.0037850878061547757 0.9999923015116225 0.0010344214749395666 0.035830843649325206 0.031600593697501074 -0.0011535240742835135 0.9994999108855266 32.17037565031364
0.9994421206669447 -0.003329676462414032 -0.033231922776391094 -0.5357969679486663 0.0033992241042277516 0.9999921489030615 0.002036518530859956 0.04376154897362819 0.03322488092152645 -0.0021483451521915487 0.9994455922664612 32.96460959199655
0.9993242821443005 -0.004813433043548411 -0.03643912703556074 -0.5484908812639632 0.004974882900313745 0.999978201591714 0.004341299520812848 0.052077385842095654 0.03641743616602661 -0.004519646417201267 0.9993264447313285 33.7930679119689
0.9992411222347827 -0.003875669840300875 -0.03875769366540034 -0.5760136019378461 0.0041008302422150325 0.9999751655162381 0.005731626479168898 0.05537604398181147 0.03873451724620518 -0.005886215597576906 0.9992322000614483 34.5801046145762
0.9991580890877992 -0.002695302672623491 -0.04093712684007425 -0.6088304744560157 0.002935630799684525 0.9999788029651672 0.0058116858276513195 0.06212571863976319 0.040920594842026946 -0.0059269691963370515 0.9991448223125216 35.386156024166446
0.9990701754456304 -0.0005171573035708223 -0.043110521724525785 -0.6425191678962505 0.0007431382041115377 0.9999860680521777 0.005226035510297221 0.06436070190125183 0.04310721842855366 -0.005253213289850414 0.9990566407714251 36.14609752993441
0.9989586345932067 0.000981420335560082 -0.045614506308861234 -0.6695012642701154 -0.000787564523419378 0.9999905834117276 0.004267649235128782 0.07636819621372952 0.045618265133580464 -0.004227280685924842 0.9989500007428824 36.92146747489993
0.9988841476032438 0.0015149861019464772 -0.047203437205906536 -0.7065557641268309 -0.001260332131648776 0.9999844951548352 0.0054241140149543 0.0820064461607391 0.04721092278126945 -0.005358569495695565 0.998870569444861 37.64170839070137
0.9988108448356878 0.0027820731803074716 -0.0486739797781004 -0.7364717787970987 -0.002437680145607845 0.999971585493062 0.00713343689952907 0.09120383475632463 0.048692442474445895 -0.0070063025420879065 0.9987892459225627 38.37686066389622
0.9987873604824903 0.00541187815785859 -0.048933834054001216 -0.7715230276186748 -0.005045157747232097 0.9999582810964479 0.0076146208009933315 0.09543134644352143 0.04897300198809115 -0.007358508098919881 0.9987729959479444 39.100920068283884
0.9988706028958911 0.009844871863339778 -0.04648222421951655 -0.8347728906108731 -0.009567539700144735 0.9999351010438086 0.006185134161401679 0.06953138014291173 0.04654009942495981 -0.005733428163220013 0.9988999684387881 39.84347919985458
0.9989252457778918 0.011133145313038412 -0.044993404216811465 -0.858576124824816 -0.011009970841202435 0.9999349345151767 0.002984506358718061 0.07577242901941414 0.04502370364213154 -0.002485922679434591 0.9989828258277403 40.529043739465344
0.9990297470535716 0.012327785325204853 -0.04227990315802915 -0.8948576815306413 -0.012294168880886835 0.9999238672689146 0.0010550248842060986 0.08312121719636545 0.04228969039381695 -0.0005342049735112915 0.9991052480652083 41.18046495843359
0.9991176895342367 0.013235225234165824 -0.03985813935408325 -0.911937057921293 -0.013178675792104667 0.9999117441604947 0.0016811883547314624 0.09237144996248811 0.039876872547069356 -0.0011544275284271722 0.9992039343061787 41.85941989831922
0.9991575322602058 0.017651883748067337 -0.037049112375881536 -0.9318703897892903 -0.0175111910004484 0.9998381847318162 0.004118560662707815 0.10230253055198921 0.037115817617853944 -0.0034663168250039593 0.9993049588239953 42.52714564905422
0.9991817409151879 0.02220634337446008 -0.03380424434342424 -0.9503975486575016 -0.021961018830289 0.9997298541336831 0.00761133403421642 0.1045518546824038 0.03396413216365242 -0.006862730344425753 0.9993994900231787 43.17533401820699
0.9991989487654266 0.026892692837470762 -0.029635179399081776 -0.9762537456017361 -0.02665524946748567 0.9996095736620828 0.008378419835221543 0.11181363578651903 0.029848927315607458 -0.007581775191772548 0.9995256666154446 43.802570382499724
0.9992306459557768 0.03125642754112106 -0.02368864538481958 -1.0062653138139297 -0.03106118397363672 0.9994807803590974 0.008565777426811123 0.11378023669317745 0.0239440813763439 -0.007823389938921768 0.9996826874248181 44.41886746504001
0.9992099193204859 0.035381404280435964 -0.018102302690332344 -1.0282197415257632 -0.03519275285919188 0.999323943928596 0.010636034843307086 0.1222721021901981 0.018466382367424004 -0.009990561652907601 0.9997795664045748 45.04599531945668
0.9991224339292918 0.04013881714030969 -0.011968181891365224 -1.0319768667239917 -0.039997839218055345 0.9991301479514457 0.011794927401592619 0.12372365343770532 0.012431205777985304 -0.011305875158475247 0.9998588111877629 45.60948517840129
0.9990426725467477 0.04343972571562351 -0.005169976828119977 -1.0342459824063481 -0.04337807595698677 0.9989926235959453 0.01149262925356425 0.12420915402388204 0.005664005377980001 -0.011257363396523713 0.9999205922534233 46.16251867227597
0.9989215681079328 0.04640854366201823 0.0013956518044103067 -1.0260021122551701 -0.04642152909420771 0.9988560564547653 0.011472581234857542 0.12875402176941422 -0.0008616294703833191 -0.011524997128213357 0.9999332137877261 46.691135999303924
0.9986913949096473 0.05045551080801204 0.008350997696409066 -1.0173838839042817 -0.050546715429867384 0.9986600510293019 0.0110964876156413 0.12865363722380485 -0.0077799288348195 -0.011504082199578304 0.9999035597496743 47.21877746373888
0.998361716426408 0.05494531671411214 0.01596544222069449 -1.0162089211351368 -0.05508505490102153 0.9984459230248156 0.008448403498615406 0.130799480868759 -0.015476430488580635 -0.00931401987918659 0.9998368512577551 47.681262277305116
0.9981295994482087 0.05651573789691588 0.023308240502567988 -0.9859154917106203 -0.056646856640399396 0.9983817397506145 0.005003535280000627 0.1374006833812092 -0.022987743215037076 -0.006314515223140926 0.9997158048962597 48.150053495756524
0.9979003478383601 0.056998073565869174 0.030758988830251934 -0.9640374360710544 -0.0571694597347779 0.998353327648531 0.004720809966350875 0.1424044694898121 -0.03043926178003346 -0.006469372680913906 0.9995156819977373 48.59742971229807
0.9976636905596376 0.05642499886045558 0.03851467308080739 -0.9426536666201606 -0.05669075476399037 0.9983746917347213 0.005842364922650119 0.14733606599113325 -0.038122419430211746 -0.008012141236766602 0.999240955290359 48.995899570093364
0.9971961415009047 0.05748438878756943 0.0479103373128079 -0.9589713599065414 -0.05786011610850895 0.9983035944443276 0.006491554778733653 0.14213092079782735 -0.04745589889167979 -0.009245451057411851 0.998830545836043 49.36838028954917
0.9966891162320408 0.06031433103782987 0.05452510482385599 -0.8420178661536678 -0.06070967336751054 0.9981396332062309 0.005622115486280254 0.1638830596260877 -0.05408457399484249 -0.008913702619560707 0.9984965722331782 49.81723949039023
0.9958518559102277 0.06518042028964381 0.06348695843258172 -0.8482144514261317 -0.06566844480996233 0.9978256225752189 0.00562870221433829 0.1517461628772099 -0.06298203264738209 -0.009774443372497159 0.9979667949487908 50.12339666061997
0.9950264142491806 0.06900756015509847 0.07183586560944763 -0.7928300085442952 -0.06957525227920343 0.997561940508683 0.0054276255246646105 0.15585919597376743 -0.07128617830058889 -0.010398629236166626 0.9974016990627725 50.47122954099505
0.9943667011309185 0.06834718628891785 0.08101558990961252 -0.7646794390182161 -0.06905441489290061 0.9975951105438651 0.005956777885128185 0.15215031006302934 -0.08041362736385979 -0.011517705733415998 0.9966950340945944 50.74949753272717
0.9935471359501781 0.06720511483425348 0.09136498883770129 -0.7302498658944013 -0.06787509575441211 0.9976848076687227 0.004242160222469119 0.15316927515324202 -0.09086836645130067 -0.010416193505235732 0.9958084368448249 51.020330792978605
0.9924486437635637 0.06594805584273768 0.10342409497997233 -0.6974719934650305 -0.06627086957849493 0.9978016196779016 -0.00031561601084716725 0.1478793845925811 -0.10321754374704574 -0.0065407720277762815 0.99463729920213 51.299144747437886
0.990943958071384 0.06671715381540815 0.11652850873751953 -0.6580683469919808 -0.06663455537860255 0.9977668041237211 -0.004608754520672503 0.14905802001945925 -0.11657576073659115 -0.0031978079221616222 0.9931766539912111 51.56232226662391
0.9888591735596605 0.06869783639002067 0.13205355785527048 -0.6160711574315632 -0.06839676079976496 0.9976348890615373 -0.006819914902251984 0.1453702640179758 -0.13220974993927284 -0.002288100195396748 0.9912191213947049 51.85679579286063
0.9865255516434824 0.06960318204077102 0.14806327365124014 -0.5661160926356474 -0.06912877975094171 0.9975727649145429 -0.008354071516324849 0.1518489881615045 -0.14828535923909858 -0.001993928422328514 0.9889426052530946 52.121740123449726
0.9838317802827392 0.07002590143609361 0.164837499476783 -0.4990520909090858 -0.06938707083784039 0.99754325642707 -0.00963773611494618 0.1442769724394436 -0.16510742716861787 -0.001955680173065267 0.9862736500631152 52.38179407203995
0.9808169644905022 0.06886939950653166 0.18235977620968583 -0.43318105037331217 -0.06807258639102856 0.9976237097062058 -0.010632817785700764 0.13487974099560163 -0.18265871221946384 -0.001984853555730827 0.9831743768054014 52.617626162388866
0.9771377072452353 0.06766754708752658 0.20155149255384397 -0.3643076397912446 -0.0666821725582349 0.9977058709429878 -0.011682591699103937 0.14394490623577036 -0.20187963974219547 -0.002024390538300579 0.9794082462898246 52.88714480736212
0.9727238565733735 0.06802546188444526 0.2217675255496868 -0.285838517284853 -0.06681228783654754 0.9976811729147829 -0.012976725528019697 0.13933386588782423 -0.2221360327526118 -0.002194025248515117 0.9750132148879519 53.129533642012284
0.9674207998413585 0.07055085113599704 0.2431451694734906 -0.20736158379504574 -0.0689716910905035 0.9975056539928308 -0.015012530781021974 0.13173057649777992 -0.24359782811515837 -0.002246698983254416 0.9698737291427459 53.38853761530892
0.9613612936715039 0.07169005031398339 0.2657912709556709 -0.12259480074684924 -0.06958450888720043 0.9974252938113357 -0.01734299248393247 0.1315819218701591 -0.26635025652921657 -0.001822073365466691 0.9638745877423428 53.64740400451864
0.9541887070989251 0.07304970803559224 0.29015108374913295 -0.029640639876585582 -0.07066148613504941 0.9973247915746328 -0.018714018483515744 0.1261745209793673 -0.2907419227116514 -0.0026458016799976417 0.9567978543618303 53.90239844300549
0.9459145137590292 0.07586186992302443 0.3154214789005362 0.07585107660106004 -0.07345358583255197 0.9971073025084785 -0.019534533846642128 0.11625449904088314 -0.3159909862454295 -0.004690839588795228 0.9487505955916934 54.14101482821353
0.9360868639399316 0.07794850440529406 0.34302392601694975 0.17472585279301495 -0.07530833778014626 0.9969384535850272 -0.021032689421136348 0.11576747384441885 -0.34361320903000125 -0.006144137406702249 0.9390911628567443 54.38942006236991
0.9249751684662941 0.07874140132624614 0.3717804855528728 0.29132325509156376 -0.07580278171398067 0.9968680893879472 -0.022537760413274713 0.1032019077196837 -0.3723907571425121 -0.007335126256760397 0.9280470461768757 54.6305323300005
0.9125220859823414 0.07687445217315535 0.40173842385003894 0.4264470061379283 -0.07304684654738733 0.9970185519511378 -0.024862929729596726 0.09505624947664942 -0.40245198571248064 -0.006657752498679062 0.9154168851008526 54.85581234734232
0.8976057598937571 0.07436291846088332 0.4344813645756638 0.583628578595319 -0.06915515781268375 0.9972182747731698 -0.027807851523006404 0.08919835617763171 -0.43534062979861377 -0.005086139636579274 0.9002514466692867 55.13782615527057
0.8803350883738833 0.07361449909026803 0.4686054179172879 0.7460148301523079 -0.06612791241404557 0.997283803950684 -0.032436300304044534 0.08296581689165503 -0.4697203757316766 -0.002433084738098775 0.8828118988330129 55.376357868856594
0.8610442809731862 0.07558212020013728 0.5028817846267857 0.9186116282593585 -0.06539750952378903 0.997139546774787 -0.037893139298009366 0.07623508290754126 -0.5043073586132318 -0.0002595454187989785 0.8635241865082418 55.608653618927676
0.8394630949228877 0.07734978824151106 0.53788355851567 1.1020955373851136 -0.06466822319061638 0.9970036560753592 -0.04244679825069859 0.0643161707754491 -0.5395551252391692 0.0008485466164445354 0.8419498481482043 55.83425199044738
0.8152136130993344 0.08027935843874576 0.5735695159491936 1.3014624821791583 -0.06548587161253633 0.9967723596719784 -0.04643773910412216 0.05260070965407924 -0.575446231751217 0.000295977396922177 0.8178395605255993 56.06457689011181
0.7881159091043273 0.08424693022032313 0.6097341786099183 1.514714648630177 -0.06824792883098157 0.9964414378254076 -0.04946393832597347 0.03881668303701299 -0.6117315865859315 -0.002629778105931745 0.7910610281388994 56.29604698460999
0.7580149309890245 0.08865000248220674 0.6461846032347174 1.7370651561978794 -0.0717267651757495 0.9960413163029246 -0.05250683169798266 0.019868665387282446 -0.6482812935409499 -0.00654776889040277 0.7613727675504494 56.53468659537397
0.7254135328797449 0.08980251375238223 0.6824300072818317 2.0139935695821305 -0.07123288932807746 0.9959235771151909 -0.05533628126334806 0.00461265944604112 -0.684617471142025 -0.008469773895193263 0.7288533330768701 56.77952390873341
0.6888745815325954 0.08748629168709496 0.7195817949928501 2.3031509409729236 -0.06720005909969945 0.996122826093084 -0.056775588005096383 -0.013549198971446358 -0.7217589368863323 -0.009244679722309525 0.6920827789517259 57.016064716248174
0.6506423826088701 0.08578214524138308 0.754523633500528 2.631816825548401 -0.0638265754808885 0.996260942365467 -0.05822630831036883 -0.03660384007710425 -0.7566972037846018 -0.010274155676158662 0.6536847738089874 57.229117069880566
0.6077336470543704 0.08556132791414404 0.7895182540027572 2.944100499518283 -0.061866822462922216 0.9962585523912814 -0.060343956330105995 -0.057885892556199525 -0.7917274218544759 -0.012171932993439927 0.6107532509376172 57.46184498125183
0.5618114691185208 0.08545206470297721 0.8228400924875305 3.318852278271741 -0.0581738107881987 0.9962693396384819 -0.06374331835323643 -0.07736392673377185 -0.8252173537349227 -0.012056016518792163 0.564686613583526 57.67996528468197
0.5128293054521877 0.08494637573218511 0.8542775993313844 3.784920722270127 -0.05524881965557195 0.9962953953865011 -0.06590184411927752 -0.11627708584754595 -0.8567109614076927 -0.013401432073547168 0.5156226626344941 58.006419723278356
0.46439134735558074 0.08288528200509411 0.8817429934670332 4.201279449674804 -0.052782120085291255 0.9964314127221421 -0.06586719623498548 -0.14027932547011568 -0.884055837773028 -0.015952108559441774 0.4671089872095564 58.18928676396333
0.41507629620039344 0.08069555286105216 0.9062008033990108 4.657303058315588 -0.05200475796511096 0.9965344872598852 -0.0649193411139384 -0.1677821057674816 -0.9082990550922937 -0.02018027378721117 0.4178343967031912 58.36132345934838
0.36493215272029533 0.0806784886190071 0.92753194305376 5.148674788941243 -0.054408417964812536 0.9963838458218335 -0.06526067606038909 -0.18585388775530884 -0.92944297725331 -0.026649826630684062 0.36800209072104084 58.53623769407688
0.31584530317635584 0.08083874998320556 0.9453606935781648 5.612424334550508 -0.05151420293250494 0.9963552876299022 -0.06798843804768247 -0.20881139207943009 -0.9474112261091614 -0.027225673785742033 0.31885848166427655 58.65984361898181
0.26942348256416926 0.07789950312024418 0.9598659565046643 6.1069333360748 -0.0399845495672678 0.9967683602463604 -0.06967116912815954 -0.23117322890540573 -0.9621913649783487 -0.019608758894967673 0.27166757947112785 58.75145185829325
0.22623231227840446 0.07217392488979596 0.9713958335545654 6.624334439231814 -0.026284022698248297 0.9973403850797717 -0.06798019152466901 -0.25928804473180495 -0.9737186919392915 -0.01015287422037734 0.22752764252525615 58.816354195992254
0.1843517451172224 0.0708082242639145 0.9803063956992354 7.141224771881586 -0.0166900934910857 0.9974832413448728 -0.0689102605958297 -0.297878163473597 -0.9827186142795371 -0.0036576785968057196 0.1850695721500133 58.86855088879589
0.14619400201610988 0.07236463169968878 0.9866056323848361 7.68749868441149 -0.01261587558984927 0.9973761866721654 -0.07128521545447733 -0.32353430633697156 -0.9891754917392643 -0.0020254229825409547 0.14672335943579917 58.921126662238564
0.1141325534082942 0.07314059877077814 0.9907695055177845 8.23976110637628 -0.00377671831554798 0.9973109788230184 -0.07318844114911795 -0.35721106209113274 -0.993458351744686 0.0046113263303460775 0.11410187999418409 58.94949597234048
0.08558533720306571 0.07116451490143423 0.9937860745022952 8.81077797921825 0.003716631210112284 0.9974161157034687 -0.07174453838065166 -0.39800300486664825 -0.9963239115409636 0.00983381685045658 0.08509970233711828 58.96442756386527
0.06090533948164778 0.0696591484956739 0.995709868713514 9.405086578490042 0.010606010894318292 0.9974603138614481 -0.07043035428230544 -0.42264355197719683 -0.998087196669477 0.014850094352532319 0.06001185334736836 58.96642174742079
0.04121517891450255 0.06871759048330933 0.9967844309504508 9.995433101818957 0.015360758894217655 0.9974706422092295 -0.06940003614480998 -0.4542501186060998 -0.9990322097476335 0.018171700219721115 0.040055376641411455 58.97003811634346
0.025467779044095806 0.07060911677185965 0.9971788931075806 10.608457772449102 0.018379941896964788 0.9973007533066449 -0.07108716614032877 -0.48202095303126097 -0.9995066632926596 0.020138522356329826 0.02410124376206113 58.97556267416964
0.012248143086041163 0.07047448505017587 0.9974383840357541 11.222933266629356 0.019159378931749762 0.9973135395594627 -0.07070093358878521 -0.5159163107749803 -0.9997414171624048 0.019976255111725294 0.010864991570074256 58.974631541155325
0.0007352582242914352 0.0709963917866611 0.9974763013468634 11.857201944673688 0.019684453106820522 0.9972822746357694 -0.07099709151219706 -0.5632543422513686 -0.9998059720271875 0.019686976674462238 -0.000664265150511989 58.96191448002849
-0.008253111263696988 0.07386179349969277 0.9972343363600544 12.492185714505649 0.024729410323014643 0.9969783726424866 -0.0736381745307092 -0.6013886350492077 -0.9996601134483387 0.024053273044389523 -0.010054732035565506 58.94484144367795
-0.014312363796917582 0.07540577073372323 0.9970502123677616 13.149427129952677 0.028753005244338856 0.9967710251744856 -0.07497191515510365 -0.6433769149670345 -0.9994840773779061 0.027595164660827953 -0.01643429205588398 58.913471990493925
-0.01835968336688687 0.07490374048324315 0.9970217408303026 13.803837240824741 0.029480521327076663 0.9967968061297177 -0.07434397185971306 -0.6810212376242004 -0.9993967284762103 0.02802778891052576 -0.020509075060459958 58.879959367574614
-0.02230175255089506 0.07219992547794755 0.9971408138242751 14.4704155567712 0.027468079154413218 0.997056609156005 -0.07157948564984408 -0.7230015328162348 -0.9993738722123596 0.025793194825538043 -0.024219303044602736 58.87284513204782
-0.02533700215704915 0.06460080169900204 0.9975894810700141 15.298694735996918 0.023736960000613466 0.9976673677741259 -0.06400296874814701 -0.8086050621615923 -0.9993971147905236 0.022058098251962317 -0.026811326895247456 58.83158234909383
-0.026158178441818114 0.05893766574377252 0.9979188851090459 16.003410541781054 0.024688595552118577 0.9979940741019814 -0.05829495095626063 -0.8430281745995732 -0.9993529021072936 0.023112326018907423 -0.027560795266570626 58.801021445697764
-0.026775729843909968 0.05670348090395122 0.9980319511642409 16.71645686499144 0.027457097090503386 0.9980549451722982 -0.0559681537705459 -0.8745160680906595 -0.9992643134379858 0.025904472017318554 -0.028280562561860956 58.787996540021304
-0.0259577902602266 0.05850584334511992 0.997949527490886 17.41105841726913 0.03061095468230296 0.9978642924626067 -0.057704620972149914 -0.9180197430114422 -0.9991942566779716 0.029050303313008223 -0.027693271731201063 58.74538896737922
-0.025315001552570715 0.06594284424132117 0.9975022265587974 18.136601964280278 0.0319766689449482 0.9973648208907491 -0.06512224422383826 -0.9553794742805763 -0.9991679755374362 0.03024822875688603 -0.027356924488921575 58.72478030702621
-0.02243813276504314 0.07375560392755179 0.9970238919340404 18.869406502768364 0.03296515097928312 0.9967872648822463 -0.07299621489833324 -0.993563496861195 -0.9992045981774363 0.03122914436632368 -0.024797409606972076 58.69510891232792
-0.02016357868548524 0.07448215849258673 0.9970184743327878 19.62305071231248 0.033415642721518986 0.9967142866632419 -0.0737836403472514 -1.0357999356234184 -0.9992381222291824 0.03182827088721505 -0.022586196143397297 58.685201879772926
-0.017673664708978576 0.07009313088675276 0.9973838752347298 20.35932986361226 0.03289074729803273 0.9970405557045868 -0.06948617864342217 -1.0757319495241697 -0.999302677029303 0.03157662557622607 -0.01992677593810055 58.65994062982513
-0.01616164089535732 0.06355251405164676 0.9978476232979087 21.11950050443645 0.03222261710030831 0.9974927031865997 -0.06300801565433713 -1.1294895907827962 -0.9993500409319933 0.031134948967446764 -0.018168947190689178 58.661882399199925
-0.012993747701020464 0.061912090554768644 0.9979970218211175 21.87931546593624 0.03034613793643858 0.9976459547531121 -0.06149521019635593 -1.1729488766911362 -0.9994549886978525 0.029486302038225873 -0.014841952670913816 58.64612250144284
-0.008913054660221853 0.06724124693333175 0.9976969340273001 22.627251411109548 0.03801684810015827 0.9970380296863821 -0.06685721067788038 -1.215708942077538 -0.9992373475391888 0.03733339081770758 -0.011442954727644228 58.62116412152221
-0.0047469761255169995 0.07276397594661 0.997337891600487 23.364653967023482 0.03960316670106695 0.9965803571487182 -0.07252021051114466 -1.2611890695193368 -0.9992042110624391 0.03915348707043085 -0.007612427031790325 58.59336092023849
-0.001892043404440935 0.07369594899391939 0.9972789616118659 24.11994941147409 0.03391264961933866 0.9967118380486121 -0.07358970097475039 -1.2989974390216663 -0.9994230097248872 0.033681137089517046 -0.004385046955903471 58.59591806431769
0.0013833437043818675 0.07016836922053177 0.9975342030833463 24.859289856109278 0.029666556654615643 0.9970932127973869 -0.07017848965062808 -1.3469008427070912 -0.9995588936007994 0.029690485922530187 -0.0007023312822378447 58.59679317171294
0.0059050995041036725 0.06642099666346464 0.99777421343813 25.601494037081018 0.03337910868947556 0.9972224911877483 -0.06658181562857397 -1.400050133490318 -0.999425317321381 0.033697986164357936 0.0036716243713006413 58.598345720082406
0.009628108602105168 0.06748777778353143 0.997673643720524 26.35103154212573 0.03826551357044539 0.9969642320923477 -0.06780907313704683 -1.4461162447746603 -0.9992212217501871 0.03882936747303499 0.007016425422384565 58.593646185243436
0.013498998935629558 0.07194285343233106 0.9973174032712705 27.115434602950096 0.03777229279567645 0.9966596853341673 -0.07240666769404858 -1.4954550843311454 -0.9991951916040697 0.03864838249672059 0.010736461507108275 58.58806723214107
0.01753303935136996 0.0730798629470568 0.997171964188095 27.89206498646732 0.034377169622908384 0.9966915372128679 -0.07364909949869182 -1.5345970233418336 -0.9992551239497457 0.03557124231580639 0.01496275309858075 58.60136012386828
0.01849641503605237 0.07180596270780676 0.9972471039568976 28.785142854829587 0.030989925155383527 0.9968973352755043 -0.07235556274027914 -1.6558545536737226 -0.9993485413856759 0.03224293163165856 0.016213765451565165 58.673133178852304
0.02211260785935909 0.06847226840570667 0.9974079311059418 29.54460675112037 0.03466906089224046 0.9969993179583717 -0.06921283267857023 -1.707559508743312 -0.9991541866951809 0.03610967252577212 0.01967238571127461 58.689935699610174
0.0258336044376688 0.06911636337423183 0.997274061226742 30.311531001260953 0.03905263202643432 0.9967757018875563 -0.07009345232172137 -1.7570376367050737 -0.998903156874362 0.04075694346354564 0.023051133289783587 58.70735925388755
0.02881853763002018 0.07031810348759089 0.9971082469876457 31.05623963369591 0.042030322345142826 0.9965551063388944 -0.07149386011006904 -1.7986993827122109 -0.9987006277621091 0.04396912953178847 0.02576376827613369 58.73530769514326
0.03167885991714414 0.07052089348727775 0.9970071481268858 31.80221409049916 0.042090784136482894 0.9965287825961665 -0.07182444812303362 -1.8388465139724215 -0.9986114438184284 0.044240129285054955 0.028600616002381285 58.7657167919945
0.034900591337725384 0.06899130586838781 0.9970065939796244 32.57107186652658 0.04343259303369984 0.996567107959881 -0.07048126839698494 -1.8916231937997607 -0.998446572725174 0.04576241959351995 0.03178431006488147 58.80222618432599
0.03856677829347088 0.0677888612293224 0.9969539978882146 33.3561298832481 0.04549214258140547 0.9965426893537997 -0.06952073977489975 -1.9488249621191513 -0.9982199499987042 0.04803476437672951 0.03534958041981173 58.83473124277408
0.04160881018854323 0.06835479830546394 0.9967930218773171 34.15913785503658 0.04420900552296497 0.9965539609364573 -0.07018380705353937 -1.9920952409708013 -0.9981554341611154 0.04698749291542733 0.03844352694743858 58.86034146443489
0.044584469559329265 0.0696915288743711 0.9965717815979268 34.92788500620585 0.04140211676861115 0.9965777910147291 -0.07154419042299144 -2.0498807965252572 -0.9981473287051323 0.04444994105008094 0.04154651537076004 58.898416100190325
0.046713089656249096 0.06993373215724498 0.996457304836151 35.72305642910643 0.042819677982528476 0.9964891540451376 -0.07194331829905115 -2.097247034423952 -0.9979901614907032 0.04602867559429385 0.04355454730330066 58.94793972219537
0.049466621440168335 0.06972491930057045 0.9963390431935429 36.49799312233084 0.04045128719853801 0.9966019230854588 -0.0717516568892077 -2.1479181389782207 -0.9979562849780932 0.043852508832381856 0.04647806732028992 58.99317612256778
0.05214927869112307 0.07002034300583967 0.9961815117223068 37.26916993048984 0.03888710248808681 0.9966398921564016 -0.0720882696598913 -2.1950988572382775 -0.997881879779404 0.04249796380793709 0.049251163236035955 59.02643502726526
0.05481063107372397 0.0702065313025107 0.9960255205986288 38.06498092839313 0.035965220415107836 0.9967389172614567 -0.07223595875290645 -2.247441078799289 -0.9978488350656088 0.03978157587286451 0.05210689569796578 59.08099400612909
0.05836181006554353 0.07191348825213555 0.9957019379981558 38.84922935588921 0.03465911514939631 0.9966547558966435 -0.07401380469657544 -2.3019543068280828 -0.9976936628359099 0.038829727735484924 0.05567411769443509 59.12194495912047
0.061223523336863095 0.07542667659019883 0.9952700621684439 39.61006861247252 0.03378854686862639 0.996412492822721 -0.07759174084474108 -2.355996630381515 -0.9975520108198506 0.03837916889887501 0.05845532571036116 59.178289041596884
0.0647918218609258 0.07771125917523204 0.9948683229540188 40.395347754655646 0.033760577861989126 0.9962217204120916 -0.08001566822564792 -2.4087438397749734 -0.9973275506083077 0.038771690401274816 0.06192344322678667 59.230635870137135
0.06806847810159433 0.08010476393923593 0.9944596065618613 41.18646580635212 0.02762295375512126 0.9962380232577991 -0.08213874506732682 -2.464936811736886 -0.9972981774348006 0.03306097109330216 0.06559967588024074 59.28497149057099
0.07061449994142244 0.07932145063119202 0.9943448596275773 41.98125936281777 0.024240634919973057 0.9964024309446695 -0.08120706389366478 -2.5208901576369116 -0.9972090974397996 0.029837946935346235 0.06843765707550209 59.349922063950025
0.07224376151270084 0.07990610827950945 0.9941809959872093 42.96833098462766 0.026595323067608912 0.9962768270507207 -0.08200715013142286 -2.6191637584679137 -0.9970323604143577 0.03236506977238781 0.06984965672931376 59.40352537202344
0.07552034333044022 0.08080695497695463 0.9938646355367542 43.77905520893118 0.026034663935980792 0.9962114093603114 -0.08297604554377506 -2.685274210520534 -0.9968043308578637 0.032141311231723584 0.07313044574807759 59.47976298952008
0.07914514690149188 0.08161738604309751 0.9935163048573655 44.58299537791014 0.022010727733212526 0.9962566190818262 -0.08359591377755 -2.7460482165008946 -0.9966200748462757 0.028484227761011494 0.0770524184063236 59.5515199018767
0.08377576786838214 0.08010357432243286 0.9932598039278715 45.39974174037662 0.02083923322023456 0.9964049732384422 -0.0821148930736188 -2.799488475258592 -0.9962667047918725 0.02757801092300988 0.08180529467384567 59.616684376505006
0.08857689403540614 0.07953678662859923 0.992888731639068 46.213410437673524 0.021087245170338685 0.9964336978737551 -0.08170198181660053 -2.8692917750252325 -0.9958461035391797 0.028174195896791345 0.08658379035017338 59.69156873242864
0.09331610933498058 0.08312949085949062 0.9921600634413906 47.03206748945914 0.01731828006929627 0.9962220100654922 -0.08509867117947201 -2.934349719979225 -0.9954859019162571 0.02512358275629394 0.09152390220846285 59.78353104186349
0.10012891524270451 0.09178381366474844 0.9907320181973903 47.846016659999385 0.015183469167134776 0.9954792187349514 -0.09375813207877719 -2.997433247138036 -0.9948586143751131 0.02443064911142347 0.09828265761376487 59.85841841778738
0.10776188430821587 0.09637033754695598 0.9894948884817084 48.66731569460593 0.013096798991638396 0.9950667575023089 -0.09833932056920998 -3.067993320763001 -0.9940904637639953 0.023556446143826352 0.10596812586130644 59.94729113930995
0.11460878110534667 0.09877575148162693 0.9884878240083622 49.498989752499625 0.008869342509962084 0.9949030644729322 -0.1004451445606477 -3.1544152871386513 -0.9933711099367588 0.02027913266410347 0.1131485515656474 60.05810505001336
0.12219170955250036 0.0968567070667624 0.9877691857983933 50.319416277660565 0.005128264316202052 0.9951520031330171 -0.09821502718752667 -3.23260000253687 -0.9924932679981969 0.017066603543963044 0.12110261773278319 60.167062663516624
0.12961392078288136 0.09499423535349197 0.9870037116388644 51.16503630344046 0.005013044698960736 0.9953248749583289 -0.09645342229300692 -3.308741891387406 -0.9915518649683108 0.017449599960809394 0.1285317491481095 60.28865720803229
0.13760474693880342 0.09145028605575485 0.986256446772455 52.00294781865303 0.005072250622924507 0.995650476176329 -0.09302903613102548 -3.383405787011762 -0.9904742328266426 0.01780377685127546 0.13654237304333006 60.397950752465704
0.14453883693094982 0.08572046283289535 0.9857791471066745 52.838320378109785 0.0027498594147382528 0.996201896777563 -0.08702998983100517 -3.459636420632686 -0.9894953071600933 0.015289967576809806 0.14375414428687827 60.531410578563495
0.1532998757827001 0.07737272720886863 0.9851459836842814 53.68578103484492 0.0015392755427234514 0.9969100741421448 -0.07853619996350039 -3.556636837802645 -0.9881785156113302 0.013556000817547348 0.1527070925858468 60.65818379087461
0.1605153052749526 0.07449682376223993 0.9842179941566944 54.51291738920377 0.0010491618777859204 0.9971342165758762 -0.07564557748452895 -3.6284629096770993 -0.9870327937975736 0.013174876961529382 0.15997714394626994 60.806650520455555
0.1681587359045813 0.07556435520408426 0.9828594343859983 55.31246570443108 0.0008577847854611993 0.9970460101170706 -0.0768018093204336 -3.700832948294276 -0.9857595567602859 0.013757977039572114 0.16759717874577573 60.941419327957796
