1.0 0.0 0.0 0.0 0.0 1.0 0.0 0.0 0.0 0.0 1.0 0.0
0.9999998170143041 -0.0005029015529977744 -0.00033624602047535866 0.005387798920620917 0.000503389834928971 0.9999988167457977 0.0014536525301992065 -0.007982470864556309 0.0003355145784958856 -0.0014538215270303292 0.9999988869158482 1.3582037173591608
0.9999991110361346 -0.0011985895837426013 -0.0005842173827753544 0.0030879763120008085 0.0011994743503405182 0.9999981308075536 0.0015164572799073143 -0.029028964111751425 0.000582398680860748 -0.001517156685597251 0.9999986795228121 2.745776107088466
0.9999985376265085 -0.0017006561245823454 -0.00018031525265665228 -0.01115117297224764 0.0017006471910348123 0.9999985526641788 -4.968580440604945e-05 -0.02699842427667716 0.00018039949014749595 4.9379079118914914e-05 0.9999999825088651 4.115367706675379
0.9999980316525053 -0.0019821239400383737 -8.874571160105516e-05 -0.020784838164778652 0.001982136982560003 0.9999980247425203 0.00014711913587974322 -0.04301418283182769 8.845392794415953e-05 -0.00014729475245516875 0.9999999852400792 5.40233393572417
0.9999969095662908 -0.0024305407720519832 -0.0005228091648581889 -0.017157336981275195 0.002431188583967616 0.9999962733070327 0.001242052380351574 -0.057308177766674066 0.0005197883575574823 -0.001243319589544226 0.9999990919878186 6.735112204672638
0.999992320408334 -0.003919067649310293 -5.754665311397048e-06 -0.026309964428622507 0.00391907145791354 0.9999904592182957 0.0019293395994064279 -0.06434071766106472 -1.806602001175481e-06 -0.001929347335810691 0.9999981388060649 8.081779149785046
0.9999948711270509 -0.0031838813175102264 -0.00034730296418559016 -0.03579723443949691 0.0031847346683426237 0.999991841483028 0.0024848405330958716 -0.0797558011277038 0.0003393886933581463 -0.0024859338564549383 0.9999968524691346 9.436389366054959
0.9999963300854531 -0.0025142552940898262 -0.0010091263259797163 -0.03411969990464808 0.002515119792701989 0.9999964704316345 0.0008563274499432584 -0.10195908508940103 0.0010069697383748649 -0.0008588623808905012 0.9999991241832948 10.750467790523953
0.9999991094551721 0.0004998691408980005 -0.0012374246258257632 -0.03635140578108378 -0.0005012952999375181 0.999999210245887 -0.0011524802056846633 -0.12035432790961076 0.0012368475592742579 0.0011530994944983304 0.9999985702838134 12.117630104706674
0.9999918414110431 0.0038445696500339823 -0.0012395142424449666 -0.05642978909081045 -0.0038467954979437475 0.99999098394359 -0.0017983870350179606 -0.1446774486597575 0.0012325890427007911 0.001803140520524831 0.9999976147014127 13.445924590301289
0.9999843204330618 0.005599593728473985 5.8635343979486e-05 -0.11562737703207117 -0.00559949188221471 0.9999830219566597 -0.0016129132300313127 -0.17331566987229813 -6.766600727353071e-05 0.001612559612117733 0.9999986975355563 14.96584550578067
0.9999778454825167 0.0066527207854677976 0.00022327179558166466 -0.11538889594515733 -0.006652436899914358 0.9999770922683164 -0.0012490083648932766 -0.18681034416443829 -0.0002315759848416276 0.0012474953921839823 0.9999991950635809 16.345324836438678
0.9999847409895948 0.005318498968982248 0.0014937726366498817 -0.1372668196722849 -0.005319927361575402 0.9999853941252231 0.0009538915502733522 -0.191495960418175 -0.001488677547567156 -0.0009618237567539474 0.9999984293658767 17.69614815249662
0.9999973759348129 0.0014917407693397818 0.0017386296229275164 -0.13794096494144292 -0.001496177375842168 0.9999956210912185 0.0025532825241409993 -0.20643900150786126 -0.0017348131739900888 -0.0025558771224680078 0.9999952289463117 19.04915845724544
0.9999977623595344 -7.52790269650852e-05 0.0021141449789925542 -0.14633212373863608 7.494940559763752e-05 0.9999999850246706 0.00015599117052958277 -0.22274570089869442 -0.002114156690196069 -0.0001558323675679046 0.9999977530263569 20.420070728467376
0.9999970738541324 -0.0005873054170942919 0.0023467755580679796 -0.15506195209880777 0.0005923407921636552 0.9999975228960377 -0.0021455382015837204 -0.23813820405556974 -0.002345509658652573 0.002146922014319074 0.9999949446423745 21.78250674837762
0.9999932085046485 0.0019040417732615255 0.0031555616781211624 -0.1676832641205943 -0.0018921212987607538 0.9999910796866966 -0.003776297661122522 -0.2560618527925612 -0.0031627237580173924 0.0037703013089537838 0.9999878909299202 23.114413801671038
0.9999841536160863 0.004191906231623226 0.003757717241189539 -0.18468033221403105 -0.004185846450224048 0.9999899286490946 -0.0016190397999410785 -0.27703671354296405 -0.003764466258927219 0.0016032849166398582 0.9999916291005948 24.52725607495553
0.9999918137859937 0.0025627062523568694 0.003131277321268514 -0.18941850422236065 -0.0025712017260004104 0.9999930167069894 0.002712094935487357 -0.35986794681924555 -0.0031243051519933233 -0.002720123879350841 0.999991419784889 25.907787502698525
0.9999932123271138 0.0005669779126741133 0.0036405817868190764 -0.2016061990638135 -0.0005841902458612224 0.9999886495346056 0.004728585804697793 -0.3696665701062013 -0.003637859460812042 -0.004730680500973256 0.9999821931617288 27.238477926848066
0.999989295602038 -0.0019532237397971025 0.0041944723580143945 -0.20773391705101876 0.001943576571784187 0.9999954597603219 0.002302817589828691 -0.36843773672031244 -0.004198951232089442 -0.0022946406613467427 0.9999885516508605 28.619428007330455
0.9999851655849061 -0.001578144602033338 0.0052132590327934455 -0.2637232845946072 0.0015780181945026406 0.9999987545263525 2.8360564701758637e-05 -0.37299446137762854 -0.005213297296888798 -2.013352638296626e-05 0.9999864104706301 29.881428345178385
0.9999804375629127 -0.001326694839541886 0.006112640369631473 -0.2743211717774346 0.001343645751076784 0.9999952613455177 -0.0027698199589801017 -0.3929794178256906 -0.006108936698094748 0.002777978997811927 0.9999774816090142 31.25927730182544
0.9999724420477677 0.0030375068585234487 0.006774119655592815 -0.2794017170139543 -0.0030134283173937643 0.999989116111138 -0.0035618687568242163 -0.42353130621506296 -0.00678486512760536 0.003541357275019581 0.9999707117680252 32.6017021590462
0.9999584586678217 0.004519844947099392 0.007915297867315029 -0.2965966785631417 -0.004474699686657308 0.9999736747288198 -0.005711997203660266 -0.45010275494105517 -0.00794090683665101 0.005676341338800353 0.999952359438997 33.9580864134955
0.9999451214811944 0.005767120225614971 0.008746104862319947 -0.32600411787234684 -0.005723300308185116 0.9999709861267703 -0.00502700091874479 -0.4814668515633972 -0.008774842422614896 0.004976668459726399 0.9999491161611676 35.28975814033502
0.9999465500518833 0.005571278333580502 0.008709643911568726 -0.3203490788801198 -0.0055408164336782405 0.9999784622777743 -0.0035177171327612456 -0.5052446371099576 -0.00872905450692289 0.0034692705728463042 0.999955882911395 36.66890177013371
0.9999284166652949 0.007242277471134623 0.009524230271658355 -0.36097744289462985 -0.007219119393399774 0.9999709070064301 -0.0024636265791039705 -0.5155125872595394 -0.009541795450559437 0.0023946936690366362 0.9999516086200427 38.00652593229334
0.9999603486703988 0.004662927164085377 0.007586711885708591 -0.35723879532110425 -0.004651440388154802 0.9999880099892359 -0.0015310062322935658 -0.5396523143849404 -0.007593759891500363 0.0014956563877823487 0.9999700484627927 39.46210808652313
0.9999487919523212 0.0062508218915935405 0.00795868700056622 -0.3679331533999437 -0.0062353177994936395 0.9999786169749327 -0.0019713966724354006 -0.5436335033703835 -0.007970839669239657 0.0019216707783453757 0.999966385883239 40.810038675314544
0.999920389342665 0.009912714234984946 0.007807244924351748 -0.3533485068300061 -0.00989776051450715 0.9999491113463492 -0.0019516799030512956 -0.5581514117590991 -0.007826194069325937 0.001874250287991971 0.99996761841184 42.25652980385651
0.9999136691552174 0.010508623414635154 0.007888160145417692 -0.35792565612085026 -0.010494740036067087 0.9999433097556559 -0.0017993627982191495 -0.5762872623655659 -0.007906621789724412 0.0017164232676196852 0.9999672690758636 43.69756019965977
0.9999182371030023 0.010439581363511814 0.007384730853495076 -0.34656522377421484 -0.010422771271826085 0.9999430105505935 -0.002311166378885711 -0.5972024983187307 -0.00740843761120671 0.0022340080506371538 0.9999700616819438 45.1815443457398
0.9999272111007115 0.009619179471800719 0.007283123412553187 -0.3474732112144747 -0.009600809760648884 0.9999506520887748 -0.0025530059095125192 -0.6237445073893519 -0.00730732182766175 0.002482896196675238 0.9999702186936287 46.58990087338014
0.9999400039244449 0.009257992041491905 0.005854753192124961 -0.32617445492887387 -0.009245138348738177 0.9999548013814706 -0.002218695800782095 -0.6639727456641406 -0.005875029233434978 0.0021644346844822858 0.9999803994349103 48.0663321290454
0.9999392741177152 0.009889139273109051 0.004863435141313638 -0.3308258376758467 -0.009883513374623702 0.999950461301097 -0.0011794520324755384 -0.6839228420293889 -0.004874857978479641 0.0011313125829444655 0.9999874778673628 49.49244312390125
0.9999202252682438 0.011685392202436133 0.004795279822890888 -0.35189534997522903 -0.01167227076507144 0.9999280807656162 -0.002755248006637599 -0.6828904439289917 -0.004827131103609911 0.0026990564029798813 0.9999847068329806 50.90382440492938
0.9999199443439192 0.011698075387395738 0.004822855532179695 -0.39195238577523583 -0.011687814899463179 0.999929383326759 -0.002150195954680969 -0.701646093801244 -0.004847668112542022 0.002093655176586146 0.9999860582637501 52.31728402751394
0.9999228335571335 0.011486168545858919 0.0047323211227903806 -0.43780960025575855 -0.011477787758673696 0.9999325180946158 -0.001794336960482823 -0.6913909751787853 -0.004752611833500294 0.001739881920429002 0.9999871926638176 53.654244055217944
0.9999790024543233 0.00641210618303455 0.0009378404736842033 -0.42415281201950517 -0.006412212665588611 0.999979435439233 0.00011057741255745404 -0.7683406564735646 -0.0009371121532960288 -0.00011658872326684252 0.9999995541138414 55.148159216423686
0.9999794453161738 0.0064074721684842005 0.0002307500109119862 -0.42411382404213216 -0.00640736558032013 0.9999793669422861 -0.0004597347331034553 -0.787591140879906 -0.0002336909873409395 0.0004582467837237964 0.999999867699195 56.595721695320115
0.9999934381220421 0.0035736406346151893 0.0005939743026336733 -0.46153573747391374 -0.0035731990138488214 0.9999933401467306 -0.0007429071224053657 -0.8130219654535699 -0.0005966252299323448 0.0007407798591470723 0.9999995476416653 57.99147621286325
0.9999947002043582 0.0031496059259481426 0.0008243456235267471 -0.4711637209874783 -0.0031483987647519837 0.9999939756210773 -0.0014616110188119284 -0.8228589202606679 -0.0008289441560826289 0.0014590079038293805 0.9999985920727702 59.42428054499355
0.9999972999348106 0.0016583477309670216 0.0016278838692636711 -0.4933616201636519 -0.0016568426481136161 0.9999981991802072 -0.0009254775967699754 -0.8347544629058968 -0.0016294157014108432 0.0009227779504993605 0.999998246741126 60.839952719074674
0.9999925826388603 0.0018334813042810382 0.003387183722360315 -0.5362590029405869 -0.0018306761206212485 0.9999979789545511 -0.0008310907017169594 -0.8449921521248437 -0.003388700665971828 0.0008248837008604029 0.9999939181188436 62.1049535887667
0.9999894689584407 0.0006312584947687358 0.004545710607656705 -0.5630166703661562 -0.0006260042403877038 0.9999991345019844 -0.0011572009216488817 -0.864897601299701 -0.00454643716626514 0.001154343101001915 0.9999889986400342 63.47119065878621
0.9999901297719662 -0.0031431455355914917 0.0031402220921690023 -0.5209593622922938 0.003147627570587372 0.9999940332006738 -0.0014233775769567079 -0.8874847303830852 -0.0031357294722174664 0.001433247777530524 0.9999940564830799 64.96939210303236
0.9999860255020588 -0.002247294649826274 0.00478523430488806 -0.5546498534942874 0.0022577808170289146 0.9999950595282887 -0.0021870859143125576 -0.8929080649166721 -0.0047802956370994005 0.002197859361103516 0.9999861589981387 66.32897188092376
0.9999904804522385 -0.00104367859115311 0.00423671333696509 -0.5176783422200217 0.001054159317757893 0.9999963882136815 -0.0024723081775386087 -0.9203863147639066 -0.004234117739746194 0.0024767508131236624 0.9999879689038141 67.8360233761682
0.9999937836889884 0.0012978368502731695 0.0032784451941061652 -0.5432362720159545 -0.0012992377718452474 0.9999990655844878 0.0004252191945747154 -1.0248184927761188 -0.0032778902655359573 -0.00042947603110906105 0.9999945354779424 69.1780722524646
0.9999848307082525 0.004140453849987866 0.0036324916109667085 -0.5549636427232096 -0.004145648220110362 0.9999903934185013 0.001423612147348581 -1.035996191931533 -0.0036265623147436255 -0.0014386495845421523 0.9999923891376125 70.61323626742261
0.9999487532188792 0.00888549243884593 0.004851696623672943 -0.572291038814418 -0.008891662474562214 0.9999596850533625 0.0012516414896060243 -1.0409111099434938 -0.004840379576790418 -0.0012947169958152378 0.9999874471379395 71.98733027139941
0.999907541049446 0.012686647547711287 0.004894724348793763 -0.5758868549674152 -0.012690253889536394 0.9999192259462196 0.0007064271597602653 -1.0601972353952605 -0.0048853667896719645 -0.0007684771389519195 0.9999877712423374 73.42482328334233
0.9998541821179517 0.016079730562577974 0.005749501393748663 -0.5835149356822238 -0.016081104297695447 0.9998706720976512 0.0001927785204090756 -1.0877209047830445 -0.0057456579961274274 -0.0002852087414261427 0.9999834528981794 74.81513948116715
0.9998256602223111 0.017344629511178326 0.006914693640337513 -0.5952517369146706 -0.017351591260465024 0.9998490003082721 0.0009480840040229545 -1.1347556991713406 -0.006897205357934176 -0.001067899653006936 0.999975643777678 76.17886328905773
0.9998218393825903 0.01755191867956022 0.006944036598395493 -0.5856477777770587 -0.017556432155177798 0.9998457001551171 0.0005895517825898921 -1.1392105781789523 -0.0069326173696800915 -0.000711359255103113 0.9999757160973539 77.55488167982496
0.9998318474210307 0.01579847067228085 0.009310489088438893 -0.6636714256001994 -0.01579856357184564 0.9998751928852775 -6.357432961627065e-05 -1.1411957870701035 -0.009310331450341063 -8.352871431988757e-05 0.9999566544362004 78.92301335228203
0.9998529604700385 0.014354201245842232 0.009381596127178623 -0.6669385005048761 -0.014346575704887602 0.9998966956845671 -0.0008796161823294283 -1.1633409188134003 -0.009393253155513292 0.0007448930649081837 0.9999556049792803 80.31154496410096
0.9998634096257351 0.01341205980722978 0.009658092116291666 -0.6712347740130605 -0.013399096070028189 0.9999092399586641 -0.001405727495930923 -1.167471352137687 -0.009676069248700058 0.0012761257829667653 0.9999523714592012 81.68185266969562
0.9999072550497037 0.010856705018862661 0.008222727959761056 -0.702187253271857 -0.010857221974692601 0.9999410584622465 1.8231687467249094e-05 -1.2135902124662747 -0.00822204536347775 -0.00010750597926693814 0.9999661926347837 82.95926371654815
0.9999115533728425 0.010707163313405113 0.007889365328663259 -0.7137581333600205 -0.010705308971905246 0.999942658105791 -0.00027723661587447944 -1.2468185066620885 -0.00789188135523383 0.00019275400179530385 0.9999688400418133 84.38039682389868
0.9999050759190279 0.010757083539236578 0.008609547322181737 -0.7902907637653951 -0.010745269766837966 0.9999412635578923 -0.0014172550524274225 -1.2206429176421656 -0.00862428715899924 0.0013246086122468677 0.9999619328169566 85.78998903673167
0.9999214572523569 0.009695029238736427 0.007942652855501444 -0.7970673960432748 -0.009693741971279847 0.9999529944678418 -0.00020055271283663575 -1.244266114505841 -0.007944223871292082 0.00012354293352684223 0.9999684365239867 87.18139175988924
0.9999259699243226 0.008441883831448784 0.008762948606429946 -0.8676048235228561 -0.008438963412103304 0.9999643227907695 -0.0003701920136086122 -1.249553146140031 -0.008765761086853252 0.00029621440559402564 0.9999615361050614 88.59090230632717
0.9999527175788525 0.006302030258522296 0.0074058774826641326 -0.8620951326287153 -0.006302327424446501 0.9999801399963776 1.6788688277209995e-05 -1.2675429883250648 -0.007405624599088976 -6.346215922846533e-05 0.9999725759723872 89.97735334779895
0.999963402861567 0.003989677116604783 0.007568052194623688 -0.8920998800299321 -0.003995633229495586 0.9999917193920089 0.0007720508461530203 -1.3133545640053483 -0.007564909292956457 -0.0008022617521327217 0.9999710638430847 91.37857644892918
0.999964589336776 0.002541204284345023 0.008022615117156602 -0.9057474676228914 -0.002543485342430402 0.9999967277598667 0.00027413841758983895 -1.3322838651917557 -0.00802189222351216 -0.0002945341141251053 0.9999677807283642 92.6813878366644
0.9999682339477333 0.002174107079986208 0.00766839969330014 -0.8976514700673716 -0.002166890334654239 0.9999972017184263 -0.0009492847805227256 -1.3472906052191256 -0.007670442081720836 0.0009326380443150939 0.9999701468066681 94.05894845545662
0.9999720873652757 0.0017817841968600977 0.007256013740989393 -0.884776383380088 -0.0017707412215636226 0.9999972647706828 -0.0015280466874501894 -1.3625417886630875 -0.007258716543567646 0.0015151555130057588 0.9999725072910313 95.44174421674792
0.9999682452177557 0.001584111200931722 0.007810195120828833 -0.8923886411011969 -0.001567232814398958 0.999996424550979 -0.0021667179243113448 -1.3920045844344033 -0.007813599518007495 0.002154408726575252 0.9999671525533281 96.78990159513425
0.9999983279662527 -0.001647209393374166 0.0007942077268307026 -0.8240035823315748 0.0016475181820800168 0.9999985674510565 -0.0003883035854582722 -1.485340443760032 -0.0007935669717758149 0.00038961140787187516 0.9999996092271297 98.29384206488172
0.9999989371989516 0.0002030209748197477 0.001443739398547255 -0.8462793357011985 -0.00020260716865052548 0.9999999383590649 -0.0002867615764641 -1.5114154583844295 -0.0014437975281686027 0.00028646875974178707 0.9999989166915869 99.67499777736055
0.9999982550796953 9.827407319766549e-05 0.001865523993735424 -0.8671545546467145 -0.00010111656538706393 0.9999988341122117 0.0015236632362474615 -1.5450523374348433 -0.0018653720821513735 -0.0015238492129554368 0.9999970991310781 100.95797254875622
0.9999938775904128 0.0014091096810500208 0.00320299728338367 -0.9158064174135004 -0.0014172622163293176 0.9999957585871136 0.002544440133544454 -1.5622302762046336 -0.0031993983029246875 -0.002548964042468531 0.9999916332814037 102.2953248361802
0.9999905161883001 0.00024968232897975624 0.004348010141629627 -0.9712529839283909 -0.00025511814225691304 0.9999991866140094 0.0012496743788197318 -1.5831101627456918 -0.004347694583409721 -0.0012507717834130837 0.9999897665085155 103.71943079908594
0.9999835221817086 0.0008836272224198108 0.0056722630400937194 -1.0035882014638522 -0.0008746634963725946 0.9999983652331763 -0.0015825595543537013 -1.5938541968706734 -0.0056736521599696135 0.001577572155801936 0.9999826603182982 105.05316749646998
0.9999827350455213 0.0006476905418486135 0.0058403859325229105 -1.0193063475894637 -0.0006272724775928802 0.9999936881555795 -0.003497167173633845 -1.6045363169123983 -0.005842614151017175 0.0034934432818477953 0.9999768295885254 106.39959581188046
0.9999654136481587 -0.001195525782532111 0.008230566540049679 -1.0689875040430912 0.001214911122043886 0.9999964991190156 -0.002350689404864925 -1.6324061582270504 -0.008227727416025548 0.0023606075099243274 0.9999633653458269 107.70781731640108
0.9999618935304129 -0.0036791242867627626 0.007916787956849847 -1.0514030003755435 0.0036830965430908655 0.9999930986795309 -0.0004872300936275788 -1.6521312544861877 -0.007914940740488364 0.0005163698213650911 0.999968543042871 109.08675414079629
0.9999480355328065 -0.0053867466105415335 0.008655009822923927 -1.0440907290947703 0.005386295158190551 0.9999854909591336 7.546979098571214e-05 -1.6757831158882477 -0.008655290783673497 -2.8847431734927556e-05 0.9999625418530815 110.42690978947563
0.9999595299796262 -0.006819801900425021 0.005867597887037018 -0.9888353021503447 0.006816884457002059 0.9999766310900479 0.0005170687558571042 -1.7854225781565736 -0.005870987074154205 -0.00047704909323793924 0.9999826518169892 111.73056740243203
0.9999714953831506 -0.005366276560087063 0.005311449620050816 -0.9530845766884383 0.005374150277823933 0.9999844797950278 -0.001469243975317042 -1.815564894729449 -0.0053034828157582205 0.0014977466235317112 0.9999848147972421 113.11584654534538
0.9999677489195052 -0.0027746004768875606 0.007536757462662281 -0.9803186412514006 0.0028034534095645377 0.9999887724106391 -0.0038204321278538173 -1.8323453882333025 -0.007526072670240518 0.0038414378631954986 0.9999643001554133 114.44901335610462
0.9999607197382798 0.0004844402621535268 0.008850101588894661 -0.9734301471289444 -0.00045015571394362263 0.9999923889119418 -0.0038754971321128323 -1.856586157737993 -0.008851911676838799 0.003871360977771965 0.9999533270227392 115.78903413095833
0.9999420125814451 0.0021236247398904607 0.01055754197401919 -0.9617403624566617 -0.002098348169856891 0.9999949072291755 -0.0024046726743333514 -1.8761001315360177 -0.01056259482926 0.0023823798346931267 0.9999413762100237 117.13337080032251
0.9999211402067018 0.002525934076612048 0.012301748850062267 -0.9677591803198511 -0.002523617901195208 0.9999967949040688 -0.00020379960381389358 -1.8996782493409898 -0.012302224206141155 0.00017273861860523786 0.9999243098559768 118.45258410040475
0.9999190354638623 0.0032186670392356995 0.012311080355106472 -0.9444131419963739 -0.0032214689665600055 0.9999947894710811 0.00020777003054597517 -1.9379350477695816 -0.0123103474653172 -0.0002474129718506307 0.9999241941927921 119.80975565019347
0.9999347681282751 0.003117093199027668 0.010988321902883149 -0.892903062935672 -0.0031097784076478657 0.9999949315790619 -0.0006827110974587335 -1.9713062069210663 -0.010990394283561132 0.0006484953167461287 0.9999393935070845 121.10469245259993
0.9999129416287328 0.005229655572675247 0.012114448644724187 -0.8842311675117798 -0.00521320453471363 0.999985446275189 -0.0013891494844679407 -1.9950856132106791 -0.012121537107715102 0.0013258734487661447 0.9999256524350919 122.43823914384397
0.9998909763798576 0.006813934000760425 0.013099834257289592 -0.8535173768176524 -0.006803250644317971 0.9999764878793125 -0.0008599239651893751 -2.0449606041431276 -0.01310538571755002 0.0007707087573142788 0.9999138237234275 123.71529471834607
0.9998550908754462 0.008126048059955109 0.014958763096608662 -0.8614689636102045 -0.00809776303434031 0.9999653103542329 -0.0019504671241754494 -2.0676212663112956 -0.014974093772006139 0.0018290519648488427 0.9998862090681204 125.0617361594015
0.9998306616505378 0.009233168008183558 0.01591843685731647 -0.8554960737467101 -0.009197577560456418 0.9999550388462808 -0.002307564289973844 -2.1097456578317133 -0.015939027274808972 0.0021607624732093056 0.9998706308893502 126.4007713885814
0.9998170326154585 0.00817050639272224 0.01729578322325242 -0.8427846105597452 -0.008133564378846537 0.9999644905578188 -0.002205165285691209 -2.138595535139009 -0.017313186376701824 0.0020640854460375066 0.9998479850101 127.76044561668178
0.9998158789646633 0.007893967108236822 0.017489809987870992 -0.808772300454488 -0.007869790863210881 0.9999679804171681 -0.0014507005823082223 -2.159816690667561 -0.01750070175413201 0.0013127923309732027 0.999845989147533 129.1188916039896
0.9998202491119481 0.0064462351658479125 0.017830185582562306 -0.7698860046979633 -0.006436016810629715 0.999979089912694 -0.0006304165238922054 -2.1873798510331257 -0.017833876564990536 0.0005155478318161746 0.9998408308611415 130.49025623856596
0.9998393388493635 0.0048551276735101165 0.01725468703110972 -0.7161119140636019 -0.0048530789208065 0.999988210845767 -0.00016060656986722073 -2.216762491773807 -0.017255263378344977 7.684240871511421e-05 0.9998511139069597 131.87502540905464
0.9998460827675729 0.0028821116559990746 0.017306189838960054 -0.6862752856881534 -0.00288251909938657 0.9999958455322091 -1.4013676540737688e-06 -2.2462344068758524 -0.017306121979849834 -4.8484270788969303e-05 0.9998502366811212 133.23189791932845
0.9998671147329041 0.0011753916072057805 0.016259499693017942 -0.6449243120432135 -0.001180855335020342 0.9999992495097134 0.0003264363454079213 -2.2632537763039173 -0.01625910379988068 -0.0003455930837842338 0.9998677523097967 134.57184286104203
0.9998704543672676 -0.000496001308434246 0.016088146757650947 -0.6274555326523291 0.0004944135338139519 0.9999998725071171 0.00010266940764579489 -2.2895597094435054 -0.016088195630687266 -9.470190978145148e-05 0.9998705721206606 135.93656618489433
0.9998895358685237 -0.0023745470885517973 0.01467234087500934 -0.6796365010660211 0.0023748046258402268 0.9999971801475104 -1.2966100949227137e-07 -2.335683827788597 -0.014672299193286222 3.497358966847829e-05 0.9998923554129368 137.4617882851627
0.9998959816868731 -0.003790619032411293 0.0139160703431493 -0.6786725222576406 0.003779804961333983 0.9999925338547094 0.0008033114539697222 -2.3628436952241145 -0.013919011491432617 -0.0007506278631420563 0.9999028441188236 138.80934071540878
0.9999010308049627 -0.004804099889832964 0.013223056357043716 -0.6674241772401576 0.004798568824282047 0.9999883855578504 0.0004499851580355097 -2.369911960873465 -0.013225064552268764 -0.0003864888773700057 0.9999124703162452 140.17694561177933
0.9999020562256185 -0.005854837376906355 0.012712153046200608 -0.6716954719604543 0.005841567283892999 0.9999823538574605 0.0010807707251960512 -2.4085062760331644 -0.012718256462573714 -0.0010064059730894583 0.9999186132378822 141.52955710931764
0.9999086571325712 -0.006275011521061387 0.011970865538834629 -0.6707069514141993 0.00626737860325454 0.9999801319507668 0.0006750327180334132 -2.4311822080214034 -0.011974863539171493 -0.0005999451120688105 0.9999281187710848 142.87919363981166
0.999927631044707 -0.005849558482437314 0.0105126275916529 -0.6527115072208349 0.005848447214580886 0.9999828883772682 0.0001364471842105857 -2.4526384743080833 -0.010513245859319436 -7.495476211408316e-05 0.9999447314943387 144.2423642470333
0.9999118549686375 -0.008622620943232878 0.010096172603895772 -0.6475543654749293 0.008650823675511256 0.9999587910610321 -0.0027530763691240357 -2.4694898006310853 -0.0100720178173764 0.002840173908114966 0.9999452424354336 145.58286335044016
0.9998697953435178 -0.01343212230551083 0.008942619866769242 -0.6364617540149582 0.013466361659235315 0.9999021809262778 -0.003779640529978106 -2.4798423046757008 -0.008890976514107694 0.003899572956488252 0.9999528708231117 146.93411468476668
0.9997620600239111 -0.020634241783423154 0.007074701602807467 -0.5987384047389807 0.020647037766923667 0.9997853122917688 -0.0017404473854599795 -2.49693184055851 -0.007037269939171033 0.0018861048946335803 0.9999734593678623 148.30129082182088
0.9995280390593416 -0.0302125047457661 0.0055591088471420875 -0.6747158234113738 0.03020610897214193 0.9995429334680207 0.0012309081635007595 -2.5534693656279686 -0.005593756783271797 -0.0010624081753012775 0.9999837904555846 149.62569731110352
0.9994545244104338 -0.03264562235915769 0.004991690725272785 -0.6665218941774244 0.03265638295575472 0.9994644537317806 -0.0020895882083562505 -2.5707012214099243 -0.004920801536396613 0.0022514589529175444 0.9999853582152204 150.93531670413907
0.9994566272034652 -0.03245454978591481 0.005757824004538388 -0.6766195874365694 0.03248282160412301 0.9994603485337102 -0.004886513021479639 -2.5980162403183757 -0.005596127206236569 0.005070888193201211 0.9999714843200398 152.24630653610234
0.9995545356608818 -0.028894792019274588 0.0074713609149792744 -0.708224867225474 0.028946949909080644 0.9995566500175875 -0.006969755847890329 -2.626455097161801 -0.007266658841599108 0.007182924180366302 0.9999477992722915 153.57722398695716
0.9995228555822053 -0.0293729610972104 0.009554597070292797 -0.7269887182380185 0.029435052012884058 0.9995460511022308 -0.006424129430151982 -2.665644049131868 -0.009361564067648811 0.006702304254381413 0.9999337179212875 154.90514016456638
0.9994140967287645 -0.03275926288492358 0.009914330792559062 -0.7153267144310232 0.03278995669318905 0.999457913228194 -0.0029493093433228218 -2.7018857255716897 -0.009812339164878234 0.003272671810660646 0.9999465023786688 156.28377865227378
0.9992434103624707 -0.03721563512076475 0.01129616526690589 -0.7271724952785459 0.03722540830821824 0.9993066789191164 -0.0006560822604195205 -2.713270806866636 -0.01126391687938022 0.0010760902397576049 0.9999359810539524 157.59292693622646
0.999068412758539 -0.041186028600247185 0.012884784680903288 -0.7389914705908227 0.041176805613175105 0.9991513946937113 0.0009803882426559869 -2.74329212978798 -0.012914228882454063 -0.0004489206513042791 0.9999165070957777 158.9135900459682
0.9990212596651326 -0.04208549750089933 0.013613729731180444 -0.7395155896284608 0.04208574183398502 0.9991139665492856 0.0002686641696664171 -2.749639413552703 -0.013612974376490712 0.0003045426976570755 0.9999072927938721 160.22739713449056
0.9991067648212302 -0.03950165731349695 0.015009715451734984 -0.7439597360263437 0.03949395858880864 0.9992194816921932 0.0008090993574044584 -2.7664531730796034 -0.015029960859578697 -0.00021558356091468223 0.9998870205179622 161.57777710922764
0.9992409312780591 -0.036095687886963344 0.01465136766735647 -0.7385247535462154 0.03607968203922486 0.9993479971772689 0.0013553898811476687 -2.7928686535149345 -0.014690738664395537 -0.0008257443602048534 0.999891744312226 163.00889570765162
0.9993511058476082 -0.032488907281041916 0.01555114609430596 -0.7154280901192303 0.032514381784758996 0.9994703038947158 -0.0013880236883586563 -2.8012473652801644 -0.015497813339872126 0.0018927589092047267 0.9998781101941346 164.3729425389693
0.9994687745862156 -0.02891238211553083 0.015041369204098346 -0.6565110074304673 0.02895100106358899 0.9995780551618955 -0.0023560934146860772 -2.8150720127388418 -0.014966902302899363 0.002790304493812632 0.9998840963013099 165.72102773246607
0.9994789558680491 -0.027361715829632077 0.01712171964998384 -0.6794084313500185 0.027385327271104907 0.9996242946275942 -0.0011460543352678407 -2.837333318077121 -0.017083928914879597 0.0016143410864404679 0.9998527557974164 167.0023757435972
0.9995408387643989 -0.024812868975707135 0.01739060595138205 -0.6719446374342922 0.024847792148389673 0.9996896345452532 -0.0017949395891211227 -2.8610785522000968 -0.017340670907213456 0.002226233584456042 0.9998471608283513 168.3943678259254
0.9995723823770644 -0.023381194786830817 0.017560527309283567 -0.6648966682528252 0.023453814415652984 0.999717154091521 -0.003940863421407315 -2.8850415805032266 -0.01746341829069918 0.004351039587311681 0.9998380356218269 169.72731892504805
0.9996441399898485 -0.018458575610616586 0.019258098825779238 -0.6765577714917873 0.018604348089390075 0.9997994063938376 -0.007417897727716658 -2.8922423854282013 -0.01911731194820906 0.007773542368650641 0.9997870275328229 170.9705723337925
0.9997727100595293 -0.01518434032087043 0.014965427800248272 -0.6269279442054932 0.015302614417948383 0.9998523233487372 -0.007820580931614293 -2.9715460221791483 -0.014844467393613475 0.008047813563466746 0.9998574270788049 172.5370768928073
0.9998293607614507 -0.011166316504013321 0.01471607063998459 -0.6045042314636562 0.01126932482208752 0.9999124469031937 -0.0069354773535896825 -2.9851933644433646 -0.014637338467190642 0.007100134069161862 0.9998676594523881 173.93989272876775
0.9998437446132483 -0.008294656186891822 0.015610414360251689 -0.5991544961212638 0.008371011536448638 0.9999532862434868 -0.004832338637546834 -3.0196113495349315 -0.015569602551579109 0.004962258517302519 0.9998664728186426 175.34275169500265
0.9998560685913952 -0.006124968752419957 0.01582172110552818 -0.5988642016798387 0.006174602590328845 0.9999761624157427 -0.0030901267183956267 -3.0372031172131235 -0.01580241702432704 0.0031873747922259357 0.9998700536860393 176.68536646322056
0.9998393747544224 -0.009343818437872383 0.015294369803482102 -0.5840460938469731 0.009382179316323113 0.9999530134970832 -0.002438341522106221 -3.0593791489278197 -0.015270867754058634 0.002581444382926857 0.9998800611788076 178.08824107062344
0.9998427436749239 -0.011117389895206348 0.013816351273704322 -0.5655582113828255 0.011147571556804362 0.9999356389763724 -0.0021093964302035906 -3.092621701175473 -0.013792011056635418 0.002263083478750412 0.999902324671856 179.5016432957715
0.9998616568086427 -0.010989441528996925 0.012485968875369407 -0.5787339377587131 0.011071208037185356 0.9999175953245524 -0.006498531600458977 -3.117772515349667 -0.012413524740109 0.006635867331823269 0.9999009299267009 180.93974788951581
0.9998960660643526 -0.009021625494507824 0.011245769981144103 -0.5726275982875214 0.009141981689751935 0.9999009911861126 -0.01069728918061922 -3.1508145396527953 -0.011148149614003022 0.0107989859925087 0.9998795430759234 182.2985987984806
0.9999407999659597 -0.005704681153111618 0.009265698914690555 -0.5498653117452325 0.005811975687627687 0.9999158918060924 -0.01159440607505606 -3.19567048717312 -0.009198777203671654 0.0116475717026428 0.9998898522194277 183.7144206310389
0.9999473654150172 -0.0023948510326771964 0.009976526855449109 -0.574465511128654 0.0025003679357047995 0.9999409305325777 -0.01057750470710369 -3.22356534159551 -0.009950605999250078 0.010601892952392339 0.9998942870654246 185.06093330674375
0.9999380396279208 -0.0007833052984064913 0.011104203613051861 -0.5979100624499313 0.0008661543611752287 0.9999718120476206 -0.0074582093575218085 -3.238856591745327 -0.011098048553382835 0.0074673651984817945 0.9999105318853778 186.47294166530185
0.9999482337493761 -0.0012227913136194815 0.010101217892228823 -0.5527273859467002 0.0012768991978598313 0.9999848634528627 -0.005351858891827285 -3.25791695845115 -0.01009452078810341 0.005364480083182581 0.9999346593670487 187.87649600589194
0.9999360622837801 -0.000852795100043583 0.011275818592263915 -0.5746716899220496 0.0009025898178710833 0.9999898610167118 -0.004411711164390253 -3.28447887582963 -0.011271941981263849 0.004421606528703319 0.9999266936729294 189.22486884485045
0.9999282307763857 -0.0026129634255918767 0.011692122071872474 -0.5874508873495479 0.0026647175236387015 0.9999867121771825 -0.004413020460858605 -3.285515829777266 -0.011680435647965412 0.004443859944379777 0.9999219067166538 190.542452726279
0.999926434271807 -0.004617268243906267 0.011216366543283104 -0.5548517658593849 0.004665498782576562 0.9999799671676659 -0.004277661097325359 -3.295699623048693 -0.01119639073894987 0.004329676352524392 0.9999279447725736 191.9757628780805
0.9999019934249767 -0.007887677007070819 0.01156668043087838 -0.5523224482056339 0.007934982392994597 0.9999603175120828 -0.004049624125436371 -3.3255375287943143 -0.011534279309120455 0.00414100864121012 0.999924903404377 193.3491946206881
0.9998699534245853 -0.010492017641608297 0.012247195782132254 -0.5429354636908061 0.010530815512269207 0.9999397201898567 -0.003107718017719668 -3.3443781923890183 -0.01221385129122866 0.003236286828958385 0.99992017095576 194.7854830402017
0.9997986518942675 -0.015205685413770199 0.013093616822818505 -0.5478783650890812 0.015226470959282768 0.9998829615427732 -0.0014892275109081785 -3.3727686949414055 -0.013069439641065642 0.0016882972340744747 0.9999131659298811 196.15633721857648
0.999750986757941 -0.01799817505293695 0.01319204954838722 -0.5806302353092397 0.018000311275029563 0.9998379803384733 -4.320514807272791e-05 -3.474141567679532 -0.013189134563166345 0.0002806553876453158 0.9999129801947908 197.57194680385905
0.9997787526358467 -0.016194449248098593 0.013423322668445594 -0.5697147893391017 0.016258547451230558 0.9998568691349682 -0.0046798374325519535 -3.49402249555682 -0.013345613986869644 0.004897045759413437 0.9998989516596883 199.01810416736708
0.9998580018084512 -0.0095065794350685 0.01391406364279898 -0.5544073206751132 0.009637761718136675 0.9999094521270986 -0.009391543853377851 -3.5226470603733624 -0.013823522296272645 0.009524310701055106 0.9998590889405338 200.443031079142
0.9998845574501255 -0.0007194237735268574 0.015177424096361837 -0.5610089977041104 0.0008666603068268286 0.999952610556085 -0.009696676852570835 -3.5485906359707586 -0.015169728826821901 0.009708711114493859 0.999837796972997 201.9031739884892
0.9998352069876579 0.007418444406805177 0.01656881258661188 -0.5644467117761136 -0.007320409871246855 0.9999553864752805 -0.005969644745670037 -3.578339038502571 -0.016612358871156103 0.005847370490715913 0.9998449068686004 203.34136742512987
0.99982401877666 0.008057462394451981 0.016941333390583926 -0.543330620688618 -0.007993320078301286 0.999960639639701 -0.003850455230987766 -3.6037780014961514 -0.016971691471822932 0.0037143601228216503 0.9998490712189831 204.78298209325678
0.9998405894858214 0.00603127072153774 0.01680533814383702 -0.533060136170746 -0.005977013334686909 0.9999767682212382 -0.0032769390298109683 -3.6277663523088255 -0.016824711832366012 0.003175970921095658 0.9998534103959771 206.24836401392656
0.999864973039588 0.0032881928788081652 0.016100418508094735 -0.5404746248879381 -0.003233289320975917 0.9999888735410525 -0.003434914011117765 -3.6509177011583342 -0.016111534027239843 0.0033823928938941012 0.9998644797619327 207.67773914469242
0.9998820837935678 0.001369902999587169 0.015295158528250755 -0.5145144179381427 -0.0013141738843568198 0.9999924641116138 -0.0036530353111462657 -3.6901092953628063 -0.015300047569673575 0.003632504061185488 0.9998763490845312 209.15064681787874
0.9999017846247092 0.0016885016097654218 0.01391294600849716 -0.526127198999242 -0.0016395542919772816 0.9999924297988184 -0.003528768450719956 -3.7779331625363026 -0.013918799015906378 0.0035056108410599744 0.9998969835570992 210.60516539015595
0.9998902479138284 0.0029453905318646057 0.014519531722389093 -0.5446414615125751 -0.002892028321022326 0.999988992142887 -0.0036948295283475677 -3.8054352828916915 -0.014530254609368194 0.003652433116149652 0.9998877594176854 212.03646130493652
0.9998880909136785 0.003734155794187942 0.014486605175267888 -0.5292386424447291 -0.0036924171712396153 0.9999889580346885 -0.002906865000602274 -3.8301028318364523 -0.014497299901460982 0.002853049106293869 0.9998908382450377 213.51615646060077
0.9998695736834305 0.0037998065893923897 0.015697040867566837 -0.5601432744942827 -0.0037444182071352567 0.9999866653312747 -0.0035564718369844694 -3.8532290201053234 -0.015710345457848062 0.003497231693840125 0.9998704688188739 214.92888723927393
0.9998619504778994 0.004325883418228191 0.01604265312167754 -0.5607666791572213 -0.0042491327062336645 0.9999793792925737 -0.00481516987070268 -3.879148318882079 -0.0160631521743208 0.004746337776729115 0.9998597138698677 216.41956266401243
0.9998704196415543 0.0037718021316305696 0.015649838162163927 -0.5351904775776499 -0.0036868626635825764 0.9999783367502817 -0.005452804218022354 -3.8996635705560885 -0.015670066034384672 0.005394398837686057 0.9998626653154212 217.90143279345622
0.9998728640107731 0.004298328787758933 0.015355135444737546 -0.5240368845901756 -0.0042102113690089885 0.999974511322537 -0.005766352875216216 -3.926646845798769 -0.015379529743206713 0.0057009713984170875 0.9998654754465683 219.39925722437295
0.9998829136788265 0.004411880338609903 0.014652448430832535 -0.5030296288083237 -0.004329273775461257 0.9999745841108134 -0.005664673069377335 -3.9696239125278217 -0.014677067885566343 0.005600575352909088 0.9998766010033432 220.9054968500314
0.9998847631870192 0.004366409121067065 0.014539422884900285 -0.4978214662378001 -0.004279472072142103 0.9999728117470916 -0.006005154902192691 -3.9935896193693927 -0.014565248546532104 0.005942241833099312 0.9998762639930876 222.37259340752016
0.9998698061686203 0.005722108625321092 0.015087351828791156 -0.5174880986886307 -0.005634755707683124 0.9999671532165588 -0.005825977693571097 -4.032194876418419 -0.015120193135024246 0.005740205645382534 0.9998692063458642 223.8696764505341
