1.0 0.0 0.0 0.0 0.0 1.0 0.0 0.0 0.0 0.0 1.0 0.0
0.9999972281409462 -0.0015988094266689529 -0.0017284440522412718 -4.9547576152026226e-05 0.0015976735693650935 0.9999985070146051 -0.0006583370917960353 -0.013495874495645275 0.0017294940272478353 0.0006555737776000148 0.999998289535253 0.5832899607885569
0.9999929886672436 -0.002499678232786098 -0.0027882297406086175 -0.004408857293236751 0.0024938263830250936 0.9999946848238052 -0.002100274770075618 -0.024986672639742056 0.0027934649318019024 0.0020933066834612603 0.9999939072918413 1.149240304277207
0.9999843577752908 -0.002831809391047523 -0.004823386809283594 -0.005208688644266725 0.0028157360801207066 0.9999904716299688 -0.003335907612592604 -0.04205986626185944 0.004832787504774278 0.0033222740473088405 0.9999828031821789 1.723290515088718
0.9999665253753801 -0.004891103509877417 -0.006559362403835363 -0.0077079757526119595 0.004858117881760975 0.9999755217930819 -0.005035325739252998 -0.053936315496509006 0.006583830141801827 0.005003291027827014 0.9999658095452838 2.2872589233219704
0.9999388153393675 -0.007333618187443833 -0.008281522926561634 -0.010131253647177282 0.007274636650991318 0.999948120970783 -0.007129868764311137 -0.06172437808671535 0.008333381024435805 0.007069187455502848 0.999940288892002 2.8644506815999433
0.9999197160894369 -0.008475843351178541 -0.00941920671321267 -0.022130196601316106 0.00840193277163114 0.9999338207596026 -0.007858856583755652 -0.07479459311081503 0.009485193794590533 0.007779086102450043 0.9999247556281872 3.4420044562291596
0.9999006440662098 -0.009103502027236128 -0.010762353219386164 -0.028917196819112218 0.009027269107756601 0.9999339704263077 -0.007110780543374709 -0.08636734057212454 0.010826375590883007 0.007012919386389715 0.9999168008155704 4.027484353968412
0.9998891911024006 -0.008947270197176345 -0.011897557421830253 -0.036716826377202215 0.008854977016566967 0.9999304696592122 -0.007787504680155599 -0.09851834433601193 0.011966407089143299 0.007681289157823348 0.9998988963381502 4.634226939867745
0.9998819874855648 -0.00846660408055009 -0.012819037298488467 -0.0502360450412983 0.00833260071222308 0.9999104585709853 -0.010471036516634337 -0.11511210548258442 0.01290654358406949 0.010362984883962867 0.9998630054547509 5.246727098882284
0.9998776188626051 -0.006646298302040718 -0.01416241563178168 -0.06264278459253594 0.0064453029561772875 0.9998785314482678 -0.014190856868366714 -0.13292368416055866 0.014255012011574586 0.01409783911582442 0.9997990025824262 5.850860004901964
0.9998721851932515 -0.004957547255102599 -0.015199868489089545 -0.08421141999521223 0.004690094583405684 0.9998344391618514 -0.017581162609586243 -0.15047754594527143 0.01528451143055941 0.017507626655815726 0.9997298968817576 6.441790326602462
0.9998637076691875 -0.003322837730465391 -0.01617172951302746 -0.09597970415045239 0.003038297275355958 0.999840706224371 -0.01758780618546581 -0.16091843070643086 0.016227594883164057 0.01753627458064969 0.9997145313729014 7.077001281787236
0.999846456746379 -0.0007740569057605029 -0.017506106580788508 -0.11399302921139007 0.0005838886061624357 0.9999407985340869 -0.010865472889307682 -0.1703042530067962 0.017513480687940817 0.01085358295307734 0.9997877163334593 7.736979236010401
0.9998333420858929 -3.243784247721983e-05 -0.018256149680045856 -0.13138542318772836 2.710426827497197e-05 0.9999999568839301 -0.00029239954963254205 -0.18204624055096952 0.018256158377722962 0.0002918559993549184 0.9998332998562126 8.388909953055938
0.9998128429609406 0.001297766006907299 -0.019302716227327803 -0.15074759825783413 -0.001178205150047844 0.9999800604473679 0.006204074492044796 -0.19418100021697327 0.019310382776781744 -0.0061801707961638115 0.9997944361747291 9.073327033946569
0.9997956946401672 0.002990487047113444 -0.01999064696818733 -0.1772254319002675 -0.002881232649769373 0.999980768882547 0.005491845180619204 -0.20844207954933164 0.02000668581758492 -0.0054331254624786765 0.9997850837406534 9.752172502902136
0.999768631441746 0.004577827125304841 -0.021017304392075588 -0.1926913769873612 -0.004622697282781532 0.9999871378274234 -0.002086827628103303 -0.208106477636738 0.021007480927757637 0.0021835014377083045 0.9997769341540849 10.449737752139265
0.9997388505983774 0.0038830325900339854 -0.022520050225077953 -0.20624730862906251 -0.00406515720483036 0.9999593586144786 -0.008047087437110167 -0.2076171523071375 0.022487887876261645 0.00813653348946678 0.9997140049642395 11.18325840208887
0.9997228051469823 0.0010012129379585758 -0.023522551768499517 -0.230292318175636 -0.0011481505919065326 0.9999799093165354 -0.006233996592239715 -0.2207981034188512 0.023515837626314314 0.0062592759922067715 0.9997038695757791 12.032627463355363
0.9997013552486359 8.039295967629293e-05 -0.02443755002067049 -0.23861143583171443 -1.941844177267872e-06 0.9999948470487311 0.003210276033941006 -0.23319069993962516 0.024437682178757848 -0.003209269847938825 0.9996962039923795 12.801831886089394
0.9996777645929745 -0.0007445771328797023 -0.025373462185648628 -0.2436389922515742 0.0010094604171339081 0.9999451155873792 0.010428173503025627 -0.23343252136158102 0.025364304998552356 -0.010450426682014404 0.9996236494871978 13.560714030957556
0.9996605145747631 -0.0019665486010714177 -0.025980536690366374 -0.2605983620233292 0.002306987912990709 0.9999117897119038 0.013080160622366915 -0.23657056539981103 0.025952522168166316 -0.013135656882593551 0.999576871036627 14.352257596487474
0.9996422685393026 -0.004244606097347468 -0.026406784519801347 -0.28301684467149624 0.004563572408667845 0.9999172177705491 0.012030436936170206 -0.23657540043033623 0.026353534041333143 -0.012146642543628404 0.9995788864909311 15.155023520248468
0.9996377484504525 -0.004744748599561102 -0.026492626023798118 -0.2861186743805974 0.005004893200923896 0.9999398268405658 0.009761851366757012 -0.2341571934385775 0.02644471434818701 -0.009890907884834078 0.9996013440488446 15.965151780535189
0.9996567808480604 -0.0022892786048220263 -0.026097503864590442 -0.3067419707857419 0.0024494945061571197 0.9999783409554955 0.006108813023743035 -0.22754650569154558 0.02608295384263667 -0.006170642054458397 0.9996407368127205 16.797794767632265
0.9996787090778224 -0.005253767118630992 -0.02479670436896161 -0.3359157206835452 0.005278842543701626 0.999985619454184 0.0009458891218566064 -0.23872753162253826 0.024791378297652062 -0.0010764831142348339 0.9996920669617257 17.659818546082725
0.9996635790994276 -0.008356845810398294 -0.02455385408085014 -0.33669569658773485 0.008228483545805522 0.9999519714312356 -0.00532417968533484 -0.24827176525877453 0.024597168143078184 0.005120347535719905 0.9996843308567233 18.474757036064776
0.9997131627032002 -0.007462167353684024 -0.02275760040844129 -0.3740748761676739 0.007217872333927442 0.9999156494998587 -0.010797972228474527 -0.25387622937968857 0.02283625706931413 0.010630613512934928 0.9996826973692217 19.3741559387622
0.9997388121235591 -0.006279033947422344 -0.021974559528285625 -0.42458093969906036 0.006016590627868502 0.9999100299235285 -0.0119888571409052 -0.2622845187940844 0.022047860916462977 0.011853513867858191 0.9996866439229809 20.301295617744792
0.9997108787583648 -0.00598923096392544 -0.023287078061422505 -0.4256161309739298 0.005733739879261183 0.9999228091569861 -0.011022701783075135 -0.2847311131196595 0.023351298019060922 0.010885992837697192 0.9996680509252872 21.17614635678054
0.9997166453951674 -0.004173530462036208 -0.023435241908622922 -0.44941837781906474 0.0038922696325723797 0.9999200081176307 -0.012034434060009095 -0.31276911810656033 0.023483593356651684 0.011939807767288717 0.9996529206847443 22.10532553846593
0.9997115095994835 -0.0014337220762404932 -0.02397586318216563 -0.46106481247668313 0.0010942569284057451 0.9998990619526966 -0.014165751229352095 -0.333815828368942 0.023993752855617664 0.014135428791704728 0.9996121695321531 23.040360994773085
0.999720308754321 0.0015917664484218792 -0.023595985754756476 -0.5229538422459308 -0.0019402963469849427 0.9998892535240187 -0.014755200346540058 -0.3717335592532998 0.023569885749635464 0.014796856651138354 0.9996126817517847 24.05848319705133
0.9997201618883358 0.0025879242415429737 -0.023513837672307702 -0.5454571019706538 -0.0029364583752326005 0.9998861607350447 -0.014800094011288819 -0.3981069463009676 0.02347285935224188 0.014864999786494955 0.999613953811759 25.010751617911115
0.9996983995832179 0.003686543282523092 -0.024280017903183074 -0.5621544599419056 -0.004045624458007816 0.9998829297191036 -0.01475668591136806 -0.4223839533441189 0.02422277427334812 0.014850463123016853 0.9995962789804363 25.959651807474277
0.9996964744474053 0.003519874034743193 -0.02438379511495151 -0.589589842024045 -0.0038819855841895467 0.999882655098252 -0.014819116761604996 -0.447095205063157 0.0243287723766025 0.014909276322125038 0.9995928292630945 26.940739078565723
0.9996798755538626 0.00454405813655103 -0.024889715712829896 -0.6072417072043204 -0.004887566192636005 0.9998934116154797 -0.013757801592889514 -0.4744643160527433 0.024824546507971675 0.01387504751733687 0.9995955306758155 27.944009884420133
0.9996704487515785 0.005404523552673711 -0.0250955178863923 -0.6370464961482966 -0.005702667122611261 0.9999138323387332 -0.011824021539067506 -0.5027201092262703 0.02502945226141254 0.011963236302783576 0.9996151296857493 28.991222885798745
0.9996466983601411 0.005914879877498886 -0.025913175291806773 -0.6569272476396516 -0.006190269306881722 0.999925079694063 -0.010560093026579846 -0.5327482925313066 0.02584877218703868 0.01071677166204921 0.9996084192230306 30.024400431764622
0.9996292879179943 0.005556038761919563 -0.026653652091966306 -0.6795959556633343 -0.005855289456823826 0.9999205538991719 -0.01116250309518893 -0.5688823848407458 0.026589515263357854 0.01131442986850606 0.9995824034839801 31.076182488352607
0.9996444050992052 0.006249226396147145 -0.025923165765506385 -0.7310721462713076 -0.006557957242671465 0.9999083808115353 -0.011841586872410513 -0.6032185965861315 0.025846789948841178 0.01200737907718624 0.9995938006495625 32.10933881651705
0.9996230458738266 0.006114258600890108 -0.026765313368147144 -0.7558978934071252 -0.006423034641980211 0.9999136375137209 -0.011465694050830574 -0.6148026690183526 0.026692897630673163 0.011633286545115735 0.9995759880370465 33.16549991422918
0.9996182713572136 0.005695300469389614 -0.027034702169240532 -0.7931804922885904 -0.005934505215805587 0.9999438793647204 -0.008776090751416964 -0.6404309001618212 0.02698320249080425 0.008933178247236563 0.9995959709351291 34.21114156083588
0.9996811828846593 0.004756822744530517 -0.024797282587118222 -0.8977899901307023 -0.004867909857538887 0.9999783772305655 -0.004421371387212096 -0.6793240079681467 0.02477571472121753 0.004540672714686585 0.9996827227932625 35.359944532579824
0.99965951720444 0.0048283199183042835 -0.025642484071407744 -0.9252798958578056 -0.004881202503620879 0.9999860866135362 -0.0020001103629679303 -0.7017827102330495 0.02563247012491264 0.0021245955172485326 0.9996691765625184 36.41772888969373
0.9996593357284961 0.004833579455942063 -0.025648567221291312 -0.9589977706491657 -0.004881008190524049 0.9999864912950068 -0.0017868929864995522 -0.7147956223195667 0.02563958365313371 0.0019114751225843803 0.9996694243663501 37.47537968399252
0.999653840464953 0.004445944322732686 -0.02593130969984959 -0.995835440776522 -0.004530705772520146 0.9999845814416146 -0.00321085412960883 -0.7309203334442074 0.025916634597748317 0.003327229796382337 0.999658570509456 38.54958985407753
0.9996156859664052 0.0047927343304187435 -0.02730403024374608 -1.0176458313682706 -0.004894096843185231 0.9999813743500644 -0.003646747735439463 -0.7563952392065598 0.02728604379537091 0.003778974807329905 0.9996205235805249 39.649765627696226
0.9996015957916449 0.005004646951468067 -0.027777746483258748 -1.0604452289906088 -0.005083515367611565 0.9999832440781193 -0.0027693743892264586 -0.768217202747858 0.027763421300414138 0.002909479659940544 0.9996102877450812 40.730772381188025
0.9995848806617108 0.004811459648903294 -0.028406270585213545 -1.1037501971194172 -0.004829772925137415 0.9999881706228955 -0.000576114369356198 -0.7955599002076931 0.028403162605685348 0.0007130710497170036 0.9995962944527521 41.81559752108113
0.9995581640483636 0.004934415906321678 -0.02931088916986567 -1.1354487849880301 -0.004874199038611974 0.9999858620873006 0.002125513879092388 -0.816313250322029 0.029320962944567545 -0.0019817076428322814 0.999568083707569 42.906600364981955
0.9995513874431611 0.006117573896590383 -0.02931892136609812 -1.1759794814347242 -0.006073156013560131 0.9999802721059761 0.0016038001412437156 -0.8308372510299132 0.029328154331403934 -0.001425022272756078 0.9995688213800166 43.98167203370246
0.9995486812959017 0.007668615488310656 -0.029045241539990142 -1.225030592063426 -0.007730429862757764 0.9999680865477397 -0.0020165168457274966 -0.8556688633788203 0.029028850713745284 0.002240138956529643 0.9995760639409562 45.060398051024755
0.9995140035484457 0.009341799784470403 -0.029740334351593282 -1.248106951852121 -0.009526220447770324 0.9999362290582922 -0.006065388747904899 -0.8765101940754096 0.02968177613516707 0.006345753971719794 0.999539255643315 46.156744534989855
0.9995305280503415 0.010467278747872039 -0.028795131029741308 -1.3087218225135167 -0.01064596845892052 0.9999249715714127 -0.006059256017133468 -0.9136702362003242 0.028729546654573127 0.006362963423110733 0.9995669691648974 47.286805324837715
0.9995352217257681 0.01099723809371372 -0.028432398490625208 -1.3595905815382199 -0.011092839990242841 0.9999333301794292 -0.0032068827898100822 -0.9396325863985989 0.028395236054141265 0.003520788347356698 0.9995905734943896 48.38468981451688
0.9995213681758227 0.011611609066935412 -0.02867411890203671 -1.3858519265479987 -0.011645384177330489 0.9999316789415053 -0.0010111758427303061 -0.9614417840436286 0.028660418477298204 0.0013446129923528074 0.9995883014664622 49.48206123452181
0.9995432590096023 0.010525500825689184 -0.028328205040762684 -1.425679119312355 -0.010521752868667023 0.9999446052403689 0.0002813667596804011 -0.9888816353915353 0.028329597332715006 1.6824124703912632e-05 0.9995986362695355 50.54881099269222
0.9995538768286872 0.010120757774280181 -0.028100134854052387 -1.4517688991982376 -0.010135450814600825 0.9999485626071936 -0.0003804951936785014 -1.0155421512897906 0.028094838556688487 0.0006651329806529266 0.9996050408259213 51.63136997608945
0.9995665300269336 0.00856928908176184 -0.028165925061115843 -1.4824537749371893 -0.008636790216204013 0.9999601125685528 -0.002275769462976676 -1.029145706359831 0.028145299868299126 0.002518046171247035 0.9996006710375914 52.73213990872274
0.9995700196175665 0.008862836424109993 -0.02795042060966571 -1.5093406445670752 -0.008993391626058255 0.9999492127856164 -0.0045487093209275985 -1.0493602929723593 0.02790868661900989 0.004798122543809981 0.9995989611995685 53.83026135845796
0.9995703842233956 0.007826145459070705 -0.028245325821217113 -1.5374183698838153 -0.008024186069650727 0.9999439656617091 -0.006904923942699075 -1.0769254591903985 0.028189704173915527 0.007128603228424395 0.9995771724057122 54.91236540410609
0.9995703431878638 0.0062027556598434645 -0.028647073873619738 -1.558688119507129 -0.006498302168109988 0.9999265030231551 -0.010235263592900133 -1.104288446593815 0.028581481561113724 0.010417023284436383 0.9995371851700482 55.98881961117601
0.9995609739510244 0.004471956162204162 -0.029289263598849452 -1.574061280224371 -0.004813978156089306 0.9999209288622052 -0.011617299068956538 -1.1381686809169633 0.02923499561129193 0.011753196647219329 0.9995034654267986 57.073555539130936
0.9995523654335556 0.0025631740707316593 -0.029807698583870595 -1.6077118534261299 -0.002842700624928502 0.9999523492718391 -0.009339070557985944 -1.178218287140743 0.02978234056182931 0.009419624430577775 0.9995120223720404 58.17973514376122
0.9995730889806637 0.0012857110922527626 -0.02918881177166129 -1.6506750682883158 -0.0013907241029183803 0.9999926329529394 -0.0035776984665314643 -1.2010621416074045 0.02918399684970817 0.0036167646916986365 0.999567513148082 59.259647553595926
0.999571490929081 -0.00015725415217259078 -0.029271313481728112 -1.6742860186301256 0.00022299388435982514 0.999997460450405 0.002242624905804865 -1.2185435572077563 0.029270886483697613 -0.0022481912445836633 0.9995689875344204 60.35101807270305
0.9995804807580416 -0.0020534465548052378 -0.028890237880102507 -1.7189808789229142 0.0021425782199282995 0.9999930394718215 0.003054564859287189 -1.2393277445241213 0.028883764403100927 -0.0031151830050033637 0.9995779228198027 61.47652456548548
0.9995695966665417 -0.005582191972704164 -0.028800356814927024 -1.7495611368806836 0.005583075388011934 0.9999844132760627 -4.974073321874719e-05 -1.253233026091915 0.028800185574037743 -0.00011107523865801967 0.9995851824497962 62.563491659631154
0.9995644008472465 -0.007566579413549586 -0.028526398911598323 -1.7758269139205471 0.007476425331296269 0.9999667185435313 -0.0032657111855786823 -1.2667838178737223 0.028550159774522136 0.0030510131531197703 0.9995877048541507 63.66462804113542
0.999581350642194 -0.005276762387444317 -0.028447833433034652 -1.814106432898376 0.005059153884507781 0.9999574336757737 -0.007715944435606309 -1.28068386098885 0.028487337718714624 0.007568792193404907 0.9995654980912622 64.74873981215272
0.9995847156283562 -0.005133769898943564 -0.02835561124015911 -1.8489334393267662 0.004793801999475649 0.9999159719963194 -0.012044434774849616 -1.3043688102155313 0.028415061931450367 0.01190350172346291 0.9995253327965987 65.81787245239873
0.9996146599950666 -0.0016287753580920554 -0.02771062276060105 -1.8909323710652988 0.001282269879808483 0.9999208295372557 -0.012517605261465203 -1.3360178740033395 0.02772881726476636 0.012477249230475341 0.9995376085694514 66.93473868146171
0.9996378039178477 0.0022440301935064476 -0.026818376289274942 -1.9352401673625657 -0.002485018280442109 0.9999568065840566 -0.008955984053218019 -1.3603772264476164 0.026797120413364968 0.00901938438621275 0.9996002026024431 68.04390895759227
0.999642109238714 0.004085513318415987 -0.026437889811785444 -1.9853183965579713 -0.004269139313060988 0.9999671309973831 -0.006892849511496649 -1.3877368120347184 0.02640885999623498 0.007003249659087417 0.9996266936251311 69.14242478105417
0.9996249804383871 0.0036614162630028368 -0.027138395577173877 -1.9662483684024878 -0.0038269686508454084 0.9999743702825725 -0.00605087505390881 -1.4360688722132735 0.027115545255436017 0.006152463646506805 0.9996133724578612 70.25186157403262
0.9996288550452554 0.0023108045731978595 -0.02714428748624878 -1.999202067478518 -0.0024497445754719733 0.9999840633449147 -0.005086433692537025 -1.4630502440222808 0.027132101142863595 0.005151042459358887 0.9996185851859475 71.34388593647701
0.9996011553908188 0.0008038414584041651 -0.028229133537001922 -2.0122283580963356 -0.0009085173008684235 0.9999927591025808 -0.0036954483790039815 -1.486054812630442 0.02822595857812731 0.0037196211255463994 0.9995946476852646 72.42945806461594
0.9995806697648648 -0.0007866114301285927 -0.028945912921901247 -2.0374432499133053 0.0007345933768574519 0.9999980963531405 -0.0018076677420879822 -1.5083229392420903 0.028947279751212817 0.001785646256429125 0.9995793447558088 73.51289252490494
0.9995490952762407 -0.0018157108435308132 -0.029971808864021118 -2.0638431164701276 0.0018228183982943794 0.9999983166528483 0.00020982029604645357 -1.5366584950830224 0.02997137743807531 -0.0002643588517113259 0.9995507223992497 74.62232972659558
0.9995233063916473 -0.002369728008890301 -0.03078220864513935 -2.0932758161757983 0.0023488076228091593 0.9999969853852904 -0.0007157674778723374 -1.5698349369402962 0.030783812022880542 0.0006431247897779636 0.9995258592491966 75.7099507138939
0.9994902482705862 -0.002293541743627716 -0.031843104092916415 -2.1222562004169467 0.0021610802913849926 0.9999888716238226 -0.004193609482093901 -1.5976030147657005 0.031852367949279065 0.004122656277736195 0.9994840820949773 76.78861996461227
0.9994784210669989 -0.0016029336088309038 -0.03225393658554683 -2.1865580975337706 0.00140418735104789 0.9999798952838032 -0.006183630493258677 -1.6204090555803914 0.03226320007844778 0.006135114672089005 0.9994605776560966 77.89894772048308
0.9994532838269078 -0.00011403497778397296 -0.03306237202068833 -2.2281356615596186 -3.6836500949362115e-05 0.9999895906391653 -0.004562593164727624 -1.6464030849591975 0.0330625481577381 0.004561316623351555 0.9994428759563894 79.02739695389918
0.9994385900843265 0.0005568376092268886 -0.0334991728574114 -2.26698882307789 -0.0005680148171576789 0.9999997861460366 -0.000324140476791383 -1.666676819086381 0.033498985199872364 0.0003429865276591772 0.9994386926424355 80.12581270952225
0.9993956457933841 0.0019224380250444215 -0.03470803078920602 -2.3005321422104212 -0.0017921813310106912 0.9999912360099739 0.0037836476212101348 -1.682786434220365 0.03471500043643074 -0.003719157873037345 0.9993903324574508 81.2018031785824
0.9994038185355325 0.003342162117395778 -0.03436331545380124 -2.3577266178900693 -0.0031897507021776197 0.9999848363534813 0.004489159560447714 -1.703838212862038 0.03437779787965436 -0.004376872797128824 0.9993993245932595 82.29529681135044
0.9994251548555612 0.003318239203707213 -0.03373942990811407 -2.4384614685412314 -0.003265444382178123 0.9999933565972928 0.0016197636452703786 -1.7253462710530192 0.03374458052672256 -0.0015086583001524129 0.9994293507973482 83.41756383972418
0.9994253809916557 0.0028267319672248352 -0.03377746905955654 -2.4887134717895427 -0.002797883777682606 0.9999956797413605 0.0009013018256975444 -1.7408904138472907 0.03377987087083683 -0.0008062784878033338 0.9994289720830338 84.47729959466538
0.9994411595313587 0.0022623785623423066 -0.033350416456978546 -2.5508853362485313 -0.002264404013707797 0.9999974359703042 -2.2962578955530555e-05 -1.743247169042821 0.03335027899547402 9.846856342115461e-05 0.9994437198736436 85.50897432403053
0.9994115175724116 0.0010366637042208634 -0.034286205272288636 -2.592340588244999 -0.00103538296702128 0.9999994624724005 5.510917965817257e-05 -1.7587082225419566 0.03428624397219334 -1.957739593162208e-05 0.9994120537050796 86.55697897888915
0.9993801468059923 -0.0006601868275247819 -0.035197817025861805 -2.6238653910491294 0.0007214765953116756 0.999998245667432 0.0017286218732666051 -1.7807243619460398 0.035196614063794575 -0.0017529447826674515 0.9993788698701975 87.56917740926414
0.9993456146222653 -0.0003546581647000049 -0.03616927913067739 -2.664170580359177 0.0005247399502955871 0.9999888501463021 0.004692998088747526 -1.8025083228918397 0.03616721143841763 -0.004708906525153772 0.9993346581681765 88.57419190113009
0.9993007793160258 -0.0021317816043875965 -0.037328380162748254 -2.708151030181151 0.002336564858255561 0.9999824557135013 0.005443227889637029 -1.8167498683552972 0.03731612148986853 -0.005526642053412891 0.9992882283428375 89.57486646691439
0.9992292028417114 -0.003231828290848119 -0.03912231427480422 -2.7583008425807822 0.003458061036623051 0.9999776819538473 0.005716415666945779 -1.8324557523637501 0.03910296666731395 -0.005847296820650322 0.9992180778577348 90.54954821814027
0.9990832623064309 -0.0038693549479948924 -0.04263405999228717 -2.8020398318431283 0.004070549642221961 0.9999809813684231 0.0046333062769164145 -1.8493791436732532 0.04261532124423938 -0.004802602808054589 0.9990800115113495 91.496843868931
0.9989355581327838 -0.0036797539776968883 -0.045980540542792964 -2.8535447681085864 0.0038350623762608916 0.9999872342175641 0.0032899389776689545 -1.8582260021047325 0.04596784739917665 -0.003462775269956341 0.9989369180248149 92.40904613030216
0.9987833597037903 -0.0039057212521870204 -0.0491583738574545 -2.900109658132249 0.00409252084120393 0.9999847809782954 0.003699876343190947 -1.8783338127312588 0.04914317502943173 -0.003896556594072155 0.9987841434437853 93.31101305390139
0.9985915585071641 -0.0037090885155624796 -0.05292581544593184 -2.9146561691247834 0.003934291940076443 0.9999836429575599 0.004151525533760699 -1.9035631004205116 0.052909551360443084 -0.0043539039620712865 0.9985898171397132 94.18766712444375
0.9984142462931502 -0.003229915409810347 -0.056201071567419186 -2.957669981513754 0.0035344388132423367 0.9999796029521295 0.005319908079738747 -1.9227582273157018 0.056182742378386524 -0.0055101112644748975 0.9984052975283619 95.039911524772
0.9982592849572282 -0.001873497266447051 -0.05894819763721427 -3.0153983722673585 0.0022802377769612493 0.9999740518647647 0.006833455410363145 -1.9388866748141935 0.0589338655813784 -0.006955976218872369 0.9982376540095442 95.85383857498205
0.9980972645830952 -0.0003768328985122219 -0.06165799565919567 -3.075293755587301 0.0008375149988534759 0.9999719281962905 0.007445897395165078 -1.9513862678018956 0.06165345894894697 -0.007483369318644477 0.9980695617958055 96.6639266667484
0.9979096175441512 0.0013200604090088089 -0.06461155201202344 -3.126897987346222 -0.0008115049342481936 0.9999684922518963 0.00789657920943007 -1.9691224570019352 0.06461994020909903 -0.007827639745522266 0.9978792468948269 97.45609892332953
0.9977471321035611 0.0037707204186494202 -0.06698090807568369 -3.186227427663297 -0.0033299344743788024 0.9999720693118225 0.006691198145933731 -1.9831250285059205 0.06700426789030048 -0.00645308172551563 0.9977318205914496 98.17727037942691
0.99761679140153 0.0051323754504229826 -0.0688069490382482 -3.266448278103562 -0.004954883570488734 0.9999839432301809 0.0027499837492785846 -1.9901485413963946 0.0688199581699894 -0.0024024995430365795 0.9976262032211396 98.8933509594419
0.997388549628382 0.007965410005812181 -0.07178184529274753 -3.307642833745617 -0.008044372645888956 0.9999673146347752 -0.0008110060731793562 -2.007157327586701 0.07177303908102754 0.0013863280838125784 0.9974200263457303 99.57358305249721
0.9972165648678842 0.009615099362853506 -0.07393695028427462 -3.3606089173282347 -0.009915888140136653 0.999943982981097 -0.00370216994368974 -2.019496132234489 0.07389721182486617 0.004425015722245123 0.997256046018458 100.2269214491384
0.9971597885209151 0.011424078116257263 -0.0744435799523204 -3.4241345556327327 -0.011802849239154528 0.9999195315646513 -0.004650069393698433 -2.0348468935840343 0.07438446683792024 0.005515508564228094 0.9972143853046427 100.83852814113045
0.9971853220815058 0.013808736250770219 -0.0736936376382667 -3.472650148348204 -0.014175526619310772 0.9998895909470428 -0.0044564964737688634 -2.047366826125966 0.07362396260911733 0.0054885989935653905 0.9972709699027738 101.43187786434974
0.9972997250329825 0.01723361868472941 -0.07138810010195679 -3.5067318470920488 -0.017454564149773793 0.9998446009345098 -0.002472280819871953 -2.069309297596114 0.07133440011298257 0.003711653154622693 0.997445550890564 102.00354971691944
0.9976099931774378 0.019802816586076456 -0.0661978093880055 -3.542832679344771 -0.019926037040789667 0.9998007347526718 -0.0012015972147611563 -2.0805553648426347 0.06616082345589097 0.002517785391104437 0.9978057958322164 102.55445620749568
0.9980707021406156 0.020595309617521738 -0.0585722353192795 -3.577351304665619 -0.020582917471715773 0.9997878171812454 0.000814938226551749 -2.094215732765372 0.058576591202383683 0.00039222151773491326 0.9982828402438809 103.083171032965
0.9985702778011714 0.020228415116861118 -0.04947940494742534 -3.587642146852187 -0.020097275522354574 0.9997930780892247 0.0031465094075871923 -2.1019273303505313 0.04953281547287537 -0.002147609539327781 0.9987701877632295 103.58288490924843
0.9991002021422635 0.01943052471977296 -0.03769934732064434 -3.597240242940336 -0.019288330518867747 0.9998054250151147 0.0041318780404042 -2.110330605311033 0.0377722965291124 -0.003401002713928837 0.9992805846184828 104.07206271904961
0.9995397892395879 0.019414069179251543 -0.023308874807325092 -3.6104436370785025 -0.019325084887263706 0.9998051035209713 0.004036838802815535 -2.116416466844095 0.023382703457478372 -0.00358453502188227 0.9997201609889123 104.54883637675763
0.9997747569764587 0.01940498833123866 -0.008595448826413684 -3.6000102947489676 -0.019375627098504197 0.9998061972608177 0.0034861143702773524 -2.1308485102878914 0.008661431013563219 -0.0033187869361313133 0.9999569817077482 104.99483086192335
0.999800009994624 0.01794852969527997 0.008819880754709975 -3.5692099944703544 -0.017955273266746955 0.999838555755122 0.0006859937522325123 -2.1447938158874957 -0.008806144256488896 -0.0008442199294692554 0.9999608687923965 105.42272049268156
0.9994022504813826 0.017346150780701654 0.029904059688290553 -3.539926133866894 -0.017239608002501395 0.9998441010990194 -0.003816990098727271 -2.1557320775882247 -0.029965607764031264 0.0032991742280236566 0.9995454856087067 105.85064929257173
0.9984014276403634 0.015129740875699139 0.05445805933668804 -3.5012858819681765 -0.014697364646831041 0.9998572774690856 -0.008331396314310065 -2.1687391163632457 -0.05457633881199909 0.007517688018414767 0.9984813005804043 106.25618714996153
0.9965855054311042 0.012919018194758719 0.08155016452168593 -3.4408576423196404 -0.012047828283869579 0.9998650767292403 -0.011165937975507304 -2.1746541809164692 -0.0816834144626248 0.010145309562254724 0.9966066889679264 106.66268916098389
0.9937578697241614 0.010375641959272382 0.11107494053669226 -3.364265431085468 -0.009056568323271142 0.9998824305914471 -0.012373502525392852 -2.1845205916423747 -0.11119026455361393 0.0112903077226871 0.9937350019094751 107.05935867908015
0.9894997349470611 0.008115279341190761 0.14430667614809164 -3.2894844392067735 -0.006168420060397187 0.9998838983061332 -0.013933431095346345 -2.19872350643983 -0.14440299558407452 0.012896982179747218 0.989434910803637 107.448714567555
0.9837440355777244 0.00536057673065635 0.17949634169633538 -3.1852384679995662 -0.0026510212693255926 0.9998789467182302 -0.015331796889865924 -2.2137632395432676 -0.17955680034875432 0.014606715125491589 0.9836391611367251 107.82456365050813
0.9758739869307013 0.002073809133408027 0.21832466866493966 -3.078089225784246 0.0012808985592957438 0.9998833025380505 -0.015223028755215716 -2.2307658982932437 -0.2183307603862962 0.015135409518064713 0.9757574485741127 108.20636144204047
0.9659786190405404 1.0475959178853183e-05 0.25862193922168464 -2.9506296682382174 0.0041552778887765035 0.9998702879730428 -0.015560877043773793 -2.2484047371897558 -0.2585885558608453 0.01610612054340462 0.9658532764653458 108.56676414609112
0.9537105838953809 0.0005917172219658608 0.3007254096957237 -2.819508260916216 0.004461172994214776 0.9998601865572492 -0.016115373815662363 -2.2664897314639494 -0.30069289998509663 0.016710990647836422 0.9535746025823677 108.91400187340884
0.9385225152494051 0.0025386607666026384 0.3452086956776181 -2.674247429078451 0.0032456774925477415 0.9998638751317559 -0.01617704497499027 -2.2823317060473323 -0.34520277221879986 0.016302957033023226 0.9383865193215613 109.24111132838252
0.9207649393802018 0.002192430794703752 0.39011167587677215 -2.5125616978516825 0.0038161165751986028 0.9998857464154787 -0.014626392906167582 -2.2957856639871297 -0.3900991715736625 0.014956181410090263 0.9206513721138804 109.55626225566618
0.9004863302755094 0.00161114073910149 0.43488133233385057 -2.3317801307140598 0.004590928868316569 0.9999021966681864 -0.013210619601728726 -2.305543231808371 -0.4348600836580339 0.013892491628729858 0.9003908630796258 109.86795794023467
0.8778389496531412 0.0005470945602717847 0.4789556129323591 -2.129441930779635 0.00687373697925568 0.999881968967553 -0.013740446626997077 -2.3130883205606443 -0.4789065986304738 0.015354114142843388 0.8777315768314815 110.14865996379139
0.8526167923257909 0.0011040516103497508 0.5225355361256504 -1.9226664237200353 0.008237551437292288 0.9998451007538399 -0.015553689107789447 -2.325534055020393 -0.522471767840519 0.01756574987256418 0.8524756279454665 110.42744121623308
0.8248223378866276 0.0029861572387192524 0.5653841117224498 -1.6996958034072738 0.008979527228902637 0.999790740619611 -0.01838050766532214 -2.3427940861978245 -0.5653206868795652 0.020237535330054755 0.8246229217950356 110.70865778493356
0.7944362325667605 0.007931170587905222 0.6072957837151823 -1.4592478079207678 0.008058848202249069 0.9996890471327984 -0.023597966191403568 -2.343249066441793 -0.6072941028453883 0.023641183892162975 0.794125284242601 110.96796456067554
0.760623885022227 0.01410963179490574 0.649039462455332 -1.2094868052860137 0.0045395769268006024 0.9996237442391553 -0.027051103390016398 -2.3527295773073726 -0.6491769387270466 0.0235220799229975 0.7602736441447095 111.22137761001511
0.7242045210199467 0.01876380802620183 0.6893299146581596 -0.9358732344791012 0.0023121300875764287 0.9995580405990284 -0.029637434576717872 -2.358917659663327 -0.6895813699547921 0.023057384547839597 0.7238410676585609 111.44668956906445
0.685666276343461 0.019006199071344262 0.7276678650882923 -0.6335380375884225 0.004624613749912205 0.9995251475880406 -0.03046460711661678 -2.366731132764837 -0.7279013466349384 0.024253736536173708 0.6852527897287812 111.65730165320561
0.6432511188161473 0.01607394033139179 0.7654865293288954 -0.3361018626510212 0.007817818850049887 0.9995896030412007 -0.02755915819401225 -2.3995821042567544 -0.7656153602496509 0.023711894360376278 0.6428614673595235 111.90273762269901
0.5992651396218667 0.013955317541996283 0.8004289734550386 -0.016512911154820464 0.009129580432236627 0.9996638962979246 -0.024264072197045575 -2.410464172752952 -0.8004985591461836 0.021848193306407943 0.598936318195958 112.09376621604123
0.5532864538355304 0.012798668518591719 0.8328927266378634 0.30144623092149747 0.009160009189780665 0.9997280168844648 -0.02144729558472276 -2.419020045147471 -0.832940690705975 0.019495803148537993 0.5530187333407857 112.25798451798215
0.5055279850318584 0.010136179067774833 0.8627506674720891 0.6664370304727235 0.011076692105382292 0.9997723447476698 -0.01823638039055205 -2.4263549042485546 -0.8627391049683744 0.01877542414041166 0.5053006235962072 112.42783960604923
0.4546323177797984 0.006409803166658433 0.8906561458012475 1.031160646296695 0.012755534340837834 0.9998246990555754 -0.013706476648204544 -2.4368726535118395 -0.8905878687551544 0.017592202300813996 0.45447085984071534 112.57543730324693
0.4030423796096443 0.00638540572316568 0.9151590390923022 1.405229318682464 0.010212972716323057 0.9998820095519448 -0.011474413390675687 -2.4530981553926017 -0.9151243278521728 0.013971169174948804 0.4029296104842556 112.70664308691114
0.3518631390143314 0.01138715628035345 0.9359821921782638 1.8098345859937752 0.0067876766018931224 0.999868673512461 -0.014716085579381404 -2.4590499830950376 -0.9360268472908936 0.011531192491601712 0.351739637729944 112.83476542862675
0.3016956649029614 0.016196479536029904 0.9532666992134988 2.18194409630508 0.005830709300606508 0.9998056502821516 -0.0188325381437494 -2.47387379627027 -0.9533864529181291 0.011239916126151472 0.3015425934717436 112.9157246243504
0.2554018197407095 0.018136981091700515 0.9666648645678674 2.605698847277746 0.007162746925287685 0.9997610992542274 -0.020650410999861885 -2.4823500858451237 -0.9668084637246502 0.012198128334225417 0.2552108934499532 112.9874735297057
0.21422671509750324 0.017654566239304288 0.9766244062224921 3.0175773771149963 0.013499103855681642 0.9996876538301875 -0.021032569376771115 -2.500578282806788 -0.976690682219108 0.017689292535236854 0.21392148138037959 113.04021573919783
0.17899615075756736 0.01730345939457935 0.9836976000311043 3.4635058969032477 0.021913412290040776 0.9995271714842487 -0.02156932605585946 -2.5107703374871373 -0.9836057037125094 0.025416997416638963 0.178532338433522 113.08746809467974
0.1486962460008312 0.01856642680365268 0.988708609359201 3.926975056575973 0.027032296643073484 0.9993737765189551 -0.02283220848806596 -2.5143718211940946 -0.9885133693397685 0.030122128111842304 0.1481012357630841 113.12834376466995
0.12117988990541984 0.01694972308366379 0.9924858392792805 4.37479891342309 0.025298886998370504 0.999476672935847 -0.020158039927869107 -2.522151447908831 -0.9923081177734839 0.027551536154577665 0.12068766406045395 113.14733424297174
0.09511883964536305 0.013313723767154093 0.9953768889742074 4.884401207847697 0.01790073743814814 0.9997260033397184 -0.015082501303290719 -2.5444430329668615 -0.9953049632869768 0.01925261036444671 0.09485445192749054 113.20660938900959
0.07127878970305779 0.009423621058625993 0.9974119156620354 5.402363189811562 0.013372426811827026 0.9998564742424002 -0.010402361112687575 -2.550756294228226 -0.9973667892704419 0.01407928555360128 0.07114254267785602 113.24055434646957
0.048791094653521494 0.0068047527579437085 0.9987858251008644 5.932786365136501 0.01725188320156653 0.9998218741553578 -0.007654572912143782 -2.567368322620125 -0.9986600030082865 0.017604411389509057 0.04866500889877978 113.24833390540957
0.02873173659081707 0.007341730052705672 0.99956019644257 6.494431287065733 0.025571360610602015 0.9996403662842934 -0.008077351764420317 -2.5816677809559843 -0.9992600226312461 0.02579219057848384 0.028533665662944796 113.22983453332387
0.011582397928897037 0.00980286603176904 0.9998848693103521 7.0724223565717255 0.03151244021855115 0.9994516828318736 -0.010163650722465833 -2.580599732553646 -0.9994362481767853 0.03162653161665423 0.01126713487146802 113.20762082499708
-0.0033493339258197086 0.015491742727958174 0.9998743860453193 7.663998990463436 0.03108527867052979 0.9993983958726737 -0.015380239825897264 -2.585070403139108 -0.9995111242063437 0.03102986036670751 -0.0038288840924969314 113.21306617029218
-0.014258760102505263 0.019807897819614517 0.9997021231068318 8.257330801148585 0.02840416779476983 0.9994083057928574 -0.01939694728911749 -2.599068328972363 -0.9994948179016367 0.028119130431397632 -0.014812950130081548 113.2041934128389
-0.020757694018604944 0.01964909259873141 0.999591432185709 8.88412422038667 0.03053610641996092 0.999352868246917 -0.01901028488395049 -2.6115708863621547 -0.9993180996778449 0.030129020672876403 -0.021344267838335096 113.18513361193452
-0.02341151084044557 0.016600663560303007 0.999588074723546 9.5397872671753 0.03630575807586106 0.9992166996933918 -0.015744173029510426 -2.625057504544329 -0.9990664607976313 0.03592220793887456 -0.02399587227194533 113.16040889633814
-0.022842828813324445 0.01482084287912398 0.9996292051496681 10.20124759683283 0.03775580569704628 0.999189598237945 -0.013951555800737855 -2.6464405049086532 -0.9990258776968552 0.03742311303788789 -0.0233838898086145 113.13839939139983
-0.020582229063367485 0.014268063046276043 0.9996863479230328 10.854995923098965 0.03762358046960455 0.9992009708241022 -0.013486515369765872 -2.6572445608947053 -0.9990799958158658 0.03733419720684017 -0.02110259888000776 113.11026232379878
-0.0204938244763897 0.014781248828442135 0.9996807079469938 11.551791803815158 0.03408660158731137 0.9993197377134958 -0.01407712358607995 -2.6703048287745306 -0.9992087403293463 0.03378722390640498 -0.020983725840270084 113.14156943762137
-0.020464609077631035 0.01430089840203967 0.9996882934596137 12.38359615898045 0.03356639665053512 0.9993438330571388 -0.01360883340203558 -2.70845673360234 -0.999226949592133 0.03327743432958668 -0.02093121050587765 113.1834811275766
-0.019092311813352802 0.015628599533184403 0.9996955689139835 13.12400549586564 0.03339449295427372 0.9993299026334128 -0.014985110710989789 -2.711957075158482 -0.9992598718401279 0.03309822622626485 -0.01960142726248071 113.15622234283794
-0.017948073088148497 0.01526337604812296 0.9997224094837708 13.878257491973315 0.03345558856154014 0.9993327283298974 -0.014656796468684395 -2.7301890188339835 -0.9992790352381179 0.03318324035318253 -0.01844674207656971 113.14483955951059
