1.0 0.0 0.0 0.0 0.0 1.0 0.0 0.0 0.0 0.0 1.0 0.0
0.9993309072009204 0.03657503734100027 6.750177627772774e-05 0.15214223414903885 -0.036575083100490555 0.9993269989909186 0.002795064220499519 -0.2502615043563499 3.477323072108564e-05 -0.0027956629462334063 0.9999960915221187 -1.219307220136099
0.9992998481455909 0.03738266465132977 0.0015329317549150935 0.1480687981852127 -0.0373880963343339 0.9992940351343568 0.0036826074172466045 -0.2721424376889434 -0.0013941838808332653 -0.0037373424329610835 0.9999920442297755 -0.011592618319068064
0.9993281483190158 0.036563133115809165 0.0025277013357559463 0.14501726582502472 -0.0365730968103349 0.9993229155888241 0.004014843552846146 -0.289702143381821 -0.0023791946093235355 -0.004104592039116493 0.9999887458152733 1.224596794531867
0.9993200638761375 0.03673672107729429 0.003134207887417517 0.14544535123041372 -0.03674914484682722 0.9993165047975172 0.004002947951269863 -0.30333542579493894 -0.002985010488990156 -0.004115405661990628 0.9999870764908004 2.451308468113018
0.9993542366411358 0.03569013282211956 0.004162226153418227 0.14639982141256805 -0.03570575584780463 0.9993553418258113 0.003741625790054678 -0.32336821426789436 -0.004026003818887885 -0.003887825016034178 0.9999843379322974 3.6504387662025373
0.9993348459815286 0.0361281374183393 0.004962186388692135 0.14595775499612254 -0.03614469591154758 0.9993411554089598 0.0032887783973413165 -0.35238977384944015 -0.0048400996411526 -0.003465947571250161 0.9999822801644522 4.8880494315465555
0.9993883938695961 0.034387256637500425 0.006352541199839044 0.06170619215292594 -0.034402986429633554 0.9994051994603365 0.002383656092539064 -0.3704419627678632 -0.006266795311115464 -0.0026007446225518433 0.9999769814370413 6.063724017580892
0.999385440991162 0.03442091588654692 0.00662879207940314 0.06265839208001872 -0.03444723900090534 0.9993989135571977 0.0038986287214166776 -0.38689214743770317 -0.006490613231059295 -0.004124576369060324 0.999970429467622 7.296623733509262
0.9994225936787557 0.0334745563747983 0.005825231320652501 0.04528194003893866 -0.03350232931713025 0.9994274122438962 0.00473725509083385 -0.40301587642632936 -0.005663318351921905 -0.004929678587852018 0.9999718121498552 8.497025110913448
0.9994509262953089 0.03286884543918812 0.004181498169770471 0.025430325420187673 -0.032886159628341766 0.9994505230183973 0.004141562887516135 -0.41469733331419667 -0.004043072142351123 -0.004276802280534966 0.9999826811149806 9.718596817054994
0.9994455074278915 0.033218136218714424 0.002287598819588772 0.015401255655799053 -0.03322675984014658 0.9994404582016443 0.0038409556379202818 -0.4378519761855363 -0.0021587294248408676 -0.003914835353138336 0.9999900069257833 10.953486971856968
0.9994619166455601 0.03279784988245389 0.0004221590597023315 0.005525354704495561 -0.03279918266449888 0.9994551965879684 0.003677448823064871 -0.45435881494957514 -0.0003013166515568972 -0.0036893165211790246 0.9999931490524733 12.18315762991148
0.9993945970768089 0.0347910366069197 0.00015200493019576773 -0.01581026688341011 -0.034791361061183156 0.9993877289155487 0.0037051975024503143 -0.4737863477972015 -2.300420002869853e-05 -0.003708242823460851 0.999993124179346 13.421897602456157
0.9993935162287627 0.03480548671215634 -0.001085271689365142 -0.009362510922536977 -0.034801511150724405 0.9993881536983612 0.003488992548973715 -0.4821697769100728 0.0012060437536978478 -0.003449107436815788 0.9999933245358958 14.633954180816112
0.9994004416268338 0.03458824313832101 -0.0015526469958896038 -0.015450219423943003 -0.03458197787215142 0.9993942729664698 0.0038953778085421367 -0.49783372063519166 0.0016864407903881395 -0.003839348698105263 0.9999912076208645 15.854169272072873
0.9994154383052855 0.03415790538957127 -0.0014209772874076302 -0.02206435888431895 -0.034151208019244886 0.9994065597541956 0.004497033590010269 -0.522604088900286 0.0015737432701982035 -0.004445876705500824 0.9999888786943778 17.058567197631426
0.9994164246605539 0.034089174692792 -0.002176760776841078 0.00783712330218696 -0.034081638664886206 0.9994132345559349 0.003410058703314487 -0.5536002510119342 0.002291729615687194 -0.003333881102892975 0.999991816572596 18.372363639743092
0.99942145769077 0.033897616565808156 -0.002775157367439749 -0.00756173054161462 -0.03388956727432956 0.9994213823533629 0.00289788282233284 -0.5789898837873401 0.0028717829331788344 -0.002802157392212229 0.9999919503559686 19.611522444550864
0.9993894383071337 0.034701198102005226 -0.004071541530816566 0.0005700343563049735 -0.034686947329761665 0.9993920277395957 0.003520024926258115 -0.5981250087034771 0.004191215228798824 -0.003376646387249836 0.9999855158821458 20.83809881219421
0.9993791658934097 0.034935371318372176 -0.004560987726367089 -0.01485885013924266 -0.03491943973467003 0.999383906178309 0.003527151882414212 -0.6199051934819827 0.004681400090716502 -0.00336569497018504 0.9999833781571363 22.041528281712736
0.9993779367222648 0.0348159004283668 -0.0056207357268236 -0.026795170349374727 -0.034798537016455654 0.9993893580040396 0.0031579945832607022 -0.6455673694696542 0.005727251894504733 -0.0029604367305495834 0.9999792169840838 23.237494813955777
0.9993511994662122 0.03542840252498756 -0.006481390280667977 -0.04138601987988678 -0.03540476565273716 0.9993661087858621 0.0037260138592523162 -0.6601159055536321 0.006609288503132936 -0.003494124315480555 0.9999720538098804 24.4514133233674
0.9993986253932727 0.03385652039884059 -0.007491567827888757 -0.04209361691175358 -0.03381343079115698 0.9994113003416607 0.005805570387347046 -0.6884096356210349 0.007683713956714173 -0.005548763454472953 0.9999550848732945 25.66178590209108
0.9993902751813897 0.033872554006757406 -0.00846923597059268 -0.05566424390804167 -0.033821945852933535 0.9994095682037893 0.006049046324548709 -0.7072681285572749 0.008669132112703684 -0.005758912030462605 0.999945839073616 26.866747818272966
0.9994292179436539 0.032284678218377466 -0.009946751875465143 -0.06167368572833074 -0.03223414469791357 0.9994668201478125 0.0051995518282003175 -0.7394068405041082 0.01010931432542366 -0.004875958978087754 0.9999370114101757 28.17377442860625
0.9994686382338713 0.030691718038551797 -0.01097541027810765 -0.08106631238116047 -0.030650881071277752 0.9995226599150572 0.003869858638690808 -0.7417499999160315 0.011088943885020967 -0.003531396348627128 0.999932279988672 29.355575491486825
0.9994378648092263 0.03145076789780741 -0.011610494572279847 -0.10517072242679225 -0.031404433216348185 0.9994981362156946 0.004151779824695796 -0.7606572284851967 0.011735244349165452 -0.003784824961748054 0.9999239766802646 30.585265640099525
0.9994399575446548 0.03136026443619289 -0.011674976558041372 -0.1365158923130193 -0.031302786866984685 0.999497069603783 0.005073794222325962 -0.7889607713349462 0.011828220385962183 -0.004705493379278362 0.9999189724845502 31.80729307430002
0.999442897015748 0.031014945011774604 -0.012327562236130565 -0.15308896740151653 -0.030954142840309798 0.9995078309295161 0.005092833356342526 -0.7961742498965649 0.012479448937784571 -0.004708407001351415 0.9999110431722008 33.0480744260018
0.999443777053757 0.03083840134716784 -0.012693679957804908 -0.18547215070505996 -0.030781246682426093 0.9995152183468806 0.004673665120993044 -0.8015604635141321 0.012831654655414238 -0.004280338227120732 0.9999085094864758 34.249512530098194
0.9994250375351148 0.031135853886756604 -0.013422106789804874 -0.20573868937131515 -0.03108257462615243 0.9995081627657002 0.004160062420706818 -0.8244637097558734 0.013545032393613815 -0.003740476905029035 0.9999012655907477 35.50637828652807
0.9994476987987977 0.030270798407627076 -0.013710438707512663 -0.23191655225378152 -0.03021083153306794 0.9995331468090415 0.0045600535189616615 -0.8312058361874525 0.013842074406253098 -0.004143331241888474 0.9998956094424816 36.706492233496945
0.9994517828781753 0.030346174624010444 -0.01323795253526189 -0.2624011094781388 -0.03027404252036511 0.9995258606567002 0.00561571259573105 -0.843005541006936 0.013402091296208495 -0.00521186762799973 0.9998966048470793 37.93138286909137
0.999455256556652 0.030539837644131814 -0.012510334046175721 -0.3027957711080564 -0.030464178839110224 0.9995166653018877 0.006194319288919049 -0.8515558948501306 0.01269346087304573 -0.0058098279203807 0.9999025562276557 39.138605868318145
0.9994295386597698 0.03148520848570357 -0.012217974501997058 -0.33023055120745104 -0.03141676472058701 0.9994898089857259 0.0057540097469776985 -0.8670681316543127 0.012392907197705874 -0.005366878076574367 0.9999088020769196 40.35607947160592
0.9994128221129805 0.0319427687011287 -0.012396391566662546 -0.3488069227875625 -0.03187101546993422 0.9994743195969911 0.005943302032293245 -0.8831358712200921 0.012579720548686418 -0.005544726669371541 0.999905498853306 41.548467984967274
0.9993159412151771 0.03525261785619164 -0.011175981724665045 -0.3789111770419132 -0.035170021116265396 0.9993531784113869 0.007502960331767481 -0.8956121474811006 0.01143325185177755 -0.007104768352588892 0.9999093974049599 42.756760732523205
0.9993404917476935 0.03491884360395656 -0.00996272627550216 -0.3937305276751548 -0.03481082984931567 0.9993353814316679 0.010816725198731083 -0.911276944627992 0.010333812398149718 -0.010462780709987777 0.999891865424024 43.959960661483585
0.9993237410469785 0.03596250863158984 -0.007665412760851768 -0.4109806603207488 -0.03585893229324061 0.9992690661992166 0.013246520755818236 -0.9132212042970274 0.008136187968587553 -0.012962689160369602 0.9998828787088373 45.19969308846154
0.9993555425604191 0.03506553929781397 -0.0076751226390016905 -0.37563937413923326 -0.03493500856926377 0.9992529197900906 0.0165271736012005 -0.9233690981829241 0.008248922962164154 -0.016248392066054284 0.999833958727764 46.54517498818085
0.9993851377198473 0.034328852806881464 -0.007132767320283741 -0.37216996037019895 -0.03419929941976841 0.9992608620672154 0.01755384458978691 -0.9212311300189799 0.007730098568509261 -0.017299115747599066 0.9998204769709772 47.80258716284235
0.9994517414242114 0.0326662841118586 -0.005397262865046644 -0.3887137676935804 -0.032577305778023785 0.9993439396596207 0.015824329806773726 -0.9122169349856816 0.005910643988282107 -0.01563982569953206 0.9998602203006839 49.0269303657394
0.9994086910498682 0.03412198199128467 -0.0042377587207857335 -0.4000451283058004 -0.03405849032918242 0.9993183066593354 0.014245743645579326 -0.917545045307593 0.004720962877013346 -0.014092988345451122 0.9998895439942398 50.24650169550889
0.9993981096396719 0.03447344840620434 -0.00387295799552143 -0.41456769454145387 -0.0344183539269073 0.9993164631290615 0.01349012350518292 -0.9174006632144769 0.004335361762581143 -0.013348703090851613 0.9999015035313128 51.453845881160994
0.9994101223755969 0.0341868077358025 -0.0032664154710876836 -0.4393060052436311 -0.03414242379253852 0.9993350766346111 0.012794510747457898 -0.9227091519881672 0.0037016470341168914 -0.012675440210556409 0.9999128117114529 52.67129646678597
0.9994362716040213 0.03327456920526333 -0.004465651851307649 -0.4395856771376678 -0.03321951171542484 0.9993774271606136 0.01188369148123551 -0.9274575748527064 0.004858296372361238 -0.011728645532906964 0.999919414668163 53.81991641158957
0.999428147619675 0.03342941152543131 -0.005084504948216028 -0.48481109352885726 -0.0333659664582807 0.9993700830681232 0.012089224570553999 -0.9292439205173078 0.005485437795651341 -0.011912661897147906 0.9999139955309728 55.04000174168118
0.9994361609454491 0.03302355200323306 -0.006066729573021898 -0.4937824436719986 -0.03293829645404796 0.9993641305715055 0.013652954030692757 -0.943749134613067 0.006513740962585802 -0.013445428224817528 0.99988838959082 56.29394299856039
0.9994487694634356 0.03234080678279557 -0.007498628852138055 -0.5080842146245244 -0.03223314913643541 0.9993814942615399 0.01405891262936036 -0.9545986027885175 0.007948667484084774 -0.013809458505298423 0.9998730507124481 57.55775448032485
0.9994151820829349 0.03319798063453607 -0.008196822794421812 -0.5372585139110377 -0.0330790114714874 0.9993511986369344 0.014246430535104 -0.9678371378026742 0.008664457409635631 -0.013966956172026418 0.9998649165327711 58.77254137496883
0.9993991232146167 0.033590216776511084 -0.008549260480447818 -0.5621217215404364 -0.03346822505046872 0.9993412547796847 0.014033332011193556 -0.9730444230886841 0.009015011360321836 -0.013738771133991747 0.999864978753582 59.9723652677771
0.9994309129742127 0.03248901133572862 -0.00907272472625814 -0.5665643397956346 -0.0323648148621813 0.9993847312826849 0.01351582916332994 -0.97677077254573 0.009506258489452461 -0.013214500424249452 0.9998674952352783 61.19423260504247
0.9994548313023393 0.0318602776926321 -0.008658111327591743 -0.5852990128353125 -0.031751688701595136 0.9994188342634941 0.012402579731471927 -0.9779029138973986 0.009048229164294999 -0.01212090857761464 0.9998856000184438 62.425956871450616
0.9994598809836289 0.031201415418873973 -0.01031590907527116 -0.5862515044267158 -0.031055714807412794 0.9994196778107933 0.013994648347522143 -0.9918628755315325 0.010746575361065039 -0.013666721641601397 0.9998488544963083 63.642896895164164
0.9994887318419416 0.030369186541950245 -0.009999371468623772 -0.607075869602286 -0.030207886796050628 0.9994170851175918 0.01590514226196863 -1.0205183536231293 0.010476568918509965 -0.015594950587824855 0.9998235039344989 64.8905646668244
0.9994525828185551 0.03138268302542779 -0.01047195795659952 -0.6240484338292233 -0.031234375241959877 0.9994135088873483 0.01403752316908798 -1.0196343292120864 0.0109063513864035 -0.013702753723385832 0.9998466312589309 66.10136878980997
0.9994042623316106 0.033199888089281857 -0.009428036076951925 -0.6667591131139707 -0.033076341289871275 0.9993686551231445 0.012970998582735201 -1.0222620809548706 0.009852719436028974 -0.012651426331308361 0.9998714243999067 67.32040560086598
0.9993339441040889 0.03535522880696696 -0.009037475165816497 -0.7026706125450372 -0.035231839327333404 0.999288439277865 0.013465980217627873 -1.0337507039285512 0.009507137265165555 -0.013138604249142887 0.9998684870618764 68.52639430415536
0.9992642491196074 0.03752676736769236 -0.007918469698013016 -0.7394129267734362 -0.03741715329525556 0.99920766662196 0.013564497896248452 -1.0351862290505722 0.00842122738718035 -0.013258231210424814 0.9998766435088202 69.73256090897314
0.9991981751442195 0.0391251382812003 -0.00849884362361034 -0.7444910988201063 -0.03900497381765826 0.9991427184297386 0.013872282664217835 -1.0428504870159354 0.009034312699116705 -0.013529662350151959 0.9998676559579 70.99017489458298
0.9991899491573915 0.039640273929333864 -0.0069349971634418955 -0.7682143824088841 -0.03953586536663292 0.9991115556529205 0.014595023484481235 -1.0427121046048893 0.00750738653334492 -0.014309019659237919 0.9998694370285705 72.20476138363155
0.9990961480173182 0.04226343372487405 -0.004548536769154365 -0.7841349094186489 -0.04219050689660853 0.9989956951413722 0.015085165455295807 -1.043768413913836 0.0051815195420261105 -0.01487962562666147 0.9998758665936717 73.37841989018987
0.9991458444917527 0.04128350664339028 -0.001803750006923042 -0.7869028819329205 -0.041258372905874585 0.9990732742225298 0.012261296808808326 -1.0412579311646604 0.0023082677535585325 -0.012176403964186223 0.9999232005941651 74.60715700276592
0.9992813038166677 0.0378618373237763 0.001832243686980017 -0.7996649824815346 -0.03787390324843332 0.9992574977465801 0.007072527834636059 -1.048901104254946 -0.0015631043435707498 -0.0071368390560030285 0.9999733107603922 75.90959567479257
0.9992476058444105 0.03857909477969349 0.003984427210145849 -0.7984456082275914 -0.03860492266406605 0.9992326063596125 0.006622562485716511 -1.058903783701271 -0.0037258771202232964 -0.006771398212715512 0.9999701325569328 77.08849223541777
0.9992837021473 0.03730350150892459 0.006366427409460571 -0.7897530186663736 -0.03736786334068058 0.9992483993442406 0.01030918024507227 -1.072524153376824 -0.005977073877616946 -0.01053969559080471 0.9999265920079907 78.23386144700606
0.9992003228484773 0.038485710830588715 0.010842734035433113 -0.8027095550836659 -0.038606579208024946 0.9991920803361977 0.011167749785695761 -1.0783814266513991 -0.010404175188515852 -0.011577420061728714 0.9998788509031287 79.42900546231377
0.9991639116599976 0.03811080322741305 0.01480014573083296 -0.799378206879028 -0.038257561436300436 0.9992202202074456 0.00976271076759116 -1.0965209583499358 -0.014416540127235384 -0.010320765763515103 0.9998428102280951 80.59447538852402
0.999127413588286 0.03736416164230969 0.018663623473200334 -0.7955835635186901 -0.037490325904608074 0.9992761340415285 0.006456268162289767 -1.107321359553527 -0.01840888046428446 -0.007150339836992144 0.9998049738625364 81.78097233420777
0.9991028181488973 0.03636237129947301 0.02171029065697998 -0.769714065717701 -0.03643861676799022 0.9993310019587303 0.003126616733117386 -1.1322540195561157 -0.021582075316494306 -0.003914904550500451 0.9997594148330855 82.99964389225732
0.9990696435978951 0.03548807548681191 0.02450395354666743 -0.7756578724789418 -0.03555798184815277 0.9993646778751171 0.0024229202318604677 -1.1619903114402277 -0.02440240086674534 -0.003291977187931346 0.9996967968930044 84.2484899951816
0.9989705771785273 0.03564098615810618 0.028062537969285106 -0.7513729288290921 -0.03575948527434075 0.9993534564799984 0.003732054982719998 -1.174515140520223 -0.027911380197225853 -0.004731715033423074 0.9995992025448641 85.4342857787337
0.9988163244661211 0.037265272094703525 0.031260989678767434 -0.7058378096712976 -0.037405235496709 0.9992925523222101 0.003904258034336841 -1.187940072882331 -0.031093380926236282 -0.0050689613404181315 0.9995036304553903 86.57785305316986
0.9987029969762409 0.03711744732154317 0.03485138354509247 -0.6733632013138987 -0.037197556610534956 0.9993065645846153 0.0016528037694221165 -1.2034698560481027 -0.03476586850462277 -0.002947046390309539 0.9993911392966683 87.7485555834697
0.9986207115781192 0.0365083528701508 0.03773346761058953 -0.6310127865277936 -0.03651784187639366 0.9993329052076929 -0.00043794273943950163 -1.2343001142175363 -0.0377242843789192 -0.0009406061135619842 0.9992877431592152 88.88897437565008
0.9985137178691541 0.03654629899791758 0.040431711028277306 -0.5749874861391524 -0.03655049923989657 0.9993316051589467 -0.000635559405017395 -1.261151164612341 -0.040427914025257757 -0.0008431844387761405 0.9991821019251539 90.05577213540606
0.9984139717084778 0.03576384988355268 0.04347974400579762 -0.548917661187286 -0.03582016758388563 0.999358118348281 0.0005166097613159139 -1.2752633502688486 -0.043433359201946777 -0.0020732421204109077 0.999054175195492 91.20615684615832
0.9983054062772421 0.03540213957048332 0.04618445963159829 -0.49610517047865993 -0.03552046077138015 0.999367428455039 0.001743505018993709 -1.287163335746783 -0.04609352084859169 -0.0033810437729245024 0.9989314069938866 92.40661165831581
0.998198714475411 0.03474862856180112 0.048906637920746315 -0.4505275555743966 -0.034959776518029895 0.9993827017338337 0.0034683571028071222 -1.3055796719033768 -0.04875592728526869 -0.005171874733321228 0.9987973324285044 93.58714023806436
0.998166615555746 0.033122008234455574 0.05065905803016923 -0.3754908993712086 -0.03338964509534751 0.9994325225004353 0.004445736027193629 -1.3264518977045598 -0.05048305844928705 -0.006129073252410078 0.9987061105603953 94.76351010808342
0.9980752997616504 0.032081809214510794 0.05307026967347471 -0.3257592513922833 -0.03225028651268373 0.9994771291301237 0.0023210699377301256 -1.357590973724058 -0.05296805665249018 -0.0040281339761427 0.9985880828004753 95.94477047976109
0.9980136951123868 0.03078225054387822 0.05496469248138944 -0.230640461089571 -0.03070099687960136 0.9995259155921232 -0.0023222511333873966 -1.3320334732598786 -0.055010118693914 0.0006301675822514983 0.9984855981585813 97.26121704057282
0.997888983674935 0.03128005003921614 0.05691339675111269 -0.1775820722759662 -0.03102832631562053 0.9995044459593423 -0.005301459568788172 -1.3514049062118443 -0.0570510230079777 0.0035243406549678863 0.9983650433567328 98.43286817535639
0.9977583920455041 0.031117242728908066 0.05924447913283009 -0.13764644189384864 -0.03079867307801367 0.9995058608546454 -0.006282981286603349 -1.3851361120650991 -0.05941071317030084 0.004444245961284113 0.9982237303522852 99.66502825381218
0.9977462675420848 0.031594898925376695 0.059195844176206915 -0.06316663480903821 -0.03130480249939056 0.9994929292492447 -0.005821831433363057 -1.405494410397453 -0.059349767870756576 0.003955596372176319 0.998229411663986 100.89602029694124
0.9977668734928384 0.032517617576961776 0.05834270054980894 0.02671080587295988 -0.032331241596140085 0.9994686515521553 -0.004135865250295466 -1.4198030119313687 -0.058446188730987676 0.0022403373931278547 0.9982880465633086 102.16418320127498
0.9978923448750905 0.03192132172880365 0.0564968783100427 0.10024825515000144 -0.03181944204657525 0.999489980659908 -0.002702159932604758 -1.4383394332938984 -0.05655432032602112 0.0008987655661756608 0.9983991191266741 103.40333219990548
0.9980244689620699 0.03170431353259355 0.054240168292561446 0.15910829393445775 -0.031649647879182535 0.9994972811768769 -0.0018667375698896787 -1.4607386442659367 -0.05427208437219026 0.00014636754451352024 0.9985261736351431 104.59923599843484
0.9981658494754863 0.03176462741784852 0.051535865044512186 0.21320661677802627 -0.031745623231082994 0.9994952752694899 -0.0011874845837893258 -1.477427030689475 -0.0515475736242845 -0.0004507315962739075 0.9986704383801881 105.8233137033947
0.9982848245807247 0.0327474960448643 0.04852845056895426 0.2597956634789327 -0.03272110327560753 0.9994636251997235 -0.0013383957013783844 -1.490491592045753 -0.04854625023890996 -0.00025180432490185103 0.9988209039574227 107.0197346245507
0.9984102786609056 0.03380520477694697 0.045101259342078766 0.2677665827632189 -0.03379051872352783 0.9994283449509631 -0.0010881879312124693 -1.5303190710187136 -0.04511226339530838 -0.00043753693261592083 0.9989818277890669 108.13027594112192
0.9985692960524909 0.034081528547320265 0.041204494816840985 0.3098655524656821 -0.03410093645452164 0.9994183670169586 -0.00023195275478469889 -1.552780073434336 -0.04118843422803978 -0.001173490960326968 0.9991507072533194 109.35417138797776
0.9986848954150548 0.03489514624350059 0.037560730004430595 0.34545938250432606 -0.03494492002878502 0.9993890156757341 0.0006692614355156174 -1.5679739700143185 -0.03751442701152245 -0.001980937992960857 0.999294122693947 110.59169201258094
0.998841116483739 0.03491968414980863 0.03312158933981605 0.4514885077458003 -0.03501743494569359 0.9993838780263635 0.002375624299139698 -1.6286479920231782 -0.033018226350637454 -0.0035327043273035825 0.9994485062917419 111.95882656488936
0.9989658361231101 0.03526178333374178 0.028703046789146775 0.4762924608549964 -0.03536982822591847 0.9993689580752322 0.0032651013604153446 -1.654220113200182 -0.02856980066652058 -0.004276946545026641 0.9995826500185596 113.18440916029867
0.9990875081582539 0.035597512219036384 0.02360017300670922 0.4985348193172328 -0.035699011359244394 0.9993550030915562 0.0038933769209125468 -1.683641087614652 -0.02344635643556565 -0.0047323270904820166 0.9997138957972952 114.4373919438629
0.9991789097138739 0.036203273323713085 0.018188715832702925 0.5268144825519319 -0.036284362154392756 0.9993328969260096 0.004148033813554544 -1.701794951824101 -0.01802640968255087 -0.0048045938556808415 0.9998259670721894 115.7043755447282
0.9992339027589955 0.036831058253932174 0.013231807318801359 0.5324293278682709 -0.036885219455051195 0.9993120046296251 0.0038727237021174477 -1.7214179178588775 -0.013080067384350259 -0.004357814935915023 0.9999049561264336 116.94969904207458
0.999242214025229 0.03790578852305554 0.008840187011816002 0.5181044098919907 -0.03794076265101381 0.9992726784810214 0.0038226392485493717 -1.7422611153261585 -0.00868885719861507 -0.004155145943346097 0.9999536181857495 118.20294863415334
0.9991796601567136 0.040184986948993646 0.005017325285803039 0.5238604950557156 -0.040204652540089585 0.9991839243513223 0.003882168469012489 -1.754726972475431 -0.004857225879554738 -0.004080703591335325 0.9999798774050179 119.47512241540913
0.999097808343339 0.04234627675645728 0.003219038428223902 0.5215453262041021 -0.04235842546168256 0.9990952356560729 0.003804455512049958 -1.7652422269393566 -0.003055021431011417 -0.003937376563349062 0.9999875818778223 120.71853619760424
0.9990651016330313 0.04320472221008434 0.001508203477761243 0.5273541610016204 -0.04320956587760135 0.9990604406164216 0.003342067023659047 -1.7766244582687847 -0.0013623933536666944 -0.0034041113481854805 0.9999932779325464 122.00332634323922
0.9989605695512391 0.04557920556103902 0.0005625853610775372 0.5157287409825346 -0.04558084070067558 0.9989550282125045 0.0033523976455557282 -1.7869850593590255 -0.00040919785383802554 -0.003374556175090391 0.9999942224471787 123.23136980294345
0.9988869272129006 0.04716891163158634 -2.0461204095180016e-05 0.4913107012019061 -0.04716834454142765 0.9988768654985685 0.004489414769859109 -1.8033262930056395 0.00023219903196794271 -0.0044834526033242835 0.9999899223174018 124.47073830499856
0.998899883173369 0.04687963887330685 -0.0011501544844252133 0.5007307038943563 -0.04687317081606828 0.9988877187442669 0.005121640315567063 -1.8230229128225526 0.001388975837583743 -0.005062094525262626 0.9999862228776654 125.65944411854014
0.9987395072552414 0.05016852733317788 -0.0015860368147748343 0.4799524457440041 -0.050155230887697015 0.9987130117519566 0.007534784133467687 -1.8771936634925162 0.0019620046277827236 -0.00744573855009271 0.9999703553182385 127.1492079743735
0.9986962235087999 0.05097229715172762 -0.002770933477566805 0.48621665399797404 -0.05093979949219397 0.9986438706811194 0.010749715285847934 -1.8916680115627116 0.003315113415283918 -0.01059454926401769 0.9999383808760098 128.45907345871353
0.9987495077239873 0.04986867197194368 -0.0035406746317183783 0.4645835643669541 -0.04982902820287399 0.9987023699292027 0.010518756872898372 -1.8962425455893612 0.004060636581892548 -0.010329174872594462 0.9999384077917005 129.69145102080438
0.9987363332379898 0.05007924661266744 -0.004219683523974106 0.4512196935800828 -0.050040598829410386 0.9987082872231559 0.008814505124193281 -1.8946855972592311 0.004655656680735047 -0.008592211036634009 0.9999522482450715 130.97952398088347
0.9988913433150042 0.04676691680823382 -0.005379567138562091 0.4488799305313667 -0.046711560135676955 0.9988584365526081 0.009992691197593767 -1.9063734749255348 0.005840753379282155 -0.0097303247597996 0.9999356011164076 132.29619501164035
0.9989858091894893 0.0445349055702906 -0.0066328895563380974 0.43430164228852963 -0.04445495200887395 0.9989422915952103 0.01174969380020231 -1.9139425261076861 0.007149145397178155 -0.011442912581816659 0.9999089705926909 133.58814498227457
0.9991335978275107 0.041098891468286027 -0.006552466125995721 0.42927094795245896 -0.04100474296447266 0.9990621518816833 0.0139078298795283 -1.9269638975561048 0.00711791729874724 -0.013627097916226195 0.9998818117436229 134.86185187666464
0.9992079617933181 0.039255741916327164 -0.0065142778142961745 0.40714583880835775 -0.039154026173524516 0.9991195538148127 0.015069154564630547 -1.933863231356441 0.007100093185731706 -0.0148021590144304 0.9998652333016013 136.16302926373513
0.9993369057138666 0.03590139560959168 -0.006069486923794059 0.3976065445673683 -0.03581439380448598 0.9992620381493297 0.013881941869381824 -1.9472460930261741 0.006563388960873188 -0.013655361838167861 0.9998852199219753 137.45083875894397
0.999414732742474 0.03365987260635266 -0.006099586331326571 0.3851905356952426 -0.0335786412123007 0.9993520006499222 0.012963550876723795 -1.9540572663506846 0.006531985274384622 -0.012751147913891309 0.9998973654306992 138.74525104701084
0.9995017960312229 0.03094547021033299 -0.006207866285699978 0.4142491419584454 -0.030868939770517263 0.9994506014877059 0.012066637613973285 -1.9647095806910062 0.006577863468020188 -0.011868995716747512 0.9999079250875412 140.1241925961773
0.9995041338860989 0.030980678241499596 -0.005628847155129985 0.40308424576016955 -0.030909437427367844 0.9994461252979842 0.012330827416269403 -1.9700455095365126 0.006007746875724148 -0.012150728477867606 0.9999081291673423 141.44641668893865
0.999487522884654 0.031540642525235564 -0.005466211393048701 0.395724369424979 -0.03146052092894918 0.9994045288661341 0.014171213947283854 -1.97158343172348 0.005909925615212443 -0.01399198166650613 0.9998846419603947 142.72726080605108
0.9994149241385469 0.033860582163031554 -0.004823938714689258 0.38226769178735415 -0.033779948528183563 0.9993025436352058 0.015916700714689917 -1.9813628460891322 0.005359522980243461 -0.015744435835822464 0.9998616845612377 144.00033293982077
0.9994239003001546 0.033673574842748924 -0.004237672254493634 0.370942792803976 -0.033610802985528244 0.999335504818133 0.014101869824782912 -1.9920193170774265 0.004709716710665722 -0.01395131417454657 0.9998915838236205 145.29325970002049
0.999396560953485 0.03455285778251185 -0.0035516156054207506 0.3531496768930245 -0.03450794617953313 0.999332234379652 0.012011951558451849 -1.9907146693157307 0.003964291212512367 -0.011882144117694383 0.9999215464456943 146.58730116467316
0.9994077708772229 0.03427924069039476 -0.00300685348999061 0.33098455690769385 -0.034249524147094146 0.9993687972614865 0.009432770315631804 -1.997230329680001 0.003328303759860173 -0.009324200653130211 0.9999509896371233 147.8653268284222
0.9994878122517739 0.03183813313460517 -0.0032320950892616826 0.341967595736798 -0.03182064181704662 0.9994794038828271 0.005326158876705483 -2.011749679122228 0.0033999874285204875 -0.005220583543229697 0.9999805926081536 149.1500431677739
0.9995059327896623 0.03128367529955285 -0.00303677098565543 0.3314383837295341 -0.031278715130638096 0.999509310558884 0.0016673589537796807 -2.0257729049050934 0.0030874419903155273 -0.001571548871815452 0.9999939989500437 150.39319464971663
0.9995126596870374 0.031046784032933095 -0.0032465869088880808 0.32642847548788495 -0.031044455415934025 0.9995177118165989 0.0007652142435285111 -2.046189476182076 0.0032687785597432933 -0.0006640528012326555 0.999994437044829 151.668184230367
0.9995067212447615 0.03119521781457411 -0.0036294038144097044 0.31442019770140056 -0.031189857110016928 0.999512315626715 0.0015243765869002257 -2.0813291564826475 0.003675187070544866 -0.0014104240579489355 0.9999922518219695 152.9213041843779
0.9994880678950868 0.0316980053328097 -0.00434034483278795 0.31519509875128604 -0.03168978213645687 0.9994958496307407 0.0019504561178889709 -2.0993424014248774 0.004399982214764043 -0.0018119130346348528 0.9999886784997442 154.20286507118666
0.999465697212199 0.03236349611390414 -0.004574299445619913 0.30282132568927345 -0.03234879971041275 0.9994713529581112 0.0032511187887208463 -2.1290497696266404 0.00467709882603388 -0.00310140861030675 0.9999842528816159 155.46275476809674
0.999440025958215 0.03297760516282628 -0.005666751306285599 0.30447928285862225 -0.0329558009285924 0.9994492047657308 0.0038990099131979206 -2.1494440730771247 0.005792210096115695 -0.003710074240896078 0.9999763425458271 156.75334209387879
0.9994443047275074 0.0326608226048248 -0.006659760845954934 0.2950668402669721 -0.032638995151387365 0.9994615572241566 0.0033603015596107154 -2.1614053461807505 0.006765925158975747 -0.003141066353959368 0.9999721775924084 158.05929738299486
0.9994272497073426 0.03310098287711094 -0.0070354441925244305 0.27553410529211536 -0.03307930410878331 0.9994476846197117 0.0031757436886343123 -2.169099453999301 0.007136678645949317 -0.0029411971825223536 0.9999702081447417 159.34605195739397
0.9994483221247765 0.03247353226044236 -0.006965709188519457 0.26105773367347074 -0.03243905113738753 0.9994611722898 0.005007299312475025 -2.2235072948245325 0.007124560567148836 -0.004778575899655158 0.9999632022475108 160.70673096009187
0.9994237047977905 0.032987146725767524 -0.00800664968333329 0.2637459555363274 -0.0329457880643864 0.999443384719168 0.005243642809104857 -2.2376303757539255 0.008175165874492737 -0.004976835539338984 0.9999541978365504 162.01046103614587
0.9993910029309659 0.03390808073557746 -0.008238041118349507 0.23255544620205199 -0.03387243155888507 0.9994163504864335 0.004429081244113593 -2.258675683088187 0.008383414634067879 -0.004147341462656839 0.9999562580022515 163.27591903602578
0.9993747874920144 0.03410031527891536 -0.009338234478193562 0.21489680540743927 -0.03407100146887459 0.9994140310423395 0.003280459511952725 -2.2738421355415657 0.00944462726628729 -0.0029602455270106836 0.9999510167814325 164.53259901029023
0.9993451564308469 0.03456380672149831 -0.010705212894900782 0.20942444022373224 -0.03452823272599682 0.9993976280769911 0.0034902920943112098 -2.2961510914911036 0.010819402156572407 -0.003118374416762308 0.9999366061295942 165.80151808871628
0.9993612138147908 0.03402050185658927 -0.010943937867779755 0.18038956296337796 -0.03398905722749842 0.9994175615691658 0.0030465744580553114 -2.324360734623804 0.011041209689787406 -0.0026726542178971413 0.9999354722220918 167.06771288324757
0.9993170178125074 0.0351261922896016 -0.011473819135346914 0.14833280152196077 -0.0351049078395933 0.9993815276151745 0.0020512696394708397 -2.3469448701293056 0.011538776186857095 -0.0016470812955308213 0.9999320695763866 168.34174639366807
0.9993120826430084 0.03524107909058185 -0.011551096407889868 0.12264783791048718 -0.03521466709405436 0.9993766890176073 0.0024820696322868352 -2.367931036216017 0.011631367294859906 -0.0020735941589303548 0.9999302033152695 169.62862988885843
0.9992847951188061 0.03554783669849123 -0.012893779524375029 0.1140345625842082 -0.03550236342411076 0.9993625988621713 0.0037387413322225813 -2.3874912682063574 0.013018465180971026 -0.003278307719587534 0.9999098820707932 170.9263437866062
0.9993016491848732 0.034730034164234334 -0.013785451147635788 0.12101733959852463 -0.03467934707352975 0.9993908844463926 0.0038990988716329587 -2.408201402242557 0.013912470051949809 -0.003418305487843643 0.9998973739162662 172.2715633241616
0.9993016563760719 0.034641794511457075 -0.014005200357904783 0.07376927389248798 -0.03458033562964508 0.9993913028712312 0.004606965713368593 -2.4349169060564066 0.014156268992222937 -0.0041194439393002335 0.9998913092080812 173.51784647110426
0.999273516551812 0.03547223940546853 -0.013934107425191343 0.04159157476143036 -0.03540683211713668 0.9993609046369574 0.0049130970508506604 -2.4476423198162203 0.014099480756557842 -0.0044161651648579785 0.9998908451064207 174.79941549025364
0.9992610403958275 0.03554217171457075 -0.014633085008308679 0.015404517790347934 -0.03548351797366371 0.9993612303017247 0.004248684741873259 -2.4713748107193507 0.01477474531966982 -0.0037263118005756803 0.9998839040114126 176.08945004685472
0.9992086481658227 0.036624680595522895 -0.015514838120495731 -0.004346236456020952 -0.03656610108546865 0.9993230588795811 0.004042801375849965 -2.495131561753516 0.01565240179769697 -0.0034722849585272423 0.9998714645168799 177.3666602232899
0.9991916007072109 0.036717392145750406 -0.01637003940669359 -0.01953515617473996 -0.036648720915653604 0.9993181882614814 0.004475473722068214 -2.5161760315571864 0.016523205845357276 -0.0038719147466822327 0.9998559856023198 178.66869354900143
0.999196543041476 0.036463404632750794 -0.016633956130524947 -0.044455918765416484 -0.03640829065885325 0.9993304984944663 0.0036043238064598355 -2.5375309025943587 0.01675424558923498 -0.0029958139778099952 0.9998551496858662 179.96831530942814
0.9992405209842201 0.034849032994829034 -0.017433477063099487 -0.06403452367795746 -0.03482171398999067 0.9993917939938257 0.0018682431859428981 -2.554729576916767 0.017487980386070495 -0.001259760742304488 0.9998462799575185 181.23838644262318
0.9993160065582947 0.03205067757570006 -0.018446492981617463 -0.0876518723671759 -0.03200413013119479 0.9994837776731045 0.0028131517637253753 -2.584782913047034 0.018527133910238105 -0.002220863624520609 0.9998258913800109 182.48773852136492
0.9993574547606383 0.030860767308189114 -0.018228841309545624 -0.12622207967863036 -0.030729968417490143 0.9995002370883773 0.007412496295952698 -2.615580578519667 0.01844848653409947 -0.00684756171401617 0.9998063633740155 183.85373720988284
0.9993919317422675 0.029679068423892688 -0.018300810527103133 -0.15160017891469027 -0.029461148668577505 0.9994931157065206 0.012064508875206709 -2.635307160643742 0.018649597518096923 -0.01151800993062011 0.9997597351162184 185.15300687260094
0.9993563460213544 0.03096187567213978 -0.018117834354855415 -0.19179984811828513 -0.030759298638733112 0.999462320337764 0.011354988873000606 -2.6428145396913116 0.018459664517543425 -0.010790388311626925 0.999771378018987 186.38051399796328
0.9993206922433282 0.032146283464492095 -0.01802139044957108 -0.2282190584949815 -0.0320035692136722 0.9994545055857679 0.008152473360523322 -2.651610097599921 0.018273631601328246 -0.007570186505553999 0.999804364195501 187.67798618005003
0.9992807538180023 0.03286440722361798 -0.018918398102516002 -0.24164693544715546 -0.032738520520128885 0.9994399533175296 0.00692596468424451 -2.6869377918749864 0.01913542064022044 -0.006301622846101529 0.9997970420172423 188.79683015207573
0.9992891223482532 0.032668554338064607 -0.018815299995451364 -0.27723890670994145 -0.03254021596454862 0.9994452985968661 0.007087274342198072 -2.7011357800950138 0.01903639412910037 -0.006469982231966646 0.9997978570833604 190.0551585658611
0.9992529971825282 0.03373783912899891 -0.018846905120999735 -0.25079251075161907 -0.033589462967040365 0.9994026093125208 0.008134646698577861 -2.7194497185534514 0.01911009155708051 -0.007495512672969743 0.9997892886455872 191.35923760463788
0.9992562817776361 0.03431691604486286 -0.017585010693862074 -0.3080127405452453 -0.03413542988794156 0.9993618593848445 0.010518860833371061 -2.737375840572329 0.017934763848426766 -0.009910765865271742 0.9997900384409043 192.61143499342043
0.9993085268184803 0.033374995666422644 -0.01638834622971691 -0.3471509316197965 -0.03318787034644427 0.9993822695277336 0.0115604764375946 -2.7603945800636063 0.01676405349986726 -0.011008588368307927 0.9997988685192591 193.86905297996083
0.9993365655211136 0.03284445152719183 -0.015737560685915107 -0.3527443996114346 -0.032664728695684986 0.999399693685768 0.011544165627292395 -2.784575715233961 0.01610727511723222 -0.01102244367964798 0.9998095125690827 195.12588257653158
0.999389926062833 0.03160497336284006 -0.014862750178198316 -0.37015402798833963 -0.03145770596184042 0.9994546559678743 0.0100400896289028 -2.797904103875187 0.01517196163136966 -0.009566416407003332 0.9998391346898681 196.387591248475
0.9993892154483525 0.0319935815452253 -0.014057268064441623 -0.3776881646861634 -0.03187044837551007 0.9994524014321823 0.008897853212313634 -2.813793122040015 0.014334244516907707 -0.008444407104880232 0.9998616011342653 197.64276860708273
0.9994371482120048 0.03132000271426333 -0.012018494241526493 -0.41036026736006076 -0.031221863641977397 0.9994782794372331 0.0082682624480581 -2.828000813468998 0.012271185948262615 -0.007888368853364768 0.9998935901546007 198.88238269928368
0.9994174816924137 0.032344230977311456 -0.010887975481248417 -0.4219652127662677 -0.032242372205382806 0.9994358357541421 0.00940423548137757 -2.856089403838433 0.011186005639346823 -0.00904770318401132 0.9998965008164248 200.09220880180425
0.9994515648942318 0.03165545030980981 -0.009721208574772633 -0.4255449811874222 -0.03154703810925066 0.9994405191115324 0.011110047011785203 -2.8638271681399203 0.010067463285483459 -0.010797278534600878 0.9998910265420136 201.33662817420495
