1.0 0.0 0.0 0.0 0.0 1.0 0.0 0.0 0.0 0.0 1.0 0.0
0.9999787994756884 0.0007152464486609269 -0.006472172871507417 -0.008616456039582167 -0.0007136821902119522 0.9999997155617578 0.00024399617771469272 -0.0006452627420706915 0.00647234554797354 -0.00023937193035742735 0.9999790255021285 0.09376887987154077
0.9999104036934372 0.0011340708309234518 -0.013337858485447595 -0.02310686024714488 -0.0011337916663580843 0.9999993568521324 2.8491735480837764e-05 0.00015891916837816857 0.013337882218878482 -1.3366829928707174e-05 0.9999110464032505 0.18710480863024886
0.9997810339111749 0.0012302544549470512 -0.02088948791804522 -0.034840036122085395 -0.001238178325475265 0.9999991663346924 -0.0003663937150351729 -0.003568299592134963 0.020889019745703667 0.00039217839840682253 0.9997817237028127 0.2897762884457142
0.9995511503914722 0.0017196671819774672 -0.02990886985273381 -0.050949362021722455 -0.0017704243324268751 0.9999970372398768 -0.0016706612917256351 -0.005418477711069316 0.029905908258531295 0.00172286280700153 0.9995512335018053 0.39316728577749954
0.9991240980125975 0.001814035133278331 -0.04180605275613451 -0.05657718494399213 -0.0019455053499806776 0.9999932891583841 -0.0031042949488508686 -0.00872238448629739 0.041800140902234606 0.0031829097900343208 0.999120922264078 0.5105201643733599
0.9984660106837925 0.0012991572104155533 -0.05535284725951642 -0.0811239964532392 -0.0015209790146263442 0.9999909807730338 -0.003965475434656826 -0.010078219136376023 0.055347196243620105 0.00404358295678792 0.998458981283078 0.633924053232717
0.9974315586021969 0.0013737928988096328 -0.07161283821678584 -0.10752874945858279 -0.001671480409832088 0.9999902097484686 -0.0040971405215368606 -0.008044480252405962 0.07160650848653291 0.004206316712380561 0.9974240897642703 0.7738161085009498
0.9959469620449991 -1.213866672761724e-05 -0.089942474093111 -0.14167943775750982 -0.0003849707991026337 0.9999902555271959 -0.004397800374887726 -0.003428357867859265 0.08994165103455136 0.004414601149174682 0.9959372523938809 0.9198090636277771
0.9939517761407511 -0.0015862125465040942 -0.10980596812743533 -0.175125825485014 0.0010608527818429547 0.9999877113844563 -0.004842692582921796 -0.001345527491018838 0.1098123003038425 0.004696914927347812 0.9939412445874978 1.077504090181221
0.9912703584381851 -0.001975470801368161 -0.13183009518674016 -0.23145213021360983 0.0012928821196488685 0.999985313566404 -0.005263184143210349 -0.002912652626125395 0.13183855633939837 0.005046797659267749 0.9912583542627672 1.2507342945775715
0.9878012700070752 0.0017025845333258221 -0.15571047549319314 -0.2920256137825236 -0.0027865522223122783 0.999973380374998 -0.006743416649723075 -0.005035277080668465 0.15569484930183705 0.007095050902306168 0.9877797194484061 1.4213534318603953
0.9834595122951665 0.005888035764877074 -0.18103236923540722 -0.36004358506385004 -0.007505975702009121 0.9999377679507956 -0.008253517694996777 -0.010469687753751828 0.18097250621272318 0.009475825051799168 0.9834425050477905 1.5957143803809073
0.9780669673366938 0.008511935343093042 -0.20811668448617396 -0.4293444378319881 -0.010633053906231996 0.9999022831687117 -0.009075366583490839 -0.019572819479288427 0.20801909904965418 0.01108923219671142 0.9780619015992074 1.7723621515543602
0.971311425707256 0.00936665214889647 -0.23762655600344654 -0.4998791958974314 -0.01190368074879147 0.9998864200263554 -0.009243886169223196 -0.02297380775032187 0.2375129821192273 0.011807322914203612 0.9713126018179891 1.9560889952688987
0.9633282552291383 0.011609645318064103 -0.2680744090971254 -0.5914239420112534 -0.01449874855639212 0.9998561620146004 -0.008800089302482238 -0.026019734882059085 0.26793368389861455 0.012364118125523434 0.9633580173619232 2.1431174998700784
0.9538181851402296 0.013429912834794338 -0.30008416675500954 -0.676419773684971 -0.01652046353431103 0.9998333836755546 -0.007763966286811141 -0.028711366504149714 0.2999298984436364 0.012362941767276375 0.9538811318452887 2.334455455482513
0.9426397038323158 0.015240796707804849 -0.33346380144572735 -0.7930900261816758 -0.01859586129009581 0.9998034689185402 -0.006871497750349126 -0.029667903091749756 0.33329353834391034 0.01267839320122632 0.9427378615734235 2.5422151386125655
0.9300600103785844 0.017618915615650783 -0.36698494643120716 -0.9049275134667568 -0.02149459579604229 0.9997479867077893 -0.006476528799185517 -0.03275902558146023 0.3667783519322701 0.013911753528958713 0.9302043343629385 2.7359355461744714
0.9161188991143356 0.020402379890543342 -0.40038719457587524 -1.0255220273969914 -0.02476684783243339 0.999676841944131 -0.0057284316399976425 -0.03691342362979121 0.400140932589985 0.01516425320980197 0.9163281505501215 2.9237485411966224
0.8999667178963877 0.021125287240133232 -0.4354464707835231 -1.1600060224665207 -0.025955961290795714 0.9996498325681042 -0.0051478461546314745 -0.033552108039915506 0.43518524188243624 0.01593532194788996 0.9001999059998521 3.1199902664551664
0.8809928367356582 0.015218662105456216 -0.47288477871906376 -1.275150728764773 -0.020817749668539748 0.9997614432959105 -0.006608918036697136 -0.02585303435448324 0.4726713899943553 0.015666806394339546 0.8810994882862017 3.308761314379764
0.8596260861425294 0.009803339872881496 -0.5108296061805867 -1.4098885524756248 -0.015502278784147462 0.999856030924678 -0.006899041676054009 -0.03184028269609935 0.5106884288641903 0.013849619160328215 0.85965430067751 3.488772143593312
0.834812622795047 0.01198255773063436 -0.5504037637337581 -1.556093838240535 -0.016535029613383947 0.9998578024561674 -0.0033117462475571314 -0.04383968920024103 0.5502858144798384 0.011865630103610495 0.8348920464374453 3.6460370045335946
0.8056543757653881 0.01765129236429146 -0.59212284087675 -1.7294283624857318 -0.021429207973016996 0.999770159245354 0.0006463189373333848 -0.05410627749631115 0.5919981552806832 0.01216801382271885 0.8058474567707452 3.803613751613321
0.7729889935393492 0.020475246258764863 -0.6340889371039893 -1.9216359982202091 -0.024352487724234463 0.9997000684730484 0.0025941157691017117 -0.05956522363855349 0.6339518690000566 0.013436420119415286 0.7732557729533674 3.967253730759756
0.7371490267035357 0.019584451483548152 -0.6754463425692072 -2.139117154855631 -0.023814212821513137 0.9997119096952621 0.0029968118298833815 -0.05733184052421767 0.67531044394243 0.01387612602784359 0.7374030495114172 4.129840953625393
0.696782991345424 0.015916359458233813 -0.7171053844961137 -2.3423472771070086 -0.01839019258350325 0.9998215433398583 0.004322301498697303 -0.05918375798354469 0.717046207568567 0.01017599995579156 0.6969513506956101 4.3018527212357665
0.6537057243180691 0.012718286867670058 -0.7566419702692552 -2.5766039943013936 -0.013425093180725342 0.9998963142504709 0.005208418321570813 -0.06610050123159066 0.7566297594377832 0.006753216083858414 0.6538086885363692 4.461435085661096
0.6084447252152981 0.011976552825703517 -0.7935058780753256 -2.8152205880886516 -0.01026936818180358 0.9999212195294932 0.007217673572395361 -0.06659342736293915 0.7935298081577193 0.0037572486029310444 0.6085197832840843 4.602633375642788
0.5596654109452548 0.011818039781651355 -0.828634395694023 -3.116972229773313 -0.007820150525374239 0.9999291064408888 0.008979272692488674 -0.05576169337481407 0.8286817682544004 0.0014546573633986 0.5597181531223687 4.814826716097278
0.5077554250118939 0.012623848075449013 -0.8614087687217719 -3.399563445699916 -0.005875956301084271 0.9999201236799419 0.011190147337616467 -0.061231821382623855 0.8614812252791925 -0.0006202577349772218 0.5077890445566972 4.946251900620862
0.45576295808999057 0.01401711168813629 -0.8899908126565036 -3.6670652975961735 -0.005375666101457604 0.9999011073293224 0.012995298209764436 -0.054414089424879984 0.8900849556345883 -0.0011384821111375268 0.45579323778601133 5.021635097581607
0.4010778876919091 0.016048215198222228 -0.9159033697904753 -4.005858526179105 -0.004287141276248385 0.9998684643463043 0.015642072287285487 -0.04911353375565986 0.9160339231842204 -0.0023470821704248816 0.40109393261555504 5.121562675733941
0.3452704612236459 0.018067676569543726 -0.9383292959669272 -4.317014057797357 -0.0034445541885356925 0.999832333091017 0.017984458630043717 -0.0505418854597955 0.9384969065760702 -0.0029773762194041467 0.3452748058836541 5.202919889679034
0.2898637130808075 0.021524129087213212 -0.9568258669716474 -4.662245925131618 -0.0006048489915452092 0.9997509958843909 0.022306509943648474 -0.06089711324375799 0.9570677415923625 -0.005887112637417732 0.2898045546710569 5.273297379701885
0.236135819110173 0.023346417548777885 -0.9714395605084272 -5.02074777512573 0.0047588960666832625 0.9996715636157565 0.02518169585741032 -0.06826945275592389 0.9717084067977361 -0.010569280281396908 0.23594716034091 5.325862447355956
0.1853847904572885 0.023650352080090642 -0.9823813619534906 -5.423792515485771 0.00717943538842099 0.9996510548805023 0.025420939868588708 -0.06103715657545154 0.9826397789498503 -0.011765599125699749 0.18515030516475683 5.362060718508716
0.13746128588587536 0.024609445354393675 -0.9902013785498136 -5.761902661969202 0.00439936747812216 0.9996662783212802 0.025455403219615695 -0.05340541519265358 0.9904973702380004 -0.007855392200895608 0.13730714608124372 5.378508661151529
0.09570085814700946 0.02489921621490433 -0.9950986759019477 -6.228954135499508 0.0024534825497900792 0.9996781632227141 0.025249760375864672 -0.044308995151911154 0.995407115793987 -0.004857880972621247 0.0956089682987532 5.368187535782483
0.057377719185541354 0.023503412704070727 -0.9980758422746878 -6.569125886198267 0.0010070285319559549 0.9997209729372065 0.023600045826671797 -0.03586312468139133 0.998352033720872 -0.0023592076524352654 0.05733804064189596 5.365644964887997
0.02334132714775594 0.02098961262309611 -0.9995071878725605 -7.0462451789651865 0.0023201189337515274 0.9997757440502332 0.02104943364881435 -0.0332006079412423 0.9997248618970695 -0.002810297268075832 0.023287394318608712 5.338705866980683
-0.00844242924275651 0.018431291057168994 -0.9997944853310841 -7.450196375052206 0.0023956911419333424 0.9998276206362359 0.0184116722987266 -0.03733618071564598 0.9999614922847948 -0.0022397595516386675 -0.00848512962289516 5.3126901983128025
-0.03482633036362093 0.016572869717497284 -0.9992559565510387 -8.038814697387407 0.0023066953281242193 0.9998611634621343 0.01650251365127136 -0.0295916852997668 0.9993907173223432 -0.0017302570543272441 -0.03485972375763757 5.278551846635454
-0.05603687024330428 0.014170322182483453 -0.9983281380100334 -8.555831866504231 0.0020091646552250295 0.9998988555496932 0.014079841185255758 -0.019762440231215764 0.9984266785451618 -0.0012168153756618703 -0.05605967293534886 5.241503228776933
-0.07209171418865101 0.013106233146243432 -0.9973118927387052 -9.088335743709111 0.0015357853058204944 0.9999139341868176 0.013029412209879385 -0.010778467893582201 0.9973968247938414 -0.0005923442891073896 -0.07210563791692626 5.176134675936773
-0.08536319649599844 0.013350129849833354 -0.996260457268569 -9.621026725838018 0.0024645709687709217 0.9999099990528385 0.013187861240260753 0.002886423103868956 0.9963468525437944 -0.0013295966099042204 -0.08538841606991832 5.127700318159534
-0.09471674848139822 0.01457120312206868 -0.9953976178375591 -10.200670136214429 0.0021467487998086334 0.9998935380212186 0.014432743779352032 0.001830356853423858 0.9955019482787075 -0.0007698460789798017 -0.09473794546174541 5.060495421914332
-0.10142160530535471 0.015981534127259573 -0.9947151595025705 -10.80911835393197 -5.233104386095329e-05 0.9998708726037876 0.016069703793234105 0.00038794747422356404 0.9948435330436374 0.0016818696381324344 -0.10140767266717865 4.9863281230398115
-0.10642446792121274 0.017496423922641384 -0.9941668410169423 -11.367085560406995 0.0005310761417523124 0.9998460297216825 0.017539521313879404 -0.006800401934011197 0.9943206477720448 0.0013386559332370233 -0.10641737364957837 4.937618820377028
-0.10698245241076676 0.018824270826622778 -0.9940826935944637 -12.02613456192067 0.003513825993988428 0.9998216704863265 0.018554790562427866 0.0009207982414563555 0.9942546997138421 -0.0015079966105895775 -0.10702951949420525 4.874710642239554
-0.10617730052718444 0.021243474167395585 -0.9941202621705584 -12.661823344504901 0.005498899090764826 0.9997690151818311 0.02077687154364156 0.003745927432337148 0.9943320084164797 -0.0032605348718566444 -0.10626959090351229 4.8088034719151125
-0.10472875568878925 0.023609643945355918 -0.9942205351151483 -13.326546346587856 0.005228307160917474 0.9997174173950654 0.023189440725720243 0.013940023486576364 0.9944870801252822 -0.0027694890709501216 -0.10482259963470142 4.739933099749563
-0.10326480203665 0.023223539482242036 -0.9943827471724599 -13.99675899110535 0.003296640043564439 0.9997298899601597 0.02300607060473753 0.02285251332731465 0.9946484367980251 -0.0009024046563189287 -0.10331346882706827 4.66503514321073
-0.10154849474482819 0.021117992724013553 -0.9946064214544207 -14.67343206886984 0.0018493565218862455 0.9997769461831268 0.021038958177535386 0.023805122577638945 0.9948288712615427 0.0002970926617014329 -0.10156489866305085 4.5868215972480995
-0.09997628669809733 0.02099157384208424 -0.9947683629497334 -15.308017967723245 0.001428414489101173 0.9997794254914321 0.020953758518923803 0.027675673102474346 0.9949887947761561 0.0006739374261537648 -0.09998421914601541 4.516552382626204
-0.09826173060569943 0.02360680028847364 -0.9948805713644795 -16.019968320693057 0.0017800908641791157 0.9997211733684265 0.02354584454573228 0.041820096598279566 0.9951590142157625 0.0005426776176012113 -0.09827635486786801 4.446317830275644
-0.0968300920548153 0.02717589278699282 -0.9949298488455787 -16.726323891603357 0.0007885337286451886 0.9996289518095468 0.027227502983300005 0.05476600929963118 0.9953006136274684 0.001851905876845093 -0.09681559253244543 4.380358049621341
-0.09452455957804196 0.029280627478920147 -0.9950918311849506 -17.483721143970726 0.0003177232599216545 0.9995682005172799 0.029382164089411553 0.06397840551463242 0.9955224792482125 0.0024611722994758957 -0.09449304705852701 4.292477075094195
-0.09236903393975493 0.028371011461761065 -0.995320575130281 -18.234432499725223 -0.001376128724996582 0.9995894051592746 0.028620401168743745 0.08006040661808224 0.9957238913668633 0.004013328040941988 -0.09229206552714686 4.205686825124499
-0.0910157081485532 0.02548195032574481 -0.995523385500217 -19.01116578932609 -0.003943442265271884 0.9996555095198205 0.025948247527885132 0.09296995841817965 0.995841649125662 0.006287487118412518 -0.09088386750363298 4.135825629790782
-0.08955289266973887 0.025085528811647655 -0.9956661065129829 -19.758860630963593 -0.004050820012854508 0.9996653220875764 0.02555062959626496 0.10320740172088426 0.9959738301138771 0.006321396980262279 -0.08942130433242523 4.061183113489508
-0.08778321152146407 0.027889419900934433 -0.9957491089790478 -20.5682732999441 -0.0012645148607732038 0.9996040678759011 0.02810886849586667 0.11117783335784438 0.9961387999556814 0.00372662629470736 -0.08771318874214296 3.9794720425573225
-0.0863790225466643 0.029946507844078575 -0.9958121665915857 -21.36709951624444 0.0006724108762688226 0.9995496552220029 0.030000576814264386 0.123818029624804 0.9962621202913904 0.0019218255695152644 -0.0863602585625125 3.9012372395155235
-0.08579278475695395 0.031146805804763904 -0.9958260262575022 -22.18059715750466 0.0008914400756674269 0.9995132217295732 0.031185331846246802 0.15154008338279074 0.9963126032617666 0.0017877572344606506 -0.08577878820449825 3.844897855934271
-0.08555215334552702 0.026293724580161864 -0.9959866811888834 -22.967966055338383 0.0012524696887749314 0.9996537589618705 0.026282950996437907 0.16897934039924495 0.9963329064010797 0.0010011199254076064 -0.08555546377218026 3.7881554572174
-0.08598739430553182 0.019737758020718903 -0.996100692163629 -23.82041045228565 0.00356046629307181 0.9998034436139823 0.019503774439792235 0.12883126264685033 0.9962898629918508 -0.0018695041957535314 -0.08604076855619769 3.7720189750624855
-0.08597273259876892 0.015530944511415878 -0.9961764296609734 -24.659562185923836 0.00678339603641334 0.9998644383194484 0.015003017108137834 0.1349402873087326 0.996274397336253 -0.005467608866517953 -0.0860664305380967 3.697082144009502
-0.08615516786042265 0.016282072575457666 -0.996148674226689 -25.50351880917981 0.007952131176687808 0.9998458345302293 0.01565473673678337 0.14399265201203265 0.9962499940580634 -0.006572768457565986 -0.08627136288544457 3.615785691338618
-0.08694856427878195 0.024183623527699247 -0.9959192233926051 -26.327178015859115 0.008031889369681362 0.9996898304477295 0.023573961324795445 0.1442188101372651 0.9961804233787233 -0.005949390931873891 -0.08711583567026149 3.5558744316069117
-0.08716433595933215 0.031207277094622843 -0.9957050187646485 -27.158316444517574 0.006144211554910919 0.9995070347045133 0.030788573214088864 0.15176709012981532 0.9961749982814957 -0.0034341567422352184 -0.08731311107922202 3.4759009498519906
-0.08749260187397279 0.03633440583347078 -0.995502313191713 -28.007183109291258 0.004450437503133028 0.9993388761609329 0.036083295296222666 0.16651451253225052 0.9961552279757174 -0.0012733994394306808 -0.08759646243150732 3.393103337346325
-0.08772424895967057 0.036575439003458714 -0.9954731002926027 -28.855093325540704 0.0029731646740337246 0.999330866368111 0.03645517543205385 0.17976999465529778 0.9961403598069315 0.00023829742972915672 -0.0877742945175417 3.307208842686454
-0.08826954316443802 0.033143787821841894 -0.9955450653176693 -29.69513184543165 0.0035624924917931184 0.9994503904643856 0.03295793755430006 0.19600026059638775 0.996090255145982 -0.0006374397288757504 -0.08833910387707533 3.233147517257278
-0.08853736687272873 0.030408154334346807 -0.9956085971993327 -30.523007084063913 0.003405316230401175 0.9995373099274116 0.030225318599551024 0.21172371707863222 0.996067035138005 -0.0007142919934762809 -0.08859995089351491 3.1526114621287182
-0.08892014792889724 0.03159563521467013 -0.995537504631385 -31.37626739054247 0.0019741201759847986 0.9995003805745397 0.0315450801374953 0.22613684929061584 0.9960368016001389 0.000839682518412611 -0.08893809527662744 3.0694607042918247
-0.08870264333820255 0.033741155795737866 -0.9954865019026545 -32.242073637334514 0.001820451386929298 0.999429910668731 0.0337126032432999 0.24328732352346236 0.9960564878668096 0.0011781622384346685 -0.08871349904144488 2.9780495429836757
-0.08877739471566981 0.03315213407324225 -0.9954996284247867 -33.11412690658349 0.0020019895468788517 0.9994498692146176 0.033105150124079115 0.2176041657581933 0.9960494798077818 0.0009460091296586656 -0.08879492576366199 2.914461834531945
-0.08880064464454396 0.028141460715829143 -0.9956517984212618 -33.954893379758296 0.0014169418724186288 0.9996033597623255 0.028126774212503307 0.22265127335860121 0.9960484113668591 0.0010868949583098262 -0.08880529754978572 2.8412408330119376
-0.08896242619752437 0.024460118365522057 -0.995734597839502 -34.79868765117951 0.00035643578724685527 0.9996991371780318 0.024525661643027642 0.22869202889000806 0.9960349189052459 0.001826946918593445 -0.08894437917247511 2.7644549381416015
-0.08844018332243753 0.025005875451412727 -0.9957675633232899 -35.6566911856407 0.0009952960927246547 0.9996865581543839 0.025015891571748185 0.2438170518202667 0.9960809923693864 0.0012213264715420049 -0.08843735071828207 2.677575431005207
-0.087340154339687 0.027455722558471757 -0.9958001208770324 -36.52838527049571 0.0018332377323098648 0.9996228594409097 0.027400330702313604 0.2511291306959436 0.9961768601404758 0.0005676107570680316 -0.08735754769161042 2.5889195742872104
-0.08716091596121744 0.032365225262023255 -0.9956683518735244 -37.33925925541094 0.002357865243101702 0.9994760001711969 0.032282589011434076 0.26069888937715957 0.9961914550929943 0.0004661282272971854 -0.08719155649590604 2.5167731271987455
-0.08649341419829093 0.038077861362125785 -0.9955244676924874 -38.19348314768126 0.003008525147820535 0.9992747336953282 0.03795991799998895 0.2748248819078305 0.9962478798355149 0.00028822251418268805 -0.08654524164288002 2.435596434714681
-0.08708488910747403 0.04105530435383722 -0.9953545519429511 -39.0371574938262 0.0033792224776550755 0.9991568556093082 0.04091648499524952 0.29305382586965945 0.9961951630803001 0.00019968308331701196 -0.08715019897900866 2.368590219686933
-0.08661636411923301 0.04032491503625811 -0.995425289358314 -39.843527354771 0.0036777824945029487 0.9991866031201927 0.040157266603365355 0.3204275746965674 0.9962349518977377 -0.00018268127763733364 -0.08669421690553092 2.2977065731059474
-0.0867905637438573 0.03610091374358345 -0.9955722585889494 -40.67749022659112 0.003768998876528169 0.99934794735332 0.035909257416086825 0.33857233182807495 0.9962194500673495 -0.0006357260293589004 -0.08687003603040244 2.2206582759647224
-0.08704265586747573 0.03149739268594269 -0.9957065282067422 -41.49814924985117 0.003272806457502709 0.9995036926747425 0.03133140704541747 0.3561072377908402 0.9961992093940991 -0.0005315858739945486 -0.08710254082993596 2.165368833254325
-0.08685164302882975 0.02862450640452454 -0.9958099365522972 -42.35044791364012 -0.0009499506011723178 0.99958428573008 0.028815851806620146 0.3686039197502736 0.9962208036861346 0.003448674322561452 -0.08678834569438942 2.0793109225482396
-0.08798277887189099 0.02691306028434024 -0.9957583631625252 -43.18892342865064 -0.003425172127486487 0.9996208684382916 0.027320094776060535 0.3782880757017851 0.9961161070968971 0.0058143416486570836 -0.0878572399595825 2.010916659409885
-0.08840852899913454 0.024999455707223478 -0.9957705354219677 -44.02341957649681 -0.001256772524952836 0.9996814070742882 0.02520922197910651 0.3851512731786335 0.9960835068020303 0.003480167282461357 -0.0883489440381513 1.9289085124834415
-0.08916278890251572 0.021950125226398724 -0.995775169944336 -44.90735258597768 0.0009348333291469774 0.9997585398793956 0.02195422567219724 0.3772419158847838 0.9960166279544597 0.0010266161719273475 -0.08916177935339431 1.8532139369994438
-0.09000288666609624 0.02082446359879886 -0.9957237679736244 -45.734640902338654 0.00517414857909083 0.9997776607283191 0.02044155803973021 0.37938088807385356 0.9959280639575588 -0.00331222348769943 -0.09009062435856574 1.7776299882376692
-0.0911499094256738 0.0240179983187604 -0.9955475025173093 -46.57101354991789 0.005323803392460485 0.9997065757169136 0.023630903194788187 0.38758160732462443 0.9958229516983078 -0.003146144485405409 -0.09125103092977671 1.685744805244076
-0.09275129994389153 0.029691680387120466 -0.9952465023673821 -47.39108716984147 0.007865460304966258 0.9995459393878778 0.02908693155690211 0.40130100348539605 0.9956582400065342 -0.00513022114474548 -0.09294272396533643 1.6078818509867412
-0.09502940126090054 0.03375034476907088 -0.9949021696247146 -48.215193884020735 0.009409250410484002 0.9994109090333265 0.03300455895619292 0.40418829786256233 0.9954299969875874 -0.00622488017144567 -0.09529098574442174 1.538348550102593
-0.09560414852765975 0.032634260625722375 -0.9948843409249709 -49.06600217389768 0.009420185893416692 0.9994473516759522 0.031878697050836874 0.41289706544343746 0.9953748574693028 -0.006324259746246098 -0.09585873385679244 1.431149292762867
-0.0972027374088631 0.029092382933175558 -0.994839314208829 -49.86523418876202 0.006443983025828298 0.9995701335273712 0.028601105622615364 0.4180838853885257 0.995243740459083 -0.0036306218947501218 -0.09734842403280553 1.3511812308745321
-0.09829995859472906 0.025526487177692427 -0.9948293906960337 -50.68639528119854 0.0018864288426352074 0.9996739498369298 0.025464394822049347 0.42892176846660274 0.995155042958883 0.0006264741005370728 -0.09831606177886254 1.2554971557238803
-0.09980421678319629 0.02385544155388563 -0.9947210846365742 -51.51239420261261 -0.0019559891248154063 0.9997059193894196 0.02417124002402232 0.43966216806890557 0.995005172056325 0.004358055303049911 -0.099728205313939 1.1637037475331384
-0.10059836806188094 0.02477875509749853 -0.994618510605501 -52.32660239772222 -0.0038372088702577152 0.9996727221171616 0.025292775311346813 0.4493469523317475 0.9949197174502941 0.006360970891495259 -0.10047036318211044 1.0676458335254633
-0.10205462282548616 0.026588315949408945 -0.9944234085212004 -53.13718731236656 -0.0023368507013387593 0.9996335808521322 0.02696744632966713 0.44321561008278865 0.9947760517265921 0.005075971603371168 -0.10195509513278078 1.0117156388465878
-0.10314070327060665 0.02599589292423439 -0.994327013049488 -53.9421918818341 -0.004382840793113144 0.9996368328449667 0.026589342343621404 0.4461647869620618 0.9946571198334767 0.007100420463311669 -0.10298931009487 0.9244214896635454
-0.10385239221949805 0.025896689820441788 -0.9942555215268516 -54.72828233386303 -0.005202114790701044 0.9996331500380586 0.026580130674856678 0.4528895918503978 0.9945791163260931 0.007932641510361736 -0.10367957642021963 0.8347356170850158
-0.1045741969079863 0.027436232437554837 -0.994138567047211 -55.50532189543535 -0.002745008783742047 0.9996076221096147 0.027875916973956416 0.4704503723186538 0.9945132991910298 0.005644020729426524 -0.10445785160618093 0.7578791446844394
-0.10459699482714102 0.03027154279828482 -0.9940538729715525 -56.2992301034081 -0.0024843959561575463 0.9995255690856416 0.0306995850258149 0.4809133385508272 0.9945115868856756 0.005680707758353797 -0.10447216428073136 0.6599553028100633
-0.10498942743412165 0.03522826335165139 -0.9938491784915268 -56.956716026255236 -0.0022888786552265564 0.9993611647246504 0.035665438097571146 0.4693672628472823 0.9944707040237825 0.0060192940962148014 -0.10484172326429175 0.6007942810577133
-0.10572805917661188 0.03685536170771488 -0.9937118595529293 -57.7977882570571 -0.0017953937341631924 0.999304223449706 0.03725379922798955 0.48901174513047807 0.9943934603888376 0.005722875935535471 -0.10558832618684821 0.5124107828665567
-0.10805602576765683 0.03602222632872218 -0.9934919700257381 -58.51782849084815 -0.0004892715457200001 0.9993412710552231 0.036287526494453576 0.5241401930037702 0.9941446856009714 0.004407173249764099 -0.10796722148546989 0.48750017581373717
-0.10777112007909251 0.03408284699613361 -0.9935913371288703 -59.28818161351926 -5.003957187302642e-06 0.9994121631203371 0.034283059695555916 0.5288454711935795 0.9941757317757552 0.003699695631641115 -0.10770759769104021 0.38245909317323956
-0.10853195881871569 0.030337824462687915 -0.993629926241075 -60.04303864167895 0.0004979035133939852 0.9995357480050716 0.030463758009039586 0.539417115716885 0.9940928357085491 0.002811559498411558 -0.10849667794970941 0.3087271867390987
-0.10822974144651276 0.027469779879036874 -0.9937463128282882 -60.791532798360834 -0.0003261347760056229 0.9996171259109486 0.0276675843116551 0.5454421090691168 0.9941258555648418 0.0033185507276406994 -0.10817934423234044 0.21633728927309537
-0.10619999675640468 0.026095252424096257 -0.9940023131209818 -61.57799058325924 -0.0002980701446757239 0.9996546953032265 0.026275488813766585 0.5268462318729754 0.994344744966819 0.0030867392400749337 -0.10615554718306197 0.09915417567252366
-0.1046358962181031 0.025268181368077198 -0.9941895434136213 -62.279283415367566 -0.0024182643826903306 0.9996677534560843 0.0256619308985303 0.5340652882684609 0.9945076576980242 0.005089372300735065 -0.10454002616019742 0.036732595747644266
-0.10047577575408884 0.026349797267495728 -0.9945905221097656 -62.983921713651306 -0.0026229896546643683 0.9996387530268178 0.026748520935935653 0.5304643341408856 0.994936047397965 0.005296379041433768 -0.10037036393858445 -0.04890232800394179
-0.0945212274147238 0.02739318591144554 -0.9951458942957235 -63.66403050154783 -0.001077592847378139 0.9996179517900544 0.027618639588361096 0.5436009770820317 0.9955222631170383 0.0036829098112075567 -0.09445559704778295 -0.11091576868728349
-0.08808427393919982 0.029653484382896843 -0.9956715480260332 -64.33286588707134 -0.0009645644627033186 0.999553791486336 0.0298544392124108 0.5343307186965044 0.9961125590514364 0.0035900959936378887 -0.08801636728901707 -0.1477524170466408
-0.07873278589670751 0.03036871319371599 -0.996433083394917 -64.9903115446164 -0.001545863996315228 0.9995309656467067 0.030585274526590062 0.5445525277639771 0.9968945574780959 0.003948413899251604 -0.07864891161505083 -0.20495858984062643
-0.06765484484713324 0.03235133188216893 -0.9971841421192779 -65.60907778850444 -0.00359761043416233 0.9994597429885351 0.03266924156535206 0.5459549609303774 0.9977022998709958 0.005797712543846937 -0.06750190635370679 -0.23511868491038157
-0.05276218549237832 0.03361629779589288 -0.9980411295655937 -66.23916149673708 -0.006559820029757952 0.9994000031878971 0.034008857511073735 0.5573769571130291 0.9985855599512969 0.008341351840629757 -0.052510011485675356 -0.2690961057085099
-0.03520988992913843 0.03564874392584367 -0.9987439264935171 -66.83148271030498 -0.008122170324487966 0.9993203794901723 0.035955659983346204 0.5526738705756216 0.9993469337524372 0.009377963111871373 -0.03489641539577404 -0.2677197154063003
-0.01292281386770755 0.03619154437150851 -0.9992613136701262 -67.40385809041211 -0.008792382145856746 0.9993020142835932 0.036306724789691804 0.5626359461965611 0.9998778399874368 0.009255072379961832 -0.012595584039649 -0.26892965043848865
0.0123209783573196 0.03657797507960789 -0.999254844987701 -67.96476057179282 -0.008368606795712311 0.9992994731459689 0.036476422391563464 0.5716015115529818 0.9998890738039984 0.007912945675573616 0.012618453871936941 -0.24341059398990667
0.04063233642497588 0.036327262431315746 -0.9985135668787349 -68.49674767771545 -0.006730481834863676 0.9993261338932895 0.036082942398891746 0.5739262521039021 0.9991514969467434 0.005254343168987459 0.040849455650527 -0.18258276063231804
0.07459053786798886 0.03637840290716606 -0.9965504821445267 -69.00048396563336 -0.005350089785754426 0.9993345985631683 0.03607958777308191 0.580785174048299 0.997199893802566 0.0026404386974605756 0.07473553293873314 -0.11119936074374002
0.11146635552405104 0.03622207607361252 -0.9931078555681166 -69.49097256163263 -0.00421956656786467 0.9993437490012327 0.03597591680750754 0.5916183971871551 0.9937592499414359 0.0001803803724696789 0.11154604707812832 -0.00834444295395157
0.15354098034495578 0.036168980893842934 -0.9874801122938177 -69.97640600904116 -0.0044689939331139985 0.9993450824974943 0.035908692280590626 0.5963561815855795 0.9881321750899198 -0.0011004131847554373 0.15360206262575749 0.0601309578419485
0.19908174420739322 0.03742331206620314 -0.9792680709781862 -70.441789406288 -0.003850359806150203 0.9992927402391549 0.037405802152659706 0.6007732505964363 0.9799753230835486 -0.003676277916087511 0.1990850349171892 0.17869130609198675
0.24772855814482408 0.0361205441903142 -0.9681559108774176 -70.88154117328416 -0.0006817058558475207 0.9993110112061963 0.03710846479141296 0.6057447758838486 0.9688292402465012 -0.008532828923926174 0.2475824995308481 0.3245981701162445
0.2977223733414889 0.031477547447716574 -0.954133403889932 -71.29822359860832 0.00703643288931515 0.9993567450565056 0.03516510660101292 0.6068812185691785 0.954626564172664 -0.01718313465998536 0.297309372302912 0.4942818423698359
0.3496034814935616 0.026370890473422188 -0.9365265516061035 -71.70833732695432 0.012045251443898895 0.9993946659240962 0.032637610821219874 0.6069543825694318 0.9368203230317083 -0.022690920168713477 0.3490742105866069 0.6920622050742778
0.40234681917530946 0.02150396632961391 -0.9152347330229582 -72.11672849123121 0.017084932625779124 0.9993736175328061 0.030991573960759092 0.6178223088020325 0.9153278877957797 -0.028106084954817957 0.40172740236611837 0.9117824607281747
0.4539024523626335 0.02126662683237008 -0.8907975607972668 -72.4998510640546 0.016188895968562524 0.9993533132017668 0.03210724279614179 0.6236068255633056 0.8909043065259628 -0.02899458528456746 0.45326463642961345 1.1354903073837344
0.5026585310755087 0.020258426953564924 -0.8642476481161977 -72.8735754157458 0.016852364374284133 0.9993057799535625 0.033225832817228115 0.6383940955696561 0.8643207731808882 -0.031265864593340575 0.501968173054052 1.3842706616681666
0.5457269233805784 0.01590376790079228 -0.837812147956883 -73.18990270154579 0.02465204317855233 0.999082422019262 0.03502271804483594 0.6440474249114626 0.8376003831569628 -0.03976662141398254 0.5448341159991965 1.688825037914854
0.592958877050145 0.010615003233099076 -0.8051627735022232 -73.57321854509833 0.03397648131221901 0.9986927724881288 0.03818828220298724 0.6161605400349655 0.8045156113122178 -0.050000678858750064 0.5918230844336784 1.9849248445540848
0.6354410422721197 0.0056980582216607616 -0.7721283662245706 -73.8769993494264 0.03493935281297645 0.9987363323831193 0.03612450695754587 0.6196818628960705 0.7713584921559705 -0.04993265975709675 0.6344389695380082 2.2988032083602263
0.6770330224746797 0.0014401796040442543 -0.7359512296079871 -74.17577463637731 0.030639343075619562 0.999075932471836 0.030141529679593944 0.6255590140864179 0.7353145701906733 -0.04295587315186893 0.6763632720861372 2.6143622612627007
0.7176422410283279 -0.0059930010360211795 -0.6963861700453433 -74.46404471580679 0.02699444542548735 0.9994508473497745 0.019217274728435253 0.6427943452515352 0.6958885785871255 -0.032589686564924496 0.7174099236291551 2.956323557371431
0.757230122086512 -0.008804711313374904 -0.6530888295351057 -74.7289666532841 0.021643328091367663 0.999698260440864 0.01161698844967316 0.6513587513626556 0.6527894825699749 -0.022931749392459184 0.7571921990590142 3.302858265529901
0.7946435870565516 -0.01027246053673262 -0.6069893294815141 -75.00067918256381 0.01988915072365754 0.9997606093807386 0.009118421691597142 0.6603870868205133 0.6067503533030603 -0.019318397583014683 0.7946576673520719 3.713017567218952
0.8288558418129248 -0.011471964540890556 -0.5593446053392849 -75.2328847100126 0.019223538583890244 0.9997833570800113 0.007980881538799124 0.666015845366975 0.5591318709006861 -0.01736758288868118 0.8288968078160897 4.134978968937879
0.8601261134042507 -0.009956636849978488 -0.5099842491908312 -75.47919727781927 0.015211095189306788 0.9998654902387745 0.006133841595364301 0.6661402361556615 0.5098545788979834 -0.013033296291146912 0.8601618693970032 4.584121522031723
0.8864867872998119 -0.007594953419655213 -0.46269157397278304 -75.6833348111695 0.012995273649063308 0.9998795535989868 0.008485349578942251 0.6591213485760782 0.46257139860311736 -0.013534953906244462 0.8864787116547762 5.053532681059541
0.9080581299315913 -0.0017001318807550517 -0.4188407122245034 -75.8843846937332 0.006381939644873858 0.9999318347211938 0.009777359432704805 0.6535708137100884 0.4187955390300981 -0.01155142686836369 0.9080070820350437 5.570909838388117
0.9260263344053612 0.002520289665833615 -0.37745049493644917 -76.08478424159226 0.0006605234067508405 0.9999653576839331 0.008297417723169661 0.6598690469233229 0.3774583310732448 -0.007932942206012095 0.9259925899980824 6.072348409958765
0.9398857209126353 0.00739342340718343 -0.3414090931929873 -76.26358319382325 -0.004154950199951584 0.9999391842107551 0.010215883161303417 0.6599152684307641 0.34146386047921923 -0.008183224929793422 0.939859280326782 6.613120712577562
0.9502040433772257 0.008445916891433324 -0.31151395223558503 -76.42510411142385 -0.004783918149020453 0.9999102057442646 0.012517770392762787 0.6560148203485718 0.31159170412049614 -0.010404178791498016 0.9501591250874559 7.180025398733591
0.9578017606962451 0.00767478627572579 -0.28732713909896296 -76.5818732221795 -0.0037596895747729147 0.9998924582416912 0.014175213779313127 0.6480485897649904 0.2874050311693834 -0.012496783866652091 0.957727611824738 7.772202791057956
0.9636944744600505 0.006901358210740006 -0.26691821060020265 -76.73690610615607 -0.0026323628178627437 0.9998628949572826 0.016348148324414054 0.6496031089505233 0.2669944391952054 -0.015051994634896726 0.96358051396671 8.385862434847366
0.9685857215919268 0.009454478062736048 -0.24850012630340407 -76.8920561652884 -0.004919776885969331 0.9998099736149452 0.018862991689413515 0.6563371196922295 0.2486312444638421 -0.01704785923932516 0.9684481786712789 9.01583773500341
0.9723094775750929 0.014464840979719359 -0.2332488975173976 -77.04644864327773 -0.009921959477237527 0.999737775744203 0.02063817991407704 0.6610269451763517 0.2334862619893986 -0.017752411821079072 0.9721980340119768 9.652233942644047
0.9753471089822345 0.017311510647330962 -0.21999620132880607 -77.18698593928124 -0.012780901095788609 0.9996762544014907 0.022000794371699432 0.664567932172977 0.2203058455129525 -0.018646661495116987 0.9752526013540849 10.28198780809692
0.9785477548401835 0.0168816304973528 -0.20532730468446458 -77.38021448888803 -0.012619411392113386 0.9996772199847624 0.022050086159773167 0.6635232954268606 0.20563327054091396 -0.018985952577831568 0.9784449354211813 11.054624584430929
0.9812439066839269 0.016658224243398377 -0.19204921025800034 -77.50369204484868 -0.01276962988474667 0.9996879829106029 0.021467961634416725 0.6767169280014455 0.1923469057413494 -0.01861290920804317 0.9811504611743 11.748879593249448
0.9839554462305841 0.016657626507784847 -0.17763502839333067 -77.62307816512195 -0.012883350006485139 0.9996665272235924 0.022379759635280983 0.6804550419421708 0.17794858562456362 -0.01973215213426291 0.9838419299086453 12.439605902608387
0.986405921196116 0.01900509213709788 -0.16322427853141888 -77.7472110814885 -0.015497165981694455 0.9996213381145751 0.022738034931854435 0.6884663635775793 0.1635946101672595 -0.019899418556501614 0.9863269319375475 13.18400176324938
0.9884508964219241 0.01903408686401946 -0.1503413745445601 -77.85785026121177 -0.01621636069754847 0.9996695372386754 0.019946076374559415 0.6948110609564495 0.15067134766909646 -0.017277727115153598 0.9884329138273941 13.903099820066068
0.990025479956616 0.01919503641705046 -0.13957470979235514 -77.96076926183653 -0.017314843774204603 0.999742418987013 0.014672827371390092 0.6987008321109417 0.13982040345295438 -0.012109758665796475 0.9901028272474073 14.655968365513308
0.9914242005087199 0.017355614312890885 -0.1295254310838904 -78.05203714399583 -0.01631225776337323 0.9998254269043446 0.009111858328920917 0.6945674820905703 0.1296609613272504 -0.006920864640146686 0.9915342337712431 15.365694086131995
0.9923488626526348 0.017284862363780396 -0.1222496148259268 -78.13185850264567 -0.016278483169456136 0.9998249285866521 0.009226221458309111 0.6953606739537368 0.12238768638112263 -0.007165592073318035 0.9924565020757912 16.132115918131195
0.9931594247706703 0.019833884827078572 -0.11506943122244698 -78.23498747495987 -0.018162388560792997 0.9997140222331767 0.01555639393080207 0.6980763562051905 0.11534506764902455 -0.013360043526489805 0.9932356339791742 16.906694872244277
0.9936346065091174 0.024292685481683184 -0.11000060990539813 -78.3301333555827 -0.021834695614411034 0.9994854803998214 0.023495117309012287 0.7004590414200009 0.11051477193071328 -0.02094373180754204 0.9936537854218018 17.682899179039303
0.9941167948560314 0.025178225681869636 -0.10534635796592057 -78.42100089293706 -0.022390789782554064 0.9993693658855753 0.027559445973683813 0.6974450114003677 0.10597382090914959 -0.025038519943793896 0.9940536312498133 18.460653133867304
0.994463937123415 0.02428845314694841 -0.1022328166721683 -78.49571182805691 -0.021681999955830557 0.9994128555651116 0.02652988897648693 0.7004674501866599 0.10281716120819541 -0.02416640591643389 0.994406665397095 19.2249049690692
0.9947904638820472 0.024558995141596672 -0.098938307681992 -78.57629364152116 -0.02214487856220398 0.9994314224082856 0.025425110745405384 0.710863746671025 0.09950646874855285 -0.023101680903906557 0.9947687042808531 19.997150193030222
