1.0 0.0 0.0 0.0 0.0 1.0 0.0 0.0 0.0 0.0 1.0 0.0
0.9999969652317868 0.0024467834378778227 -0.00028771170395092957 -0.003831870195667075 -0.0024462384215515444 0.9999952414083791 0.001879648419893432 -0.020360341429424 0.0002923094274712544 -0.0018789389041716205 0.9999981920702622 0.780007002341823
0.999988930358684 0.004687351351015718 -0.00040975286111283505 -0.007000125804640671 -0.004686506872877667 0.9999869411788133 0.0020381671106793928 -0.02034358470732021 0.00041930111558332987 -0.0020362242393007486 0.9999978389863758 1.5184265040683829
0.9999814760496325 0.0060805289510173464 0.0002733592399796115 -0.026270550772955634 -0.006080978770186765 0.999980106223932 0.0016759634752238376 -0.033297259233007415 -0.0002631630574001591 -0.0016775947214945552 0.9999985582095384 2.270070333469114
0.9999698579017541 0.007763027817743653 -0.00013670057342081505 -0.02132496053408543 -0.007762807614074497 0.999968677328499 0.0015437551098274242 -0.0509211455554582 0.000148680505455034 -0.0015426473975570366 0.9999987990658359 2.995975516329342
0.9999680134706833 0.00798600466517105 0.00044245336840366314 -0.036436223822982554 -0.007986473747557687 0.9999675364669681 0.0010687606197206088 -0.05951102609216351 -0.00043390387750908305 -0.001072260075988988 0.9999993309926535 3.724199031473678
0.9999660343793638 0.008228181517385393 0.00047656744119859627 -0.039976636216917986 -0.008229241591080317 0.9999635697758581 0.002266870961976847 -0.07581652934739944 -0.0004578978539882591 -0.002270715754905787 0.9999973170861588 4.4327307034666354
0.9999560451027361 0.009308147112645222 0.0011252821087696424 -0.040888172632343775 -0.009313696289203591 0.9999439703372671 0.0050310284808576244 -0.084960054348268 -0.0010783895063648779 -0.005041287878318371 0.9999867111580035 5.1485375860714795
0.9999560380561884 0.008975829332950026 0.0027122763053445435 -0.051288937927689904 -0.008999640263386057 0.9999199118043919 0.008898115094045991 -0.09178150409278447 -0.002632191121560154 -0.008922133426653205 0.999956732616475 5.811061344649129
0.9999585216543914 0.008251764234859004 0.0038553025531491043 -0.046023167956012405 -0.008299249790662227 0.9998878327145316 0.012467736055475246 -0.09764271801195974 -0.0037519892958548257 -0.012499215033317343 0.9999148424740353 6.466851621997063
0.999962373587095 0.007275340748089019 0.004724492254416297 -0.03713889453735557 -0.007342781244155775 0.9998690973755141 0.014417755618516374 -0.09879142646276326 -0.00461897972103345 -0.014451904043204199 0.9998848971235953 7.105562927416064
0.999947651647776 0.008211481845345597 0.006104549942590246 -0.040910663671775614 -0.0082973922400045 0.9998649796617526 0.014183642974163762 -0.10261423071826352 -0.00598725697740894 -0.0142335523291479 0.9998807722633634 7.712000231807331
0.9999298668915324 0.009332470193632543 0.007291522362800039 -0.04239345137350858 -0.009415615415005215 0.9998900800430908 0.01145312262128959 -0.10563273271144025 -0.007183834953488914 -0.011520973548556534 0.9999078255938667 8.286270735066367
0.9999150900538449 0.009469188565816713 0.008952494094724407 -0.055917185777938444 -0.009545914497590978 0.9999177392432909 0.00856681171678345 -0.10674830730792975 -0.008870636900231672 -0.008651544052430286 0.9999232283463031 8.822616668151538
0.9999197241169874 0.007551371053149823 0.010174581909130976 -0.03958864023019474 -0.0076224151914005694 0.9999467138081192 0.006961920065128122 -0.1084401561424035 -0.010121467702752908 -0.007038916078557739 0.999924001888134 9.344074825467272
0.9999234344888923 0.0036501884378251385 0.011823759313616048 -0.028642206726384453 -0.0037064620972796086 0.9999818925553945 0.004740959824002413 -0.11850209509248129 -0.011806239818815482 -0.004784421145733622 0.9999188577157853 9.83708259596375
0.999903746936936 0.001345292667710405 0.013808948153789103 0.01887170944628897 -0.0013955511891563016 0.999992435665647 0.0036305713552166777 -0.14399501813337476 -0.01380395951726443 -0.0036494929956200836 0.9998980607554555 10.405257105592467
0.9998585311879635 0.005852634892052165 0.015769092411056958 0.023108576530916598 -0.005874992321406466 0.9999818010822472 0.001371848945202281 -0.14813206305386836 -0.015760776499637818 -0.0014642981681922183 0.9998747190298408 10.828032814405345
0.9997760551380059 0.010277644811468265 0.018498907800627983 0.026087192882759392 -0.010287933560830718 0.9999469714993764 0.0004610989841774822 -0.15344521511150866 -0.018493187819701835 -0.0006513112578298987 0.9998287742398249 11.213180796741597
0.9996844163503051 0.011440396056045852 0.022364817111493254 0.024518451831473387 -0.011471537272699528 0.9999334000710861 0.0012646164945874418 -0.15367061582906238 -0.022348859902706367 -0.0015207762353902188 0.9997490763690112 11.576698395108306
0.9996457125389702 0.007193968232299771 0.025626084826348924 0.034614145368645086 -0.007241795701442711 0.9999722041984849 0.0017740421196501645 -0.1612394973843559 -0.025612610126129955 -0.0019589924697120936 0.99967002383338 11.896178492848891
0.9996016581844696 0.0025573113199930378 0.028106673827963707 0.053304544826695374 -0.002596725706680958 0.9999956956520778 0.0013659037013108652 -0.16155982054931148 -0.028103059806063233 -0.0014383449272090153 0.9996039961871938 12.193689573114815
0.9995396486791399 -0.0010619951570234323 0.03032099742205065 0.07620742614250735 0.0009762626438446019 0.9999954845072434 0.0028421605115905653 -0.1716622873167362 -0.030323878868505214 -0.0028112508621377015 0.9995361720512962 12.462785556876428
0.9994579176206158 -0.0012650620668313484 0.03289788022699105 0.07994309492733065 0.0011306234747651878 0.9999909360131278 0.004104824252864449 -0.18176320946337418 -0.032902774898489855 -0.004065403984311852 0.9994502888560409 12.690021387364744
0.9993888017369748 -0.0005731173506793296 0.03495274666225899 0.09032055602443059 0.0004566182509950535 0.999994314803601 0.003340937031639403 -0.1883959998997701 -0.03495446269800989 -0.0033229349946803945 0.9993833817112002 12.899857274615343
0.9993081639230257 0.0003962980954118907 0.037189198224899744 0.10035618193770446 -0.0004507486723966413 0.9999988387682752 0.0014557773646545213 -0.18795116725215405 -0.037188578117825985 -0.0014715331870809797 0.9993071821255233 13.09832186903531
0.9992157860427641 0.0025444674002054603 0.039513777452813356 0.10271534046204349 -0.0025881446107903746 0.9999960950222422 0.0010542522186378492 -0.19961250734779282 -0.03951094064198935 -0.0011556928295000154 0.9992184695769334 13.262522495731771
0.9991586243136611 0.005047843610324651 0.04070089353463768 0.11720787730603986 -0.005086164501169572 0.9999867142297235 0.0008380302549988984 -0.21352182113771392 -0.04069612254624818 -0.0010443365965796822 0.999171023884687 13.436725813160901
0.999079413065504 0.0066476474573761175 0.04238083496075219 0.11386965897953494 -0.006627878210976084 0.999977851168626 -0.0006069617761363962 -0.22273379697542478 -0.04238393114269302 0.00032550800245620366 0.9991013444217918 13.580849777090592
0.9989833642609331 0.0056099755273445176 0.04472992403850463 0.11587360107347777 -0.005511883118907147 0.9999821274215135 -0.002316027207837728 -0.22577131331168426 -0.04474211745538319 0.002067126538587756 0.9989964313817553 13.727719391893176
0.9989354866550255 0.004180902916290547 0.04593923760895387 0.12841211648395245 -0.004004304838458389 0.9999842384859325 -0.003935520609829953 -0.22884222011123911 -0.0459549675666088 0.0037473764841887427 0.9989364835290768 13.876623714364904
0.9988785596873719 0.0035727342466680455 0.04721078867043039 0.13370743557495052 -0.0033501488145354042 0.9999829016781231 -0.004793000555149839 -0.23397208497653194 -0.04722710556239732 0.004629462323411321 0.9988734497316436 14.00923145115171
0.998780102894311 0.004238863467479098 0.04919693180406254 0.13138434230118307 -0.003941722162103473 0.999973410212067 -0.006135282817108594 -0.2370772910142668 -0.04922163029427501 0.005933877766957854 0.9987702539652553 14.15098781539279
0.9987259898773638 0.005523933564399939 0.05015858153353005 0.14660117220784374 -0.005121633258412083 0.9999537083120156 -0.008145557428121689 -0.24237299453350647 -0.0502012551262019 0.007878286046126845 0.9987080487273192 14.29498990185509
0.99868310201112 0.005253796701078333 0.051033904197805076 0.15299722738150315 -0.004731558360202495 0.9999352573787478 -0.010348594415737804 -0.2449154759915699 -0.051084969540276776 0.010093496476503086 0.9986433032949992 14.418070295105975
0.9986474713497762 0.0049523107528884665 0.05175618402572519 0.1618984195050716 -0.004301003817986085 0.9999102546566435 -0.012687946983023382 -0.2496633858760774 -0.051814373805495084 0.012448182626117287 0.9985791472970239 14.555937439239841
0.9986841245113381 0.0036167319449648522 0.05115602309660434 0.16996848254417785 -0.0028791451362477406 0.999890945669548 -0.01448472613968114 -0.25440547302983973 -0.0512028316825004 0.014318380428505589 0.9985856267789949 14.672630863990426
0.9987788282728509 0.003320291427875339 0.04929328411401546 0.1742393242501197 -0.002538883922553803 0.9998702623356148 -0.015906368703650777 -0.25389499129473636 -0.04933970269812 0.015761794369381316 0.9986576788749578 14.815760470044427
0.9989283613690032 0.0032908472169944705 0.04616599589776689 0.18555922976390857 -0.002531481456190781 0.9998607035346985 -0.016497427943008198 -0.2643321386584033 -0.04621385565255502 0.016362880299390606 0.99879754489788 14.923502436670969
0.9991351693166691 0.00326633878474856 0.041451712455507744 0.20387800073963677 -0.002544472076226104 0.9998444040541558 -0.017455467436980503 -0.2744245312497794 -0.04150227820739669 0.017334898688294326 0.9989880190428023 15.08521027434569
0.9993226790263833 0.0045274313365360735 0.03651965976053278 0.17899195633224316 -0.0038485313051562988 0.9998188735001291 -0.018638910905041103 -0.27324438017325753 -0.03659743147169426 0.01848573932591768 0.9991590991685202 15.161927051995042
0.9995468717435197 0.0043488200096873 0.02978487791257558 0.1751357594468507 -0.003775770875909956 0.9998072080744793 -0.019268892978254785 -0.28006223296822746 -0.029862932575959775 0.01914770082381041 0.9993705873254053 15.294461229786842
0.9997402009213375 0.0039023040777570283 0.022456684631716687 0.18051265288618215 -0.0034536054127766954 0.9997943182139948 -0.019984841171903644 -0.28538697060106166 -0.022530052627912325 0.01990209260098285 0.9995480495897561 15.429193943719344
0.9998847689078743 0.0038703993796617197 0.01467885944781545 0.16786678692335416 -0.003561695704188015 0.9997731599258833 -0.02099864318295155 -0.2854210232212168 -0.014756802829799394 0.020943941855726757 0.9996717401576312 15.5601544203032
0.9999858078709588 0.0031005597203863653 0.004332503443307179 0.16383538988270252 -0.0030031382048556717 0.9997464876314703 -0.022314605742896853 -0.28826803850060284 -0.004400592867840331 0.02230127794451938 0.999741610509662 15.693241269200117
0.9999646140407457 0.0016085335722424697 -0.008257317124199956 0.14895381842370597 -0.001805322787574536 0.9997131964881844 -0.023880234023343525 -0.2914170364737893 0.008216536738511006 0.023894296121123936 0.9996807246000599 15.837062932909785
0.9996939872187632 0.0009304102760937166 -0.024719754354955877 0.14325243755297346 -0.0015621743731484797 0.9996723236279341 -0.025550048601807387 -0.29855949575674007 0.02468788224775667 0.02558084652713785 0.9993678645829452 15.982804848774107
0.9990442182260048 0.0013302403331110592 -0.04369073688835127 0.11061145118008697 -0.002494187659218188 0.9996431282952021 -0.0265968998212711 -0.3047587861326703 0.04363976463171608 0.026680451885946227 0.9986910054817006 16.160416996415716
0.9978576604555163 0.0020340615905389222 -0.06539076436079844 0.07255682621048253 -0.0037377116516082837 0.9996564723190082 -0.02594160485254072 -0.31626188150994944 0.0653155340011318 0.02613044094847668 0.9975224714631672 16.346146668297138
0.9960408348967895 0.0023208872727190646 -0.08886657808407927 0.030469990003376395 -0.004524296910886435 0.9996871071938521 -0.024601187935742168 -0.32330226275651275 0.08878167578711595 0.024905846555676302 0.9957396812680394 16.543650624661396
0.9932576493185379 0.0033895045302418853 -0.11587818314614677 -0.01624964500756284 -0.006105022398886489 0.9997148103915173 -0.02308736852396896 -0.3294396330745011 0.11576688115226029 0.02363914429271771 0.9929950755594846 16.770631160857498
0.9892782065905354 0.004502291713592389 -0.14597383099151592 -0.08437927618652885 -0.007637877020712636 0.9997518285861402 -0.02092711335290631 -0.33461211651100503 0.14584338449045403 0.02181766733623549 0.989067083969725 17.01095180139728
0.9838806028280329 0.004574332176384132 -0.1787681035976122 -0.16996109285528296 -0.007868416063744318 0.9998119935394516 -0.017721896154625754 -0.3351520494389078 0.17865342819938923 0.018842851689901546 0.9837316196670706 17.254391222939336
0.9764548872042846 0.005070541525152676 -0.21566210344775336 -0.25511559141330703 -0.008144147883767432 0.9998775081058475 -0.01336568888191602 -0.3494505062556116 0.2155679153077171 0.014807376293001722 0.9763765746356282 17.49880879303217
0.9668493802968438 0.006641851161444154 -0.2552609677031693 -0.35829025597216474 -0.00908025515634898 0.9999236985007407 -0.008375329420111764 -0.3462378178316253 0.2551858632171948 0.010415516777818316 0.9668359179428255 17.77107150320901
0.9547743273725919 0.010743998369289484 -0.2971372583323326 -0.4716927614465408 -0.012296729618508582 0.9999187573484533 -0.003356954485003651 -0.3576586552371876 0.29707705100007975 0.006858950485737397 0.9548288750175763 18.038429644842786
0.9405897234985846 0.013490837161452727 -0.3392771276722603 -0.6044807674768119 -0.01412538350192233 0.9999000522494218 0.0005992099191455462 -0.3519493352029407 0.33925130152997157 0.004228808849634624 0.9406862769201715 18.314340052955494
0.9237371437479556 0.015478291386333182 -0.38271413843249713 -0.7375685784989012 -0.013949536191202897 0.9998797859444755 0.006769350019033834 -0.3879795282932441 0.3827729087859003 -0.0009144153266633289 0.9238420125455387 18.62428194179697
0.9043194743753316 0.018559693197153736 -0.4264526070432112 -0.9056648535303536 -0.013750876085164164 0.9998024339890687 0.014352922922683609 -0.3922560707779792 0.4266347403487138 -0.007115530757544484 0.9043960236255044 18.908045516890635
0.8825451275690392 0.022902135466279196 -0.4696696605011148 -1.1026328121908908 -0.014752405697459484 0.9996700985355209 0.0210252376947204 -0.39865218113830925 0.46999623863418927 -0.011626963707955885 0.8825918362327221 19.190575137728747
0.8578673020332319 0.02809264342536797 -0.5131028118102636 -1.2957144097896705 -0.01764791766155567 0.999526173059842 0.02521865124382575 -0.3959781454018144 0.5135681484520186 -0.012579060128717578 0.8579565980525142 19.447521469082844
0.8296075615017899 0.03157045294864569 -0.5574536755638725 -1.5174534628081073 -0.018800412892042692 0.9994135147623489 0.02862116324430422 -0.39560514459153934 0.5580303203000196 -0.013263974177664273 0.8297145464645487 19.71913392596607
0.7985989854483189 0.034918134089517064 -0.6008497186090898 -1.7705130374176479 -0.0211745739308554 0.9993276289058506 0.02993204844739694 -0.3874530074453564 0.6014908959076294 -0.011180966734459293 0.7988014071864924 19.992700962173373
0.7646459108692304 0.03745062603602662 -0.643361548120864 -2.0300360080689046 -0.021328785713247225 0.9992337820969388 0.03281663627256453 -0.3812545037799309 0.6440975965573568 -0.011370986138286432 0.7648588018603693 20.252763645740156
0.7276720605578342 0.041730407718263356 -0.6846546175665387 -2.3368990629581785 -0.022691485840290522 0.999065842245623 0.036776885789906795 -0.37571797393365297 0.6855497565850897 -0.01122568170364098 0.7279392250156691 20.52205679270155
0.6885768238520606 0.04319645139895664 -0.7238756966775068 -2.671203637555724 -0.020674764438628892 0.9989878886727377 0.039946869722081856 -0.363959219486793 0.72486861690186 -0.012540529164407342 0.6887729839062078 20.788566039594564
0.6474459026614858 0.04307266678359171 -0.7608932569703872 -3.019071265550463 -0.018092282057885097 0.9989889142759644 0.04115602609178571 -0.3521788509579923 0.7618966284587377 -0.012880005041904773 0.6475705621886535 21.049018994670405
0.6048055370461161 0.04181027702433122 -0.7952748978142765 -3.3958651235961086 -0.013013881753186561 0.9990064193914869 0.04262408821681296 -0.33559683741899543 0.7962668530336255 -0.015429671083638076 0.6047487279938484 21.292437880254433
0.5599393263365213 0.04193918893626318 -0.8274714830452897 -3.767703788923052 -0.008553015471419878 0.9989574326491794 0.04484298921019701 -0.3210296016791621 0.8284894668902849 -0.018031976772628498 0.559714258408273 21.517242408897832
0.512806845419654 0.04337123136799898 -0.8574077650571906 -4.2095242052372495 -0.006692087207574627 0.9988946741572882 0.04652575532983108 -0.3020802575229935 0.8584779293957121 -0.018120878285242958 0.5125302708237067 21.749301845846517
0.46302267047949197 0.04284498377538064 -0.8853102924892082 -4.668993083761866 -0.005151914198954252 0.9989442164457749 0.04564986538450438 -0.2786583317199296 0.8863314641837593 -0.01657587991100705 0.46275455243903263 21.951241513371937
0.4115295815114448 0.04173245827107952 -0.9104404458654437 -5.216486088348489 0.0006638140240116011 0.9989371173127111 0.04608899007260238 -0.2520894505789857 0.9113961613326867 -0.01957134593285605 0.41106447125289214 22.18136809850981
0.3578976249789375 0.04073750198834994 -0.9328717735928047 -5.722198117743705 0.005844231916547571 0.9989305805750587 0.045864366836158826 -0.2290184347911994 0.9337425421323277 -0.021866666955101404 0.3572768028973239 22.347462543473977
0.3036289798857721 0.03972227546934726 -0.9519619653142992 -6.228897169862108 0.008331835967830388 0.9989816785672164 0.044341700423324436 -0.20304954964147873 0.9527539152808194 -0.021395016208546697 0.3029888285044605 22.482140657930536
0.2500902977938395 0.04569083615572575 -0.9671438313098933 -6.792356313138498 0.0092496189605962 0.9987275835681783 0.04957477553304033 -0.17694880161103005 0.9681783345533366 -0.021343882295828447 0.24934945596505587 22.591428992589183
0.19929562427006642 0.05077053953038194 -0.9786233220512367 -7.367554182027687 0.011900334927837129 0.9984579329347696 0.05422304111936558 -0.15483980318400278 0.9798671523096434 -0.022452360130307783 0.19838411062675643 22.66992851765979
0.15115884270748559 0.052136740311544694 -0.9871336102985351 -7.959980698819261 0.017508837093512118 0.9983102605298508 0.05540816135240625 -0.1296277708931993 0.9883544125944734 -0.025658995118826886 0.1499905699519991 22.731139409225673
0.10706387807499151 0.053617163129110613 -0.9928053816481507 -8.54346912561696 0.020108552378974638 0.9982238582500298 0.05607829296302131 -0.10791634257104674 0.9940487775420106 -0.025967838539446314 0.10579555391803508 22.775086090724912
0.0668074799181988 0.051795441493544536 -0.9964205903470023 -9.210611361604233 0.01969448633172366 0.9983886764282255 0.05321821105623134 -0.07429477294472983 0.9975714950995288 -0.0231793662636587 0.06567974683649558 22.783360409377735
0.03156801344192395 0.04742008989044274 -0.9983760792417421 -9.86210030613738 0.017330324093170875 0.9986977814143256 0.0479833436197339 -0.038325688986791166 0.9993513498235526 -0.01881691985650486 0.030705099461778462 22.775108421505454
0.003455109821974278 0.047806333512368515 -0.9988506478409185 -10.520677061237452 0.015263193524077814 0.9987377312609548 0.04785372586505032 -0.01582369013943302 0.9998775410716879 -0.015410990617900838 0.0027210712247801583 22.748876325779854
-0.017630385148940775 0.05244190780719451 -0.9984683349135524 -11.204361640697838 0.014083195836948871 0.998537505850071 0.052196867777078076 0.0015106688177591362 0.9997453841426417 -0.01314137421510159 -0.01834315047151147 22.732037006391757
-0.030147410381108797 0.05827446939859164 -0.9978452885410776 -11.926920258016429 0.015445385752008408 0.9982070188696034 0.05782895069453476 0.0373423728419792 0.9994261221852695 -0.01366871229384404 -0.030993428302519943 22.694228363219338
-0.03776039696905076 0.06126773978204066 -0.9974068460175817 -12.678101940930588 0.01542107228533524 0.9980355523298717 0.06072253959756911 0.06350030034137556 0.999167825217721 -0.013088175870152251 -0.038631032889139716 22.647194741849084
-0.04029364327940521 0.05834433321931102 -0.9974830129342886 -13.54856593977223 0.01622817365628498 0.9982002842249355 0.05773074530126518 0.10008202132882413 0.9990560888614081 -0.013861145495668617 -0.04116794814530356 22.609907701780383
-0.03957061593238187 0.0543988642535668 -0.9977348996214647 -14.331528893560886 0.023375140789644037 0.9982940991237532 0.053502284509712915 0.1387866815904376 0.998943326294238 -0.021205075397554226 -0.04077469349471308 22.585641942896423
-0.034620504575265665 0.05300802177839137 -0.9979937726710003 -15.146798334348725 0.0353502175147601 0.9980324658230147 0.051783774339961224 0.17807904970042074 0.9987751412528316 -0.03348651654583475 -0.036426232649182655 22.552665511453167
-0.029181950061917705 0.05254690059189039 -0.9981919840535538 -15.993910632910415 0.03520549489952009 0.9980517336196986 0.051510291666754894 0.23060020245846496 0.9989539463456082 -0.03363867204424518 -0.030975035490473646 22.54163815560576
-0.024539991477294798 0.05146694674431892 -0.9983731477814857 -16.864721060382088 0.03401107788869976 0.998138756071379 0.0506188720649617 0.2583585800763786 0.9991201306145041 -0.03271356020211804 -0.026244762901563856 22.520452817541365
-0.021211810698438915 0.04491670434239895 -0.9987655123991374 -17.73057777334089 0.03701922176493214 0.9983405049231128 0.044111375514521156 0.30349087353312715 0.9990894035604685 -0.036037839847607965 -0.022839391242014173 22.504874306277678
-0.019645838415820016 0.03412273362728104 -0.9992245393717777 -18.610702592537585 0.03528253932352105 0.9988185862915694 0.033415177650207725 0.33237320618090294 0.9991842590092299 -0.03459870992266005 -0.02082656524403248 22.493217753461614
-0.018459145368871832 0.026164619291190596 -0.9994872048453639 -19.523156037134214 0.02774773523530621 0.9992858952120414 0.025646887132367145 0.34958309806831367 0.999444507284703 -0.027260086713290003 -0.019171972533406967 22.452414769457715
-0.020192172900437066 0.02351211153484016 -0.9995196129965296 -20.46545453577764 0.022084666146330707 0.9994900005270345 0.023065263225759237 0.3761293206039936 0.9995521715622272 -0.021608319176689407 -0.020701132036542003 22.424120831674458
-0.023427816347786123 0.029665149250688513 -0.9992853027744925 -21.44816144170735 0.012986071336230106 0.9994843492734286 0.029366605331932413 0.3945342367285591 0.9996411853122225 -0.012288794790601435 -0.023800969521633686 22.373851042672165
-0.028519371623002554 0.03759635020725277 -0.998885959403436 -22.43169026778929 0.008104698584314755 0.9992682816405359 0.03737934146059873 0.42249647146928077 0.9995603830199988 -0.007029634290930991 -0.028803210561485715 22.333343236913
-0.03361059348496176 0.046789023820811536 -0.9983391784636545 -23.425236846440548 0.007116953217893506 0.9988894327362042 0.04657520955227731 0.4579245748971377 0.9994096642430887 -0.005539712793977571 -0.03390626195376423 22.30084869506471
-0.035348225848247816 0.056602508924733876 -0.9977708448901516 -24.451509359321022 0.006077202447096826 0.998388500213613 0.05642224961510586 0.503354838332103 0.9993565782741406 -0.004069228997947317 -0.0356352470955934 22.254713747761024
-0.03590017517058497 0.0643916583603138 -0.9972787432590401 -25.490333549539365 0.007772584932967419 0.997909830537045 0.0641526074371568 0.5474861389132898 0.9993251544648426 -0.005448343889180206 -0.03632562735430889 22.198371693865266
-0.03811562416193781 0.06479065468507607 -0.9971706826116709 -26.505887718481954 0.008857781834051698 0.9978785191109573 0.06449806817187029 0.6021524848837365 0.9992340761281746 -0.006374336232276559 -0.03860866407779007 22.17295600353214
-0.04007638480785691 0.06232937876360028 -0.9972506865997518 -27.51312774899811 0.008012511115673644 0.9980404602697827 0.062056742825429986 0.6438438292290278 0.9991644924867746 -0.00550347230609954 -0.040497268379758866 22.127515749898702
-0.04319057625684475 0.05783692412067847 -0.9973913295847628 -28.521918601023085 0.0077603391861187886 0.9983122170023344 0.05755427455541644 0.6791616677007717 0.999036711666953 -0.00525429273477867 -0.04356651408523726 22.08561554879431
-0.04751258819038506 0.0529764496536978 -0.9974648112818519 -29.55384482352467 0.008437117813537526 0.9985782437904933 0.05263369710836021 0.7085007116927797 0.9988350058975966 -0.005914964951995977 -0.04789200542016703 22.025388571780404
-0.051441527047533464 0.04920605977290184 -0.9974630484266791 -30.82521700691024 0.008606658134533964 0.9987701843174536 0.048826676665887865 0.7163735416757451 0.9986389210974972 -0.006073104651289079 -0.051801763185449046 21.873203106283576
-0.05803027666544036 0.047660358536559734 -0.9971765025381911 -31.86890489791995 0.00799138405836466 0.9988499312627653 0.04727528526831613 0.7549335964597307 0.9982828380629231 -0.005225422522201528 -0.0583444100878594 21.804191992976563
-0.06489945772251393 0.05026889065870809 -0.9966248537033716 -32.91405112143002 0.008181826530181421 0.9987236040031913 0.04984195543421938 0.7863483255766398 0.9978582655377236 -0.00491949578915789 -0.06522791165771613 21.738361467981214
-0.07138985424038613 0.054930488322305425 -0.9959348021653877 -33.9822042188034 0.006660108177283785 0.9984864335615646 0.05459381789703066 0.8287036566074426 0.9974262537504233 -0.0027355888178480195 -0.07164764394742051 21.65942786756143
-0.07769756582248166 0.05792438296498661 -0.9952928484237124 -35.073149243443495 0.003982568387278507 0.9983208346362374 0.057789707390216445 0.8690335729317721 0.9969690202881442 0.0005262977595966388 -0.07779778657755299 21.566120147788947
-0.08240416058328837 0.06029113630616869 -0.9947736090193964 -36.13643033615497 0.0013196976581897005 0.9981741122038305 0.060387913726058555 0.9168322145191735 0.9965981199644393 0.003663414937720066 -0.08233326590351853 21.469583578429432
-0.08544657633128883 0.06146385786899893 -0.9944451099830102 -37.22585277036789 -0.0033506575285459925 0.9980720201390645 0.06197592846947377 0.9716950667848292 0.9963371194969041 0.008627675897159685 -0.08507589271483385 21.36873386509852
-0.08708574031203065 0.06262717319589098 -0.9942303108494519 -38.31846533246845 -0.006764812828283514 0.9979617882978166 0.06345475872479696 1.018986962630798 0.9961778511599744 0.01225178660097289 -0.08648458003239856 21.259322230676794
-0.08821776350493393 0.06210039807936757 -0.9941635513136517 -39.400638461116 -0.008647081979983384 0.9979694043546283 0.06310543514864446 1.071870417706661 0.9960636797792696 0.014163634083539618 -0.08750164166533447 21.14144460308804
-0.08981972716231246 0.061576700700292974 -0.9940526779519054 -40.51005071188696 -0.008701827603033407 0.9980002896529602 0.06260750792816137 1.1221076965661307 0.9959200243035858 0.014273464312290924 -0.08910428389068015 21.03825554803268
-0.09096377385918042 0.06055068229898604 -0.9940116733310645 -41.60617884656649 -0.010341661235990382 0.9980385415664687 0.06174236463528209 1.1804940070161065 0.9958005030567999 0.01589605048442466 -0.09015915755385429 20.92980620064493
-0.09144834976174421 0.06000214835405416 -0.9940004736008691 -42.729277763921964 -0.01231160931400308 0.998038623578102 0.06137858032267326 1.2247047658573174 0.9957337111908753 0.01785071537013506 -0.0905302621161641 20.80985930964043
-0.09157322381257949 0.05754088372654509 -0.9941344936076504 -43.95618504054741 -0.016728084394851253 0.998099366921409 0.059311254779858026 1.2496841860580647 0.9956578307194948 0.022061288517462346 -0.09043662795515606 20.681051937980058
-0.0917813232004856 0.05235618281721462 -0.9944018397169118 -45.05944581372764 -0.022112772480176384 0.9982633994922588 0.054600462703155786 1.302684159176469 0.9955336327843516 0.02700028434978329 -0.09046419534944694 20.569722879661136
-0.09067232102820988 0.05166036912179352 -0.9945399622245238 -46.18405941004674 -0.023279552003005747 0.9982708014794442 0.053976563174469167 1.3502043423595522 0.9956086543707304 0.0280466250338281 -0.08931290033536743 20.464867392314865
-0.08936661977075566 0.055956064477352324 -0.9944257267986161 -47.29724676727734 -0.024296238073830894 0.9980010304354006 0.05834068962001022 1.3982316340723075 0.9957024154265215 0.0293745144314766 -0.08782845675352635 20.354926843592803
-0.08701938671886045 0.059326105602112475 -0.9944385549289412 -48.40748114926025 -0.02432549306212213 0.9978010275114165 0.061655331354604964 1.4413061297037961 0.9959095826039422 0.02955541729105655 -0.08538489671126537 20.23995329150927
-0.08578501006500239 0.05919578701049188 -0.9945535635893907 -49.54248460010984 -0.022288701674695665 0.9978695323224734 0.06131566064379079 1.4926906245968112 0.9960643281564722 0.027427272243819235 -0.08428285063676699 20.142173170417017
-0.08257736530793314 0.05817736940515774 -0.9948851051392298 -50.65687688857752 -0.022199557938068992 0.9979395320960658 0.0601985872528549 1.5452044487677787 0.9963373717602662 0.02705705026386067 -0.08111570541433055 20.037415684321385
-0.0781811844726541 0.0587722228200294 -0.9952052693888059 -51.78000421154811 -0.02696762382018563 0.9977708108275086 0.06104225033621402 1.599646051104124 0.996574357316074 0.031610676762905285 -0.07642195662664841 19.929093641691523
-0.07203668245269768 0.05998253005678584 -0.99559671176094 -52.863318544026676 -0.03223906354473329 0.9975284160856103 0.06243157761495528 1.644827332863524 0.996880814923714 0.03659446938705792 -0.06992485714902696 19.814226596972897
-0.06600532843784745 0.05895528471257385 -0.9960760869643801 -54.026847229718264 -0.036227329754125445 0.9974532694913422 0.061437413356340696 1.7133305531931677 0.9971614098011905 0.0401403735096146 -0.06370143811415008 19.741146588606302
-0.06077361028595596 0.058170963052479735 -0.9964550704122881 -55.16177734975918 -0.038017697482070255 0.9974410705957769 0.06054721601289518 1.769891084401305 0.9974273020982395 0.04156260033127666 -0.05840656883202455 19.67113935215723
-0.05486767635383405 0.0574411444400794 -0.9968400338153285 -56.28609611516303 -0.03774408419640728 0.997511058286769 0.059557306048751285 1.8168236766711867 0.9977799968929553 0.040892585159464354 -0.05256305051336474 19.590185620369308
-0.04904574389438521 0.05744301966956497 -0.9971433269581101 -57.58561674040522 -0.03432499577132862 0.9976581435260337 0.05916099493320113 1.8382542190157591 0.9982065465980199 0.03712853548727648 -0.04695915439427534 19.486012241463904
-0.042885414196660365 0.057688528307371534 -0.9974130914274739 -58.74629928688105 -0.03393417178795199 0.9976714226644445 0.059162525163899166 1.8979782042538555 0.9985035369162428 0.036383596584626324 -0.040827939763359744 19.421073859520508
-0.0381038423293778 0.05923542725785932 -0.997516546909031 -59.93695714131281 -0.03314400324041695 0.9976173220059665 0.06050746964501872 1.9575484261486331 0.9987239720007413 0.03536725874622585 -0.03604975394978949 19.397873829311592
-0.03146972802496384 0.060501957780001385 -0.9976718745774195 -61.11339222095964 -0.03402737116619955 0.9975227992760769 0.06156624835035216 2.012029900030647 0.9989253196458446 0.03588562426942687 -0.029333048618256807 19.326471756851618
-0.026013778403265242 0.05991683057305281 -0.9978643478686199 -62.300759536936866 -0.03348548710027099 0.997589759981827 0.06077329128044947 2.063777544991318 0.9991005982816964 0.03499491668058168 -0.02394473469629066 19.28979872942854
-0.020611480914738634 0.05536962909420811 -0.998253159788874 -63.45000514023887 -0.033625941194475525 0.9978619969679744 0.056042225918247625 2.114730158105547 0.9992219287692234 0.034722315318193496 -0.01870555761416659 19.24342467981313
-0.01551516818232268 0.050185694215075426 -0.9986193847770157 -64.63738896600597 -0.033346931299992576 0.9981580326777654 0.05068060747195722 2.1608529237787475 0.9993234019721283 0.034087210167509686 -0.013813050852299336 19.2004919485595
-0.01163081324441917 0.050175119534985164 -0.9986727099319994 -65.82529419554372 -0.033019987217742 0.9981762973738003 0.05053473859901347 2.1957586495123027 0.9993870144380573 0.033563920223663044 -0.009952820294066633 19.18490039902821
-0.008778183334399614 0.05225140014114818 -0.9985953808628587 -67.00847014808429 -0.032003790793541625 0.9981075846991041 0.0525072065621844 2.2444312124658476 0.9994491987450845 0.032419755542111975 -0.007089328487156488 19.172015274620176
-0.007337179409071082 0.05179617405529461 -0.9986307236168698 -68.32199670699448 -0.030494812785623014 0.9981815394930128 0.05199692883746862 2.2790551773345396 0.9995079950613147 0.030834567754268887 -0.005744322407255309 19.151012223624978
-0.0068290518551819 0.051489940134966675 -0.9986501640292546 -69.50914151318754 -0.032386569688501794 0.998138151707488 0.051685009526666506 2.3313655184631115 0.9994520869729431 0.03269581274196037 -0.005148754662207988 19.155121457338108
-0.005906339271853245 0.052291977818219836 -0.9986143721238269 -70.69389655886658 -0.03395842518568568 0.9980453176435661 0.05246302782590405 2.375616352916042 0.9994057937171039 0.03422123588668591 -0.004119041038135762 19.1401321127508
-0.005006391583487924 0.05179520326917419 -0.9986451787104458 -71.86871852576334 -0.03460720888051146 0.9980505000225203 0.051937852268822304 2.4211297110684895 0.9993884515726674 0.03482034352361116 -0.0032041442046637503 19.12935709278158
-0.0041275555025273025 0.04974983469465358 -0.9987531813383266 -73.0823271781881 -0.035403274019006885 0.998128292381501 0.04986501916498077 2.4661030992305726 0.9993645838603191 0.03556495319051369 -0.002358522895352211 19.12512738518408
-0.0036729577454810425 0.0487436005143268 -0.9988045708697472 -74.29326681468916 -0.0337082049680646 0.9982376580547975 0.048839891063599726 2.4996905054485756 0.9994249678186107 0.03384729605408774 -0.0020234254609647895 19.131420460635695
-0.0027392576156113346 0.048804345300412194 -0.9988046016851914 -75.47839788826995 -0.030441755145239134 0.9983413704504205 0.04886519815629204 2.5357320616371415 0.9995327888625729 0.030539219488626666 -0.0012490242723273148 19.122694064742763
-0.006137410820553191 0.0498946532067487 -0.9987356285673392 -76.76341875718643 -0.027663830714648025 0.9983637128387058 0.0500460723444445 2.561979829883009 0.9995984417047734 0.027936006663307436 -0.004747091014146276 19.16429832804655
-0.006256885032613901 0.05260542667472091 -0.9985957743121384 -77.94933036584104 -0.027073023536690777 0.9982403621064153 0.05275633476876994 2.6076000275381377 0.9996138768475908 0.02736509722298276 -0.0048216872260924415 19.15582865478547
-0.005635044554493263 0.05628531910462756 -0.9983988226786724 -79.14316331701929 -0.029374257232365163 0.9979745113738926 0.05642718901458024 2.650365401372497 0.9995525995588805 0.029645193562035824 -0.003970291394055359 19.141350612468475
-0.004590188801822492 0.056082152885691294 -0.9984156059950534 -80.3371129947843 -0.03194733661695912 0.9979082462866056 0.05620053092519741 2.7009875825054683 0.9994790132113063 0.032154690496058506 -0.002788911840908348 19.11259776357673
-0.0044186994965367266 0.054480005873091354 -0.9985050846414492 -81.50245309079794 -0.032986273898864674 0.9979634940776702 0.05459643049281755 2.7408876538958022 0.9994460369769989 0.0331782074313232 -0.002612608393101512 19.106730075344576
-0.0040148335539034186 0.05203154991989167 -0.9986373710834521 -82.68229253939299 -0.0327313501273276 0.9981034850056443 0.05213532332718397 2.7821873547292495 0.9994561220135564 0.032896064088604016 -0.0023041564837731343 19.088775668488214
-0.004690949940307387 0.051137570691458245 -0.9986806015200427 -83.90159894545536 -0.030224801398211248 0.9982280531498835 0.05125636823880607 2.800678411618542 0.9995321187281061 0.03042536389871962 -0.0031370149082003973 19.086402902665338
-0.005010025600700407 0.0528635535399769 -0.9985891769644847 -85.08055864325132 -0.028912542170186056 0.9981765712071802 0.052986768143890216 2.8397677464170346 0.9995693895616943 0.029137216754576294 -0.0034724704547770546 19.083016818257704
-0.004365249864100917 0.05592980765667287 -0.9984251605449013 -86.25606015054703 -0.02848632588937325 0.9980225281685363 0.05603179905560288 2.877963937736291 0.9995846506579363 0.028686057302644657 -0.0027633829776194663 19.066186146141252
-0.004205392938665176 0.05819385859191362 -0.9982964436941646 -87.46571048247829 -0.028403663041749638 0.9978955313266205 0.058290140539996815 2.9244682415897167 0.9995876882975514 0.028600408747886722 -0.0025436240704226343 19.07131262978421
-0.004186629925216012 0.05827960577404713 -0.9982915203890551 -88.65553771723405 -0.029963150206150802 0.9978447178047878 0.05837918103919428 2.9710686325055375 0.9995422361059053 0.030156370801292194 -0.002431365974517208 19.062704825831467
-0.004539855745375521 0.05625520877970726 -0.9984061003394173 -89.86424754406843 -0.029097616347406995 0.997986194351967 0.05636385903907843 3.020864803708076 0.9995662651533965 0.0293071214558772 -0.0028938208756190686 19.0638350145905
-0.005210726380714403 0.05462666616990558 -0.9984932526931504 -91.06522718339089 -0.026843870496695663 0.9981393338732757 0.05474739073024482 3.0539308485534797 0.9996260575571959 0.027088697240272703 -0.0037346398063109465 19.06433314142961
-0.005723420780802124 0.056432787464985756 -0.9983899954193742 -92.19796050190993 -0.025822792760532304 0.9980650640884057 0.05656245415691644 3.0715230582757833 0.999650151717396 0.026104948671438147 -0.004255094152788574 19.067745690354077
-0.006069623007717073 0.059304566057072496 -0.9982214824984117 -93.36286512990797 -0.023434786793089715 0.9979572755558418 0.05943136321105191 3.120404903277948 0.9997069422808401 0.023753833584157988 -0.004667434579028074 19.065683964931612
-0.006405089105183004 0.06223744170633074 -0.998040818645914 -94.57968383624006 -0.02250707017113485 0.9977994837104621 0.062366834932091844 3.16504189890453 0.9997261658203543 0.022862439873868722 -0.004990212134514671 19.068453556837756
-0.0053565679109333075 0.06384301409781767 -0.9979455780407676 -95.77831728323706 -0.023280053940831942 0.9976814617177896 0.06395107530891561 3.2233582947882757 0.9997146324170352 0.02357478516467319 -0.0038578796912280833 19.05057447939222
-0.006081358755360311 0.06578196826521762 -0.9978154888188712 -96.94736745698805 -0.025529164429024177 0.997498498943918 0.06591666229555583 3.2769317786469485 0.999655580107091 0.025874258555259287 -0.004386787545703763 19.048317502263366
-0.006565481434829268 0.0650284442155561 -0.997861812024307 -98.12338575322094 -0.026561149548346673 0.9975199008581347 0.06518092302696848 3.325028658632464 0.999625629817583 0.026932300957800397 -0.004821968158251089 19.069030971656503
-0.007774765149286322 0.061413914446362836 -0.9980821029049907 -99.25543649239293 -0.029059265449475565 0.9976768558664239 0.06161534192085528 3.3726600536133953 0.9995474536601103 0.029482577581714537 -0.005972060007051638 19.072240760157165
-0.0070708840209972035 0.05914666982735093 -0.9982242603981814 -100.51108567188766 -0.02938446858969176 0.9978058436088756 0.05933002162212303 3.4314428117620044 0.9995431734571866 0.029751805126991934 -0.005317375933904911 19.099949172720628
-0.006978971410720014 0.05771829000840451 -0.998308515919079 -101.70524016999946 -0.030177102571534213 0.9978659769383742 0.057903666112009505 3.4857178872194616 0.9995202031166931 0.030530166513297735 -0.005222307366945955 19.089329652790806
-0.007333062046597449 0.05800432799132477 -0.9982893989897398 -102.88123995275042 -0.029960853921227208 0.9978553010913 0.058199186560481994 3.549035755440277 0.9995241735112422 0.030336381100350807 -0.0055794756386817745 19.0940961656591
-0.006975181829796728 0.06044098989091431 -0.9981474007276921 -104.10050269545177 -0.03035172157116735 0.9976989869447924 0.06062593873088773 3.6003223221527416 0.999514942277557 0.03071836894012135 -0.0051246437486891505 19.070985321276158
