1.0 0.0 0.0 0.0 0.0 1.0 0.0 0.0 0.0 0.0 1.0 0.0
0.9999331216800481 -0.0027179932613883243 0.01124120455401446 0.017210279952912303 0.0027084998414334057 0.9999959625006318 0.0008596575154730226 -0.0013745602590004686 -0.011243495710992334 -0.000829153222270585 0.9999364461350185 0.3035651505115023
0.9998330348072547 -0.0048193220159506054 0.017626021769572443 0.03247251148428535 0.004793880933245424 0.9999874061421401 0.0014853493570480029 -0.01436666790212365 -0.01763295816681744 -0.0014006043057161873 0.9998435463080542 0.601114989620136
0.9997884689720087 -0.007527110093745548 0.0191405309289875 0.04962090567998123 0.007520281222297301 0.9999716303784215 0.00042872912102014473 -0.02083433009490742 -0.01914321501066255 -0.0002846962561783801 0.9998167113361814 0.9073421134047613
0.9998268704934562 -0.009113404657347586 0.01622266608215042 0.06675757894657651 0.009127052598220489 0.9999580530871953 -0.0007674483274107438 -0.027495287999503442 -0.016214991524229512 0.0009153805860756757 0.9998681093665563 1.209677823800417
0.9998830231308267 -0.011798323439564138 0.009733427904607227 0.06196938756974706 0.011822011452895315 0.9999272858002918 -0.0023797389078034008 -0.02814834219302232 -0.009704643216850746 0.0024945292295607134 0.9999497973518253 1.5262693523373074
0.9998983274885879 -0.013945858745713746 -0.0029745099376636045 0.06278108182031332 0.013932667479802463 0.9998932092171103 -0.004410321802927048 -0.03337008746357581 0.00303569801230541 0.0043684305365563735 0.9999858505760096 1.8702945411151126
0.9997150445135577 -0.013321367534347064 -0.019808355314616007 0.04882279913089105 0.0132366587456405 0.9999027045287924 -0.004401402192264886 -0.043108087556840556 0.01986506074762146 0.004137951548950195 0.9997941071633059 2.213427650384375
0.9992148253131203 -0.008644621988665812 -0.03866527363337049 0.004077243974921976 0.008478960797184205 0.9999541671897596 -0.004446430437337288 -0.04748230253778254 0.03870193920555084 0.004115097873361171 0.9992423259005908 2.5511679925436392
0.9982982795899797 -0.005009215598590104 -0.05809864651412636 -0.03837164592561351 0.004677507082347892 0.9999719839539066 -0.0058439913400495525 -0.051971758949762324 0.05812629263234626 0.005562289670165556 0.9982937418608032 2.9027145969488504
0.9969408856141819 -0.004491914182916667 -0.0780300794423791 -0.08733977416316505 0.003995725131786743 0.9999708011224412 -0.006513914584509081 -0.052866688239034385 0.07805706099695202 0.006182201025232388 0.9969297245137201 3.2812459100242046
0.9950529033547436 -0.005715080359077709 -0.09918194080468751 -0.13679356213362437 0.005151086604148331 0.9999690813368252 -0.005941605606448216 -0.05597285731210272 0.09921283098516953 0.005401317142632661 0.9950515765230629 3.6623920528899325
0.9928774765235869 -0.007111291872282735 -0.11892748269454517 -0.19365236709095768 0.006557331630583162 0.999965755756173 -0.005048635149457912 -0.06432876018470098 0.11895931243093451 0.0042328291830634815 0.9928901072843189 4.0465140254591745
0.9905209588452057 -0.00603859162106094 -0.13722887997651342 -0.2591701163791061 0.005446689114050231 0.9999741761788226 -0.004688342263524182 -0.06541315549613762 0.1372536471867657 0.0038964582275590937 0.9905282701403386 4.454724365762496
0.9884406363739737 -0.004878339354501075 -0.1515298986000986 -0.35443003583351285 0.004266178455122547 0.9999813743324395 -0.004364711856986048 -0.06857460271305948 0.1515483688002048 0.003667804976793673 0.9884430378735283 4.8531161028974905
0.9861862989829111 -0.004500150357970888 -0.16557877987575553 -0.4364411196463175 0.0038361301740410083 0.9999832679876112 -0.004329878763348404 -0.07752887970387193 0.16559549451502617 0.0036348853590089866 0.9861870612641147 5.288492039951349
0.9841386018670948 -0.006232386552077188 -0.17729176425583176 -0.5244519789845579 0.005376075699206022 0.9999714508748279 -0.005309919525571799 -0.08120998003250914 0.1773197962021058 0.004272562832437879 0.984144011352854 5.727158844312334
0.9820983358634151 -0.010292311543130556 -0.1880875514684845 -0.6009031125766645 0.009069435166598477 0.9999317774132818 -0.0073611048677416765 -0.09029918858759983 0.18815048243379426 0.005523480987037511 0.9821246800267858 6.18277022735577
0.9808117767952358 -0.009520048581816858 -0.1947244904339783 -0.7143956057183465 0.00783937342034969 0.999925090491274 -0.00939987395627885 -0.09605223905121064 0.19479939097478968 0.007692989082109854 0.980812935882696 6.637601375985074
0.9794755969676958 -0.009182427229675565 -0.20135351493070022 -0.8289884882546913 0.007124104293924327 0.9999147264818157 -0.01094472031643963 -0.10026707811154341 0.20143684390593816 0.009285623025274617 0.9794574902068222 7.0881155168923655
0.9773874148749722 -0.010495150157636192 -0.2111958642284165 -0.9166621646080938 0.0078128927465691 0.9998779308222308 -0.01353078569725512 -0.11553324569839164 0.21131209135056533 0.011574769018131842 0.9773501034794171 7.646798011204528
0.9757371173077068 -0.014490734426448949 -0.21846532110114952 -1.036371458175071 0.011553499782405564 0.9998249570360371 -0.014716383070046923 -0.13608316656722746 0.21864033148260684 0.011835282154158234 0.9757337400876877 8.145172124822484
0.9739524111996397 -0.020759387693398024 -0.22580024034753182 -1.158927257710262 0.01758833025616549 0.9997165398491479 -0.016046513354840655 -0.14963795047920767 0.2260693507692009 0.01165709117414034 0.9740414574689056 8.656668107136527
0.9718297842664997 -0.02108484562059144 -0.23473879035575806 -1.287247837562429 0.017246366147157348 0.9996820750136602 -0.018393252868939985 -0.16436092614005599 0.2350519799262429 0.013826719840164911 0.9718844522633412 9.185098437995663
0.9698437511404352 -0.01726834004480123 -0.2431149991381583 -1.4321516516824018 0.012101832662648792 0.9996684172553104 -0.022728862454330163 -0.176919700172607 0.24342687612516173 0.019101308184512566 0.969731146249096 9.709939918731587
0.9676693063555076 -0.014027792536000918 -0.25183195701502553 -1.5850151786446465 0.00781649777474486 0.9996404788182867 -0.02564791356979942 -0.1938750050919973 0.25210120170278477 0.022850254801936226 0.9674310569521213 10.246208056733243
0.9652998086012441 -0.016691691937479353 -0.260610181947417 -1.7380733704361215 0.00975143965064959 0.9995631207948484 -0.027901200182123234 -0.20843219228163845 0.26096204501639936 0.02439169873394351 0.965040857214725 10.812981636591292
0.9630057283855035 -0.01906932234549445 -0.26880537204823424 -1.8952635099164863 0.011445025241214907 0.9994872980779628 -0.02990238080891856 -0.2351742261626395 0.26923777315587416 0.025719679743287115 0.9627302423732044 11.367596233468781
0.9607903020904288 -0.018661258865553317 -0.2766473437908547 -2.073129293863346 0.010144133628866119 0.9994304082743043 -0.03218626367842549 -0.2609698876876605 0.2770904039513138 0.02811790237927133 0.9604323461878445 11.948889497179808
0.9583533744506546 -0.0181742465095166 -0.2850061515877417 -2.2469668075857676 0.008431357987304286 0.9993385529282661 -0.03537469199482714 -0.2925567334697437 0.28546054347586003 0.031498466550774984 0.9578727079959092 12.524475723559924
0.956138822932269 -0.019478397092285563 -0.2922655356493652 -2.4415256783272747 0.007886112804271291 0.9991366407431662 -0.0407894882206119 -0.31432822568210167 0.292807719342461 0.03669557427233385 0.9554669404653885 13.123067816839974
0.9541147069164723 -0.021248610245858016 -0.29868649552384174 -2.613685243013099 0.00712388774555714 0.9988075163499031 -0.04829902179471961 -0.34351463679868327 0.299356603850797 0.0439549979587955 0.9531283134422979 13.713524271227294
0.953372906584982 -0.022135531174448185 -0.30098192512064287 -2.854792580539631 0.005730213476158796 0.998454447209048 -0.055280028057084256 -0.3984245016292083 0.3017403944506285 0.050977790341475246 0.9520262597474293 14.27397874114086
0.9519163688468741 -0.02286206147474413 -0.305503768989037 -3.0630913525197307 0.0035085975308398504 0.9979598030187845 -0.06374889255567809 -0.437295262896816 0.30633791222235035 0.059611724550073415 0.9500544857172234 14.920157436739032
0.9507311519744258 -0.02189492032146605 -0.3092424439327467 -3.287005489237784 -0.0006700953840226117 0.9973554733411791 -0.07267469138956668 -0.48355400437432616 0.31001585062308934 0.06930131499841183 0.948202246412617 15.55922529803815
0.9492732949366629 -0.02204751884082089 -0.3136783678117683 -3.5071836674995778 -0.0033571637647150975 0.9967715478137436 -0.08021976639489112 -0.5273299901087496 0.31443431901042257 0.07720355161492033 0.9461345943609155 16.218825455458823
0.9478693869754252 -0.01983986226612612 -0.3180408858937681 -3.7597835672325552 -0.008077652151081093 0.9962432657381128 -0.08622126771966436 -0.5982207210857885 0.318556708877019 0.08429552382375381 0.9441482340674695 16.897171582104022
0.9465204638782811 -0.018202628900505568 -0.32212990510158157 -4.0188435020044455 -0.012137228209634993 0.9956918033033632 -0.09192671279820645 -0.6705573177123073 0.3224154139476441 0.09092027901192985 0.9422217380815209 17.57218066478238
0.9445467521221753 -0.016371045708095756 -0.3279686294722002 -4.229234636674944 -0.0165890952076289 0.9951023050492538 -0.09744847051572433 -0.73501600396289 0.327957672536628 0.09748533914433087 0.9396490694276628 18.219836393798936
0.9430027155326893 -0.013592769182115407 -0.33250731589535837 -4.499773443578074 -0.021084059797715892 0.9947177923693474 -0.10045882721940412 -0.8105800382165654 0.3321164568647875 0.10174355099864307 0.9377349886347242 18.921850466828747
0.941312831809774 -0.013095536082290655 -0.33728127668902924 -4.762582015068332 -0.022571548890634636 0.9945681715444717 -0.10161041940354251 -0.8918529689510941 0.3367798655664287 0.1032601524568095 0.9359041954514654 19.61151489716344
0.9389190906713004 -0.014347534142504411 -0.3438387549957218 -4.997837653292495 -0.021861180596519987 0.9946259349152731 -0.10119949790806983 -0.9477190629387849 0.34344290639916364 0.10253486167128115 0.9335596243337362 20.327821578553067
0.936632269137775 -0.013692806930374 -0.35004642470419567 -5.2747329203986215 -0.022876562311399794 0.9947121491170108 -0.1001219421297367 -1.0240852369177829 0.34956638183131294 0.10178530069408452 0.931366253015418 21.03868560730304
0.9338191673245082 -0.01373965681805825 -0.35748144646664404 -5.561590721942696 -0.022916436441084983 0.9949124981530746 -0.09810177347861757 -1.11825344343099 0.3570106436483425 0.09980151726968015 0.9287534966138571 21.792883714550374
0.9309295616671336 -0.012532813148678164 -0.364983670605712 -5.859489775283535 -0.023218991410131347 0.9953577807999294 -0.09340110619760282 -1.2516505202593833 0.36445991501416836 0.09542440356439202 0.9263169833012052 22.45254245374197
0.9278360846965362 -0.010389473529775758 -0.37284347758111064 -6.174690032388298 -0.023979364312020277 0.995882505985074 -0.08742439224884758 -1.335622127503252 0.37221659020279235 0.09005605539142297 0.9237665922001853 23.187273919205314
0.9242922786661679 -0.007375000565752753 -0.381614193872238 -6.496212886547668 -0.02612145397536415 0.9962469354270063 -0.08252098699428728 -1.408401997617646 0.38079056348643386 0.08624182870831036 0.9206307043221678 23.932904168507907
0.9209624851742886 -0.0032660390546954666 -0.3896375673500844 -6.8501802011524 -0.02968590638426546 0.9964704947414863 -0.07851942480559988 -1.4814268930221368 0.3885187870151751 0.08388018895156849 0.917614987910347 24.686384170887877
0.9170246485392546 -0.0020547590771730836 -0.3988252398439589 -7.17256594779744 -0.031142157213569124 0.9965646728776031 -0.07673994277064138 -1.5558667613045387 0.39761282677441623 0.0827926973681299 0.9138103792620039 25.425077193015387
0.9129165854519672 -0.0026783868427005296 -0.40813739629032036 -7.522292701633362 -0.03112790323325874 0.9966090936334694 -0.076166712725282 -1.6230325535050483 0.40695744451603544 0.0822383166838646 0.9097375982237859 26.198239526631895
0.9089746799598685 -0.002594065156672047 -0.41684325833317454 -7.877867117005006 -0.03168358181520713 0.9966580471102945 -0.07529201666613126 -1.6861792171276626 0.4156455001984429 0.0816456242321464 0.9058547401258821 26.965229413769634
0.9055062670739368 -0.0012262118192443979 -0.42433111681138663 -8.263174222842911 -0.03289631085805881 0.9967834059167212 -0.07307991804176422 -1.7617002292753692 0.42305582731095226 0.0801332521094418 0.9025532831277112 27.72795761685447
0.9013388217346601 -0.0029971943279602014 -0.43310431221604695 -8.64096078565359 -0.030716192568066535 0.9970158236868858 -0.07082346244065038 -1.8328373163947773 0.43202412426633785 0.07713925164351287 0.8985570053746077 28.525994335302745
0.8973589901026509 -0.002391870582745339 -0.4412948241675468 -9.024508008353045 -0.03051272159515901 0.9972558426708613 -0.06745189455965438 -1.890050492704675 0.4402451779438441 0.07399367009377095 0.8948235133719091 29.31660139244557
0.893799667774545 -0.0003991185394811661 -0.44846626917807825 -9.427556611173921 -0.030158843326416405 0.9976823470842691 -0.06099490540722938 -1.966327008826336 0.4474512242192726 0.06804245013824556 0.8917161134149469 30.084760372742178
0.8911423595965051 0.0038223834304039893 -0.45370770802101673 -9.899978281807654 -0.032807513488493145 0.997889852068596 -0.056031332281304476 -2.0784303428023123 0.4525361444033786 0.06481691541123032 0.8893873202857673 30.82876458936737
0.8873842549587488 0.002973251807752409 -0.46102097981002327 -10.32030674788375 -0.031496460372145714 0.998033854311393 -0.05418854705905009 -2.1395619458103767 0.45995342920270965 0.06260659248060645 0.8857331751394634 31.636470603003932
0.8842579864803664 0.0016387780595726056 -0.46699585410596506 -10.757589068320769 -0.02984880682431056 0.9981474544317024 -0.053016110218287935 -2.1946684082053802 0.46604384136779803 0.06081918790960733 0.8826687738360084 32.4529530481792
0.8814798872966296 0.0027469418857874067 -0.4722135773162366 -11.237516169512546 -0.030408291975761958 0.9982378495531467 -0.050956172330994975 -2.2565123243781264 0.47124149230584317 0.05927604937734425 0.8800101169302411 33.27707817618079
0.8784895692817037 0.002071022584321107 -0.47775703817809095 -11.699737781926622 -0.029274919505633663 0.998344876372677 -0.04950239295592682 -2.316085036353851 0.47686377064229285 0.05747363470217936 0.8770961894586792 34.117343422704415
0.8756859713717589 0.0003518284336250691 -0.4828808918972178 -12.177717275256851 -0.027888113921555418 0.9983674516199739 -0.04984661119612322 -2.3632734521945515 0.48207502802426677 0.05711661546863944 0.874266183489222 34.97492234636925
0.8735058357647171 -0.0010175516670650616 -0.48681261227867545 -12.653144321970837 -0.026920352032935208 0.9983666870329867 -0.05039099988292697 -2.4130554614904915 0.48606877037247104 0.057121999364370624 0.8720517345073118 35.829383848443825
0.8722295228701696 -0.0006028391932143737 -0.4890964076933947 -13.151081345626535 -0.027961514094518584 0.9983022555881832 -0.051095598803495026 -2.454820443207313 0.4882968494299531 0.05824296586243534 0.8707318437752973 36.68089268920973
0.8717276162243432 -0.000675459430814521 -0.4899903130332082 -13.643372202426916 -0.027280905238308187 0.9983810138423878 -0.049910954793755576 -2.514785628665824 0.48923073832415975 0.05687613694338943 0.8702978741357434 37.55335596748187
0.8716034006207797 0.0003282999756434825 -0.49021159130055125 -14.13207478413615 -0.027250365162364586 0.9984859621605403 -0.04778285222606281 -2.5828142161195653 0.4894537052927585 0.05500614136136039 0.8702927063854572 38.44975200754339
0.8714425328176129 -0.0009889720077963175 -0.49049661969354236 -14.645658892479728 -0.025598933620191524 0.9985434576946645 -0.047493764776998154 -2.631873464183514 0.48982916062024395 0.05394427707877452 0.8701479232731155 39.335166079482036
0.8708428202188508 -0.0029201317375509637 -0.4915529018365304 -15.165185906892669 -0.02388301697274841 0.9985500300258906 -0.04824353879611586 -2.6924376971983426 0.4909810423769514 0.05375230568011267 0.8695103827215142 40.25274289394846
0.8696213884863013 -0.005348359489771433 -0.49369022244513355 -15.67224352955801 -0.02173772176236914 0.9985568877006541 -0.04910818137708845 -2.7397833118686834 0.49324042022094977 0.05343722556749523 0.8682501660143288 41.162776152779806
0.8680484207282517 -0.005521787791873132 -0.49644883838193204 -16.206880944983276 -0.02048507921677941 0.9986882742393334 -0.04692645763686404 -2.7999313474193785 0.49605675159266854 0.05090423122338303 0.8667966649929416 42.077339265915136
0.8659764373534712 -0.004273207086676731 -0.5000665452215175 -16.74104153583217 -0.019960322682650397 0.9988712917358247 -0.043101369634961355 -2.8592758084430874 0.49968629705745793 0.04730626012695859 0.8649137079997093 43.00204181033554
0.8629862681162289 -0.004590549042417948 -0.5052065200512691 -17.281455221617662 -0.01757639175200905 0.9990806349787832 -0.0391018575437439 -2.9163540983488407 0.5049215498429476 0.04262407383017828 0.8621121834392061 43.94187910213492
0.8588829690803634 -0.004644630188513691 -0.5121508301605217 -17.83010151274247 -0.01677493522767717 0.999167291331293 -0.03719308378979028 -2.9684391350859904 0.5118971058443355 0.04053580323737365 0.8580898564160365 44.870105385331755
0.8538255546252109 -0.007857347908967792 -0.5204999369383136 -18.353874656518492 -0.015090716383543592 0.9990922375993073 -0.03983680519118895 -3.012134339741093 0.520340458303967 0.0418683992128518 0.8529319108811505 45.7114723551695
0.8482443775271721 -0.009551048000367391 -0.5295188886863574 -18.90571878938619 -0.015082373110484376 0.9989961895939842 -0.042179796088371496 -3.1063643552949496 0.5293902133727979 0.043765176325420416 0.8472488485246281 46.53176194102127
0.841962530577778 -0.009339862251876949 -0.5394551548332633 -19.45369784774725 -0.015703779008510773 0.9990023213212538 -0.041806139735667866 -3.1530845577372184 0.5393074155135603 0.04367068774203465 0.8409758513799441 47.39881438412742
0.8364199437265681 -0.005635705017660821 -0.5480601395516723 -20.052767039419628 -0.01718143590866437 0.9991860881730802 -0.0364960198034522 -3.209827651962875 0.547819747724159 0.039942458992047916 0.8356423421375365 48.27782597035741
0.8310307970394681 -0.0019174152197742012 -0.5562231008244994 -20.627112344834696 -0.019217092025054977 0.9992980922416194 -0.032156278024060535 -3.252120755220402 0.5558943404515347 0.0374118478711636 0.8304106429308442 49.144449694997924
0.8268115405945012 -0.0017615442052024697 -0.5624762868795098 -21.233137285327956 -0.020635649905398786 0.9992269099600101 -0.03346270109766583 -3.309393508095155 0.5621003880916017 0.03927441118314861 0.8261359902180074 50.03455197374374
0.8234405491894482 -0.004205870262295904 -0.567386969013139 -21.8421023795901 -0.02104994550483775 0.9990577073424142 -0.03795519982772436 -3.357257645274614 0.567011959084483 0.04319731536861823 0.8225760938661668 50.904389504604616
0.8205715530005833 -0.006235565755284719 -0.5715097935520638 -22.45587726959865 -0.023813848060186767 0.9986991255754012 -0.04508832682075584 -3.416071615793828 0.5710474823049108 0.05060804575006302 0.8193555996382659 51.768380238988144
0.8171290302253928 -0.007899324185953328 -0.5764006841081247 -23.07010183589678 -0.023235425780368222 0.9986421695185547 -0.04662544635796413 -3.477973060721578 0.5759863392058131 0.05149192108165711 0.8158359633600412 52.62795533263851
0.8140463146074871 -0.00634256700477472 -0.5807653308503858 -23.709186185834884 -0.022413658928039724 0.9988524415855213 -0.04232526233941364 -3.5422133579266166 0.5803673195205135 0.047471799865105434 0.8129699887758106 53.49597363759925
0.8109682471370918 -0.0038989406779468137 -0.585077174735934 -24.332382087482053 -0.02198023967980895 0.9990688938314675 -0.03712431066007989 -3.594439861154371 0.5846771512544431 0.042966773674059135 0.8101274499490999 54.33964003143051
0.8086204682774327 0.000764274806232226 -0.5883301404541553 -24.947383743870507 -0.02562254949286671 0.9990960982875171 -0.033918598793958095 -3.6768574905909777 0.5877724247021726 0.042501791382016575 0.8079091375204568 55.153113542876625
0.805226136256544 0.0011817884377677533 -0.5929666709566788 -25.586969446253153 -0.02660820791680764 0.9990627314809335 -0.034141790189034155 -3.7261160603568446 0.5923705535902453 0.04326964226735012 0.8045028684207671 56.01981968071494
0.8019568692281792 0.00021549272461668191 -0.5973818991739059 -26.227259829556875 -0.026819587459065382 0.9990046244162452 -0.03564365474362097 -3.7796744856100193 0.5967795988690152 0.04460620985740155 0.8011644003672996 56.84900821331127
0.797434243571075 -0.003055132691166751 -0.6033981217608047 -26.855429418692385 -0.025141167735100868 0.9989505867009884 -0.03828376959844328 -3.828006419094881 0.6028818697432715 0.04569892224101715 0.7965205958673426 57.69889988837038
0.7932632739914907 -0.004373917084299453 -0.6088630773709642 -27.516750954013492 -0.024635825102258792 0.9989247738200652 -0.039273048902047664 -3.8670495707863055 0.6083801889097245 0.04615371163700038 0.7923025814954137 58.55099592870034
0.7889128066050348 -0.004853435014557533 -0.614485986612491 -28.168154251817455 -0.02350005661816493 0.9989990453324021 -0.03806119761505416 -3.9218396582158253 0.6140556415452186 0.044467421709703706 0.788009084651301 59.36332897251329
0.7841496739330427 -0.004639404997203876 -0.6205544011543024 -28.847984639323098 -0.0235649359875691 0.9990282326154053 -0.03724626463474525 -3.9753196749945463 0.6201241671331675 0.04382997100856472 0.7832783355734945 60.20768962885487
0.778804868068735 -0.0060068984673841115 -0.6272375105518188 -29.52350399775168 -0.02304044454964901 0.9990054003627036 -0.03817522706034557 -4.0307767195852495 0.626842975064246 0.04418288375555549 0.7778918674183759 61.03702031959186
0.7731233353412603 -0.008042772149594214 -0.6342047162919516 -30.219444768729197 -0.021374684579736614 0.9990212336020068 -0.03872593022047909 -4.088378469718352 0.6338954418592406 0.043495846105971514 0.7721947164812796 61.88651332652818
0.7682474705736086 -0.008869816785963673 -0.640091517134414 -30.910337215326447 -0.021150775288731927 0.9990063786583822 -0.03922881727188253 -4.163333469455535 0.6398034609643324 0.04367587148585154 0.7672965199895105 62.758061065403695
0.7626600361960904 -0.010382276356263745 -0.6467162264293671 -31.62150465212546 -0.020212714019376608 0.9990002453520851 -0.039874252073797405 -4.231592297478596 0.6464836543806418 0.04348238866640156 0.761687709297265 63.58788036196609
0.7562570097044765 -0.012236798575816464 -0.6541602219895811 -32.34847087864378 -0.019107381827444814 0.9989855709664545 -0.04077667176863809 -4.293873030352126 0.6539955987868292 0.04333693299533218 0.7552560274542763 64.44427678208916
0.7503276068849699 -0.01337186569515874 -0.6609309158710196 -33.093422134838086 -0.01800236459973628 0.9990112897482176 -0.040649204474638705 -4.35601235057948 0.6608210024016279 0.04239853963798119 0.7493450250862244 65.27109091260445
0.7440359897432434 -0.012889830760638396 -0.6680151931129669 -33.84397575124845 -0.017617141323893314 0.99908779310234 -0.038900102897935135 -4.419288878941099 0.6679072407889933 0.040711594624358194 0.7431301930111409 66.10023622493468
0.7375020714687658 -0.013127328629581839 -0.6752172745289701 -34.594978780392175 -0.01710315959582541 0.9991273458194371 -0.038105495242112375 -4.472366771963321 0.6751282667102002 0.03965123048352831 0.7366339684063061 66.92762839364556
0.7310788389088274 -0.015568465163785027 -0.6821153525556838 -35.3637149345635 -0.015370974047881365 0.9991100970103494 -0.03927782082536721 -4.520161606871913 0.682119831449387 0.03919996102567329 0.7301889471904144 67.752743146952
0.7253984297875371 -0.01688449902928217 -0.6881221052649782 -36.19253338508208 -0.014586285859772527 0.9990975523998741 -0.0398913656496977 -4.6192604982970344 0.6881746568470772 0.038974279738194666 0.7244975135860001 68.54882909570348
0.7200018031089473 -0.016027316419467596 -0.6937870917278982 -36.97258862742114 -0.01590280404484665 0.9990896949181182 -0.03958386454014732 -4.6771520805359135 0.6937899569346445 0.039533614011519204 0.7190915025362297 69.3325104630575
0.7141855287120873 -0.0156083784083817 -0.6997824012517727 -37.77451662360145 -0.016431083954578537 0.9991020045177395 -0.03905386086819612 -4.73082752701505 0.6997635672556224 0.03938988565730539 0.7132877307577851 70.15804738112439
0.7094388011964714 -0.015311160789371041 -0.7046007065794042 -38.58417880426195 -0.017542947432817795 0.9990705553417212 -0.039373473869526804 -4.777067659925158 0.7045486728057069 0.040293843257586455 0.7085108142034602 70.95885384850799
0.7047995476848173 -0.016396751778727778 -0.7092169936728699 -39.39715411340817 -0.01781207578502983 0.999008646411263 -0.040797724835639204 -4.826142699817924 0.7091828590282658 0.04138684485006033 0.7038087819385688 71.75158272235936
0.6996963314081988 -0.01783005615201425 -0.7142178469567421 -40.230483247767566 -0.018958629933079115 0.9988731127903782 -0.043509480524606604 -4.885693409024936 0.7141887804810215 0.04398401575659711 0.6985698191254434 72.54719486341119
0.6965220628706202 -0.019012059561964535 -0.7172834568883268 -41.05611085525169 -0.019548934906459703 0.9987750327798383 -0.04545627613054014 -4.958311261999874 0.7172690255953333 0.04568342682905065 0.6952971806606698 73.28198622838808
0.6914315759570075 -0.01952622582921492 -0.7221780267181186 -41.897570322583405 -0.019915869047802563 0.9987395772235184 -0.046071846581817115 -5.021721049967813 0.722167386365294 0.04623833249863379 0.6901711980936802 74.0791690342643
0.686468837238096 -0.019412053050728528 -0.7269000672013535 -42.74992593556792 -0.019086076770192865 0.9988181989392227 -0.04469817827752726 -5.091505721955897 0.7269086993388502 0.04455757695569865 0.6852870677032643 74.8754842896408
0.6814252848765282 -0.019504731369478716 -0.731627737708971 -43.61528424387393 -0.01837565930080541 0.9988737598444748 -0.043744108625312715 -5.157853692732992 0.7316569662596011 0.043252483724832584 0.6802994240593108 75.67167799012181
0.6761373755871408 -0.021223253565166324 -0.736469838379171 -44.48514934846953 -0.01698690533828068 0.998870278486909 -0.044380308724850374 -5.214460641730886 0.7365797271043794 0.042517528898013274 0.6750130112488534 76.47151454038661
0.6720802211301244 -0.021148143067421955 -0.7401762846852652 -45.386285198912326 -0.016569893601206417 0.9989122513379173 -0.043586153226206584 -5.295155424684265 0.7402929251260798 0.04155803378185153 0.6709987442882877 77.25955726342157
0.6672380819804931 -0.022446149680638374 -0.7445062204706601 -46.26573458638095 -0.015095968236459274 0.9989329949267102 -0.043646115402829484 -5.351753781767904 0.7446915157956323 0.04036139258335463 0.666187289199318 78.06259346589627
0.6635287170993266 -0.0235522518681826 -0.7477800030867765 -47.136451710869935 -0.01396740278122429 0.9989401949951464 -0.04385656715482766 -5.4076188100230995 0.7480204230126801 0.039544636235481406 0.6624965422558329 78.81104765914377
0.6600006315849747 -0.026052899821672335 -0.750813167651125 -48.02531820785804 -0.011253467770970412 0.9989435363250564 -0.044555254432204684 -5.4785064494353035 0.7511807543930836 0.03785574784986648 0.6590101794237819 79.56892543952277
0.6553977327304801 -0.03084759263562267 -0.7546537205634999 -48.91523244176325 -0.008066261641869818 0.9988227428724892 -0.04783370928333046 -5.54329651376559 0.755240853870387 0.03743733897145941 0.654377336325048 80.35217095804504
0.6513382804784569 -0.03495142241614016 -0.7579820858400651 -49.85135221469767 -0.00358943574511177 0.9987854720209126 -0.04913956482300692 -5.607604700156987 0.7587789930766395 0.0347272076483457 0.6504217560280021 81.1207347984369
0.645034067575672 -0.0383836523392074 -0.763189194695448 -50.727927686979484 0.0012313405894053137 0.9987885756378412 -0.04919212310609492 -5.683811271507504 0.7641528220631894 0.030790849426983555 0.6442999209408833 81.85642519415416
0.6373320340535447 -0.041959829090511644 -0.7694460677083655 -51.66296667646913 0.005557461145581192 0.9987407247421836 -0.04986059934530724 -5.755998446945755 0.7705692655399559 0.027501590574964027 0.6367626477118928 82.60917220438408
0.6285278759821249 -0.043008184070736116 -0.7765970674785841 -52.601296901913805 0.008981112345209083 0.9988047763234748 -0.048045378700310705 -5.833513783224443 0.7777352047673048 0.023223154315278032 0.6281629059162976 83.37170166595158
0.6204067172416591 -0.041897727578108196 -0.7831603192356077 -53.57555081448958 0.009495799981706127 0.9989001237158712 -0.045917018883248666 -5.897519648370656 0.7842227585221788 0.021050493205809134 0.6201221990476204 84.11459725693643
0.6115638446666518 -0.0417092851953359 -0.7900949306412728 -54.545301386205985 0.00953701758745523 0.9989255669736641 -0.045351482245680155 -5.971370339245461 0.7911376044608676 0.020200177594214528 0.6113045424606972 84.85472946127653
0.6019126117384448 -0.043406521278185395 -0.7973813903902767 -55.530596728307884 0.008746629358106217 0.9988200842763546 -0.047769610853008855 -6.025929190386481 0.7985140601799546 0.021778731751468574 0.6015820663369391 85.60560799090298
0.5919261441907253 -0.045177403668159415 -0.8047250723205441 -56.53696066395227 0.009977294362666264 0.998762069151591 -0.048731743465969715 -6.115501711190851 0.8059304519750458 0.02081661408194306 0.5916441288117901 86.34951384637357
0.5814592423755744 -0.047583752690374 -0.8121828217439251 -57.526888778390735 0.011112778975987806 0.998659547857618 -0.05055307721839247 -6.172266313135402 0.81349963466461 0.02036894579302606 0.5812086118149206 87.09344340925976
0.5714059811912233 -0.04865205016770138 -0.8192241345769636 -58.559779651450235 0.014650496611305264 0.998686841224798 -0.049091303847802206 -6.2476942322153635 0.8205367557933877 0.0160490242355906 0.5713684111089341 87.80160788195042
0.5618866093961007 -0.04825742330131478 -0.8258054609153851 -59.594723710532456 0.01635837057647015 0.9987499263970493 -0.04723333816248314 -6.3387606526107785 0.8270525025011634 0.013030948476850499 0.5619736225912717 88.4870664841518
0.5516785630995251 -0.04939759874486197 -0.8325927217161371 -60.63563523134911 0.017215731809252222 0.9987063575968611 -0.04784589714784824 -6.408928258872066 0.8338791168956776 0.012061862785332195 0.5518153041294094 89.16843613419778
0.5413313614219089 -0.049806539581205254 -0.8393328694600545 -61.69286014931737 0.016701364582024696 0.9986839817236999 -0.048490917392796144 -6.4973474356957235 0.8406434568603989 0.012231650070310348 0.5414507966328579 89.84862692901055
0.5308869679917929 -0.049260919148209785 -0.8460096861509062 -62.73985188720832 0.01507509807372497 0.9987000814783353 -0.04869177213076039 -6.596606557130485 0.8473085439404874 0.013096148282600473 0.530939471376551 90.51115667496009
0.5211310187845057 -0.05034303832030506 -0.8519906336065576 -63.8232162793851 0.014226376825189301 0.9986325145430658 -0.05030617357562825 -6.672748924908029 0.8533581144297222 0.014095367681398657 0.5211345787288302 91.15746906286249
0.5119166552735331 -0.04991645352425958 -0.8575836319106838 -64.91085593816216 0.013031165887638049 0.9986466940319869 -0.050348477778300066 -6.752068513863985 0.8589362763145865 0.014598909772429931 0.5118743449952233 91.79815833576596
0.5031207300109679 -0.0477286020785931 -0.862897161646076 -66.00227553998376 0.012324951536332507 0.998768516375852 -0.0480577388773811 -6.8295034376251 0.8641282466178605 0.013543678968537691 0.5030893977785056 92.4294267870273
0.4952283061685474 -0.04646398619054116 -0.8675194653474448 -67.10901314200905 0.01275947309018381 0.9988500613947596 -0.046214182867880114 -6.896972365889176 0.8686691663780247 0.011817480229312406 0.4952516800023373 93.06251351945222
0.4874633029585199 -0.04669856548878443 -0.8718937849589592 -68.21860448736659 0.013085545540705372 0.9988473199655395 -0.04618224654086339 -6.971812330520495 0.8730454150653746 0.011102944607115516 0.48751248994705665 93.68026494611024
0.48001789047404164 -0.048267757355403826 -0.8759298193489767 -69.32114010776795 0.013958478983341845 0.998779026920806 -0.04738793356540877 -7.065613965130268 0.8771476418991975 0.010520407929726444 0.4801055460288598 94.27192526965526
0.472921631314158 -0.05197325188930455 -0.8795702994776521 -70.45411972227552 0.016928705315697744 0.998610482347082 -0.04990514485363617 -7.142611641629905 0.8809418536835958 0.00871123611085379 0.47314433822453283 94.8806872354454
0.4669714133920566 -0.05489235513751709 -0.8825670107261442 -71.57667786579093 0.017885372755536623 0.9984535442719646 -0.0526368062495002 -7.2161664686017435 0.8840915181789839 0.008794843842196184 0.4672310330080516 95.47404226424746
0.461870510867626 -0.05824164283401136 -0.8850330740886885 -72.7167579710472 0.01988975850335685 0.9982709017565861 -0.055313689198703005 -7.307788066065218 0.8867243250850608 0.00794466777707051 0.4622303035894073 96.05711873102594
0.4567716221529189 -0.05945410318525484 -0.8875950060755344 -73.85543554834811 0.022978817747378356 0.9982197660422334 -0.055038828271699695 -7.39534134047072 0.8892871634802358 0.004744290992967312 0.457324646801646 96.65534302132119
0.45104508525715725 -0.05742906406534197 -0.8906515781527268 -74.99431600620836 0.0262995827642135 0.9983495109232763 -0.05105473519354826 -7.485771709260464 0.8921135931100883 -0.0003957775055494328 0.45181100069428815 97.2776665518593
0.4464317596017625 -0.055992639127522906 -0.8930641121344028 -76.12335060883339 0.02985296726917071 0.9984167023863946 -0.04767482292681748 -7.55863632847516 0.8943195650124737 -0.005377058620897752 0.4473964716853358 97.87116769025386
0.44294637050040364 -0.05592315862314653 -0.8948022760309284 -77.26174124200357 0.03164464388280208 0.9984060332784794 -0.04673338449826267 -7.627896411110528 0.8959894694548871 -0.0076153163258142155 0.44400999716583855 98.43653862440004
0.440627657989102 -0.055555797976366214 -0.895969207242218 -78.38097134461675 0.033050260900731265 0.9984104303086878 -0.04565405683194433 -7.709494996168937 0.8970813493041937 -0.009495575918815662 0.4417633832364758 98.97661772399944
0.4379414375575348 -0.054612754529635474 -0.8973431586147663 -79.51019487611964 0.03482411458378942 0.9984345269185768 -0.043769584191910495 -7.788557131370555 0.8983287696124926 -0.01208066635427932 0.4391576928472751 99.53531811565256
0.43547218362367446 -0.053368699437150675 -0.8986188063970263 -80.61340368160842 0.03646277299119141 0.998467581819969 -0.041628766981215835 -7.871773464665333 0.8994634197541453 -0.014637963484398952 0.4367508289050037 100.0765516488352
0.4325609933605601 -0.054277664520162305 -0.8999694006782464 -81.67978055379545 0.038864545838626106 0.998380964561631 -0.04153307931931848 -7.947614355914518 0.9007666368708839 -0.017011311978333245 0.4339701385638106 100.60870691295762
0.4303614440709841 -0.0545417613459134 -0.9010073383310608 -82.76633380906667 0.04121585988464763 0.9983190990899957 -0.04074591128086922 -8.024045258951384 0.9017151880450425 -0.019600322992869228 0.43188603472150944 101.16260325109161
0.42695610862904976 -0.05410745437569344 -0.9026521282782873 -83.81083651797395 0.045596086474937104 0.9982266517306279 -0.038269422164829245 -8.091345535596208 0.9031220727025275 -0.02481804093078499 0.42866605492136745 101.69291781416626
0.42410406722069016 -0.05343886636256185 -0.9040354128731644 -84.90698998187315 0.047666857661669684 0.9981909477333349 -0.036642905778453666 -8.155796529603045 0.9043581209053915 -0.027552121971107166 0.42588410363308793 102.23377225819436
0.42215462267504733 -0.054367332181093346 -0.9048920751921741 -85.98215660009893 0.049686344935698075 0.9980871725111586 -0.03678672580716442 -8.223073537431937 0.9051611688981247 -0.029431093425004072 0.4240484277282365 102.74385975508534
0.419997846489946 -0.055908094593350034 -0.9058013545489699 -87.03664782028397 0.05144913281390262 0.9979622342024873 -0.03774077156441382 -8.280810733744234 0.9060655581559787 -0.030751651411280063 0.4220184122274453 103.25193216978725
0.4194000206233175 -0.05715044228210258 -0.9060008000262036 -88.08963121437644 0.051127039053452034 0.9979193397840006 -0.03928125714244755 -8.341348645257792 0.9063606614250134 -0.029846578229746158 0.4214493245802964 103.74557931315844
0.4194704404834865 -0.05842550022408973 -0.9058868640642465 -89.13210418683249 0.051157298204250405 0.9978621915704716 -0.04066912188155586 -8.4034247338977 0.9063263652796553 -0.029283229974515074 0.42156258377757916 104.2357209419093
0.42272306627308276 -0.05957250913525452 -0.9042988031596707 -90.27543072135038 0.05190923518608453 0.997790560168244 -0.041466002237227635 -8.471444084963823 0.9047710431612401 -0.029412823639902726 0.4248814484799841 104.74481279246083
0.42690864370577875 -0.05933534181819997 -0.902346012979838 -91.33074171086048 0.04915161645611207 0.9978924816488866 -0.04236406104680959 -8.547816636257904 0.9029579882414485 -0.026266181297324626 0.42892535386826036 105.24253022799641
0.4313914203930458 -0.06038445389504861 -0.9001417444708735 -92.33661568111381 0.04788724243015012 0.9978835441001078 -0.0439914131012434 -8.602082441309069 0.9008930316212389 -0.024127787756132314 0.4333700444588765 105.7424949123029
0.43727430796995215 -0.06053138584992232 -0.8972887667392742 -93.3617802447341 0.04761149201843195 0.9978912551485372 -0.04411562904295752 -8.670050531456559 0.8980669938357486 -0.023430625795417204 0.4392341976186017 106.23598735137334
0.4435584541961901 -0.05977133106427768 -0.8942501247938917 -94.37174263619349 0.046982112650510846 0.9979525041813795 -0.04339908396508553 -8.727356667385854 0.8950131724181388 -0.022763729503715996 0.4454584535252425 106.74873383960043
0.45171038516258566 -0.05858977891852453 -0.8902387127858162 -95.36588449863551 0.04553735839137855 0.9980547664760554 -0.04257971471442323 -8.791614093694323 0.8910017266689239 -0.02130541998424209 0.4534997267389379 107.24624920683326
0.46001960735091596 -0.0582536767107015 -0.8859957505554946 -96.34285186959623 0.04494962054371628 0.9980939098325367 -0.042285680415196286 -8.849922570037133 0.8867702591233454 -0.020372930689649668 0.46176124916392636 107.75515062786388
0.4701987282348421 -0.057726146332617634 -0.8806706807859125 -97.31454729156921 0.0438039548945516 0.9981552389040024 -0.04203965489974904 -8.915420672373044 0.8814728410461286 -0.0188098665088065 0.47185995742379716 108.24662189798724
0.4794053361781584 -0.058659872331842826 -0.8756309399638178 -98.27726726042681 0.04281599993977695 0.9981387877162934 -0.04342523005586873 -8.973399348693038 0.8765485233534217 -0.01667272725921003 0.4810246421678166 108.77602814415269
0.48999060069602096 -0.060382665276096315 -0.8696339143362036 -99.23735328527394 0.042055343419557155 0.9980739118958989 -0.045604983090453945 -9.043005757880652 0.8707126732277507 -0.01422673985747938 0.49158624935367334 109.32397152952242
0.5010020068815206 -0.06242069033721983 -0.8631921260753679 -100.13114961398817 0.04148687186480153 0.9979811270903939 -0.04808855824684934 -9.091454277303598 0.864451171879339 -0.011718676939483964 0.5025801866839019 109.84691147167588
0.513444525032958 -0.06090351418110759 -0.8559588083979695 -101.06984539125821 0.038991118334545764 0.9981037993895006 -0.04762875534028772 -9.1458393110981 0.8572364973592186 -0.008920067524137012 0.5148456273395583 110.39380405413004
0.5257873375238398 -0.058694315214561296 -0.8485886241643152 -101.97804175882455 0.037084162484234316 0.9982496976291185 -0.046068493313937246 -9.202001276471131 0.8498072961515656 -0.007246967977512449 0.52704368022271 110.95605532989153
0.5377813576235074 -0.056987968866898525 -0.8411560989477772 -102.8737884970721 0.036961486378451196 0.9983472594727857 -0.04400679524657465 -9.261140824164709 0.8422737440507765 -0.007424345601046769 0.5389989046139922 111.53405874230097
0.5492878928803568 -0.05760257855761943 -0.8336454604198184 -103.77089857200728 0.03791728147588669 0.9983118504463983 -0.043996920616864124 -9.316806131329269 0.8347724782840747 -0.007442593754971779 0.5505447459540982 112.12529210049479
