1.0 0.0 0.0 0.0 0.0 1.0 0.0 0.0 0.0 0.0 1.0 0.0
0.9998759365494198 0.001461730031898338 0.015683585519089514 0.013811724441171774 -0.0014475377305212542 0.9999985325791488 -0.0009162281744923376 0.0004451697971385625 -0.01568490178290783 0.0008934119222747524 0.9998765852199949 0.12943465782881142
0.9992950596973647 0.004413353279388375 0.03728144280029536 0.0272735811599537 -0.004396179782564895 0.999990189541307 -0.0005426089386657548 -3.6010445778693184e-05 -0.03728347177717964 0.00037833050665281114 0.9993046580489195 0.2830546749250025
0.9979068434628405 0.006033027037362325 0.06438582417579439 0.05981254181112256 -0.006093287360489991 0.9999811622429229 0.0007396001862772983 0.0012106818109773087 -0.06438014926335871 -0.0011303734159576063 0.9979248061035301 0.4530474700299749
0.9951096673305323 0.005523774192502665 0.09862169083922441 0.10364073945565332 -0.005834082457214904 0.9999788964671493 0.0028583390674677693 0.004503995071972264 -0.0986038207535577 -0.0034197279149717065 0.9951208931550919 0.6396739252968392
0.9906091870576794 0.0022672702174316908 0.13670514987623816 0.1630502875695705 -0.00297825393236573 0.9999830821125607 0.004996548026180262 -0.0012813661132127386 -0.13669150858937046 -0.005356769028502634 0.9905991805493972 0.8183433930282737
0.9843632292527299 -0.0006246587123134664 0.17614948962920834 0.24258035140451384 -0.0002750910208005932 0.9999870415491342 0.0050834101487482195 0.00537537576765673 -0.17615038240113964 -0.0050523791725535 0.9843503015921867 1.0201977468684624
0.9755313559403843 -0.0006222783230255917 0.21985946954089544 0.32550154968233597 -0.0007337536325199457 0.9999812108846788 0.006086007165481194 0.007797263769720907 -0.21985912576630065 -0.006098413506824304 0.9755125699702581 1.230296871812119
0.9634299686402161 -0.00025948074038377927 0.2679601242641479 0.4260911117608263 -0.0022453953691419096 0.9999566041612853 0.009041459719911212 0.011525698676483752 -0.26795084199447566 -0.009312489676553246 0.9633875771518312 1.4501891636765951
0.9490157240275461 -0.004358021349666791 0.3151986091314306 0.5582632970086103 -0.0008502491440892746 0.9998654054845959 0.016384382549173578 0.005621295586791465 -0.3152275886163289 -0.015817034015280382 0.9488842863121372 1.6748101453926274
0.9321065874224186 -0.014134992998735198 0.3619081536200295 0.6978341993432561 0.005755320352421894 0.9996900441272352 0.024221724970110867 0.0023142466067688455 -0.36213835197528327 -0.02049433204113764 0.9318990269244911 1.8888241213101182
0.9106329613439595 -0.018814464446125508 0.41278762777188005 0.8524984140130513 0.0078017176836517885 0.9995676599880876 0.028348303425838613 0.009366931543886743 -0.4131425213108853 -0.02259444696256798 0.9103860434185821 2.118832998487782
0.885432513771842 -0.020221635215319667 0.4643278464887664 1.0277945811226328 0.005967763434865441 0.9994653334771728 0.03214705238352693 0.015714356256949894 -0.4647296519001799 -0.02569304665823586 0.8850797805837366 2.3407264540073816
0.8567769458963257 -0.022550309389392405 0.5151938941088172 1.211547709306562 0.004126467356162261 0.9993112558316037 0.03687799120642991 0.017846339906231634 -0.5156706674300208 -0.02947028189050242 0.85627989888679 2.5797353216406944
0.8244798881000118 -0.027854728526265565 0.5652052974073403 1.4179955810644398 0.0054458624479305036 0.9991321271458773 0.041295703010758335 0.02108091098059465 -0.5658650516693801 -0.03096944629279933 0.8239160374064383 2.7941071262770216
0.7882486496559925 -0.03333842520226253 0.6144531029464637 1.631635482908541 0.007404082771088377 0.9989728811967881 0.044703044546280754 0.02309274971910201 -0.6153123157176551 -0.030687652865949783 0.7876858651059797 3.002838738552526
0.7499288520040944 -0.03698340016508454 0.6604838719030544 1.8953780491191972 0.007919165745970132 0.9988663509973659 0.046939318903184986 0.037135023514638384 -0.6614710906348885 -0.029970668284779216 0.7493715735847303 3.233167540542892
0.709435967385452 -0.03998747670470943 0.7036345712702428 2.169218460883537 0.008859769544854772 0.9988162066879143 0.047829799719188826 0.0498638422661512 -0.7047142063726828 -0.027698140088388102 0.708950421660192 3.452085346486884
0.6683286332346354 -0.041876123445201155 0.7426864939420447 2.475101661857428 0.008270635136444918 0.9987707689994052 0.048872769379036875 0.067113877723152 -0.7438201628035934 -0.026520582149323103 0.6678534450980222 3.6453967183304337
0.6254008755688809 -0.042091686780163 0.7791675267499782 2.801579905736664 0.0033113838734707517 0.9986782060670469 0.0512920604338277 0.07846736856023752 -0.7802965971824559 -0.029497976722235836 0.6247136062187014 3.8691763856756256
0.5830790471653182 -0.042711288238567874 0.8112919145497426 3.1773217721518203 0.0008795543605985799 0.9986496748603589 0.051942788579610814 0.10781142989110756 -0.8124149500968773 -0.029573176330948452 0.5823292677693499 4.112657219778686
0.5428735569005516 -0.04390760535379779 0.8386658592134526 3.5627644655614477 -0.0008896183133266457 0.9986017081454965 0.05285675990971503 0.12770561414688014 -0.8398139733282605 -0.0294406297655436 0.5420754002180952 4.322173875203898
0.5042753305792542 -0.04638046665221355 0.8622964938362597 3.9831481870296916 -0.0017667289392203972 0.9984991006425386 0.05473960800825065 0.13948090542741737 -0.8635411221465016 -0.029127278093988195 0.5034365223469552 4.5256648758941225
0.4670602701325792 -0.04597562340594577 0.8830294140718739 4.411970963746838 -0.005383277967403231 0.9984809685942228 0.05483407401851842 0.15636821498066844 -0.8842090953965628 -0.030364410212901167 0.46610329135333817 4.721238462629087
0.4304133737315795 -0.04645480840808766 0.9014356762901985 4.8995937268629834 -0.006520482660469128 0.9984886717944523 0.0545697315736946 0.14654209085082945 -0.902608337552271 -0.029365337967039096 0.4294599700870937 4.9403804113755845
0.39718893850025916 -0.04492177680323481 0.9166367770834191 5.40771129752581 -0.0052307466917136435 0.9986742731675234 0.05120874341717356 0.17158649034158166 -0.9177219548545651 -0.02513424122903145 0.396427400031527 5.121250952875934
0.3674774983017989 -0.043023534932300184 0.9290367396845943 5.934926412537356 -0.003167458863322187 0.9988657316245397 0.04751018196683853 0.19752004634026263 -0.9300270186646197 -0.020401608468502988 0.3669244049197292 5.301189505632612
0.34214229852166045 -0.04171982071726643 0.9387215263972775 6.481397228498276 -0.002336847185872655 0.9989729918328079 0.04524931749583403 0.21090527612544724 -0.9396452451364532 -0.017675354251840608 0.3416934227410986 5.478367655374008
0.3218806336285691 -0.040858807258583485 0.9458982057094077 7.065687580693709 -0.0011155968161211229 0.9990513046665538 0.04353442416985084 0.24088483369954877 -0.9467796011420054 -0.01506812906311059 0.32152968501823087 5.664672212721732
0.30754407601039635 -0.041497819452751626 0.950628514348049 7.673840708939112 -0.00018851658853830664 0.9990458889840473 0.043672373024262426 0.26222699149442275 -0.9515338174612649 -0.013610388853420285 0.30724282179222884 5.845284484289166
0.2963901230262489 -0.043085120263671804 0.9540946323003553 8.324167965538232 0.0011830842169153757 0.9989977254364762 0.04474533366153947 0.28648699680276424 -0.9550662256012517 -0.012133300647876008 0.29614403207082785 6.02126420027978
0.285179210952456 -0.04429566574252577 0.9574501092155984 8.949627872200665 -0.00021821514146806175 0.9989285002244911 0.046279626418122395 0.318521130496303 -0.958474188501019 -0.01340691745612568 0.2848639755069743 6.222419258718421
0.2751786938484483 -0.04597636006774384 0.9602931119021855 9.62765952392915 -0.001582612200844677 0.998832826253862 0.048275050868373665 0.34697685015593155 -0.9613917941143891 -0.014804037038709974 0.2747847497530982 6.404130365018093
0.26484166385640073 -0.04813223109198338 0.9630899134638892 10.315748569244752 -0.003017709700550398 0.9987072297959221 0.05074211841772506 0.36591499518806286 -0.9642871908896938 -0.01634495284371104 0.26435403534389335 6.598547139505509
0.2552566296959662 -0.04963393000464532 0.9655985325115976 11.039882221068794 -0.0039102859265205585 0.998620355854557 0.052365012526407295 0.4003020869729406 -0.9668654315157976 -0.017142282963826787 0.2547103835232456 6.773115396508041
0.24510970618798777 -0.05113309475605117 0.9681459799808639 11.801122925866256 -0.004104878913367513 0.998544486803476 0.05377785644193504 0.4357975715302507 -0.9694866589600628 -0.01715559661018747 0.2445430506135957 6.958922505017341
0.23457109880048121 -0.05251708890863547 0.9706793265440948 12.548335328760526 -0.004189677737021284 0.99847572222033 0.0550334329026481 0.4650379493808609 -0.9720899373041545 -0.01697608639094534 0.2339935176086132 7.142152751536777
0.2240067794469135 -0.05527571627405597 0.9730187860222496 13.335171323571592 -0.005783841998247542 0.998297311825136 0.05804329741190096 0.5031550614421717 -0.9745704232807199 -0.01862987904139864 0.22330565974319083 7.325615478919917
0.21316027228574552 -0.05865197962065112 0.9752551684588222 14.135371958147074 -0.007299083782142403 0.9980730175309375 0.061619599581872526 0.5458785915900579 -0.9769899803452481 -0.020253319808558903 0.21232141046471065 7.490191595714622
0.20147243155898686 -0.06223943385654025 0.9775147631595784 14.918231245380033 -0.007506424174393388 0.9978517226394137 0.06508143530737974 0.5856820105093797 -0.9794654220123462 -0.02044975546973418 0.20057241730458508 7.638014184191712
0.18804360933290398 -0.06574567018342287 0.9799577071696447 15.710397848917898 -0.009756755507876094 0.9975827366475446 0.06880035802781229 0.5994306907136857 -0.9821122169645453 -0.02249867540385893 0.18694759397771898 7.804096059599853
0.1741454942429056 -0.06605574449883604 0.9825019009923589 16.535995459722752 -0.009922787920577835 0.9975791779190671 0.06882820687916745 0.6445555173787162 -0.9846699371438014 -0.021735280099937325 0.17306846184154956 7.944081373361016
0.1600685839884458 -0.06496766889602021 0.9849656087489305 17.34405134113147 -0.011022121387409307 0.9976519120713302 0.06759567427387635 0.6873686763221912 -0.9870443562779007 -0.021676354366817824 0.1589766473457943 8.06761829235958
0.14352925422067708 -0.06392273244711093 0.9875794841223422 18.176212565508013 -0.011827392449349751 0.9977297237913715 0.06629865044661563 0.7300387179502633 -0.9895753968095132 -0.021196285988081418 0.14244736392649093 8.187276049189949
0.1235729776473713 -0.06240693196572195 0.990371190028258 19.02117957506274 -0.013886514887497462 0.9978140565456539 0.06460861602128447 0.7678362856521997 -0.9922383201124827 -0.02173668333790177 0.12243623931592396 8.279354017222373
0.097944497925612 -0.06140410711458306 0.993295731872216 19.876924436595434 -0.01829289922252755 0.9978149815184266 0.063487262465918 0.8024604735287599 -0.9950237410052761 -0.02438848676820109 0.09660722824417967 8.361864254057192
0.06874740983437444 -0.0609613449811829 0.9957698067621602 20.725320394628795 -0.022070140381202013 0.9977940790850487 0.06260898215411037 0.8368293093892942 -0.997389945078964 -0.026280984778064946 0.0672503330436105 8.401802228168053
0.03539510111590638 -0.06118206080759803 0.9974988432335803 21.588357890411164 -0.02554000299771864 0.99774289769745 0.06210328768408723 0.8696656941761705 -0.9990469934211663 -0.02767427559361502 0.033752620735245986 8.42809953386238
0.0007374933002659567 -0.0607012033893456 0.9981557093012682 22.426635068188325 -0.027760126315741408 0.9977700619002832 0.06069826160969741 0.9019381404229665 -0.9996143413789973 -0.027753693134256616 -0.0009492243377482446 8.428892624224781
-0.03284492899774216 -0.059318067319846374 0.9976986406368267 23.28649935947119 -0.029061122262842586 0.9978718361435004 0.05837165240442595 0.9383393445381452 -0.9990378680570411 -0.027077029398314415 -0.034498879213757494 8.384289123006786
-0.06541602830443449 -0.05725204143813886 0.9962143077631637 24.152058249510333 -0.03130101935533332 0.997979141428153 0.055298096365459286 0.9741503251216765 -0.9973670284444893 -0.027565141492330535 -0.06707587902008694 8.318261701217201
-0.09731495383704969 -0.0541594493183967 0.9937789260239025 24.962586235614374 -0.03283522147490881 0.9981493992476209 0.051182272441804844 0.9941445011696767 -0.9947118416860166 -0.027650150653142323 -0.09891320022358974 8.230657511483136
-0.1303395741303639 -0.05034911242240157 0.9901901647127139 25.820863785767322 -0.030129311412499884 0.9984496434039025 0.046803142847767404 1.004805147014127 -0.9910115135604247 -0.023733446123483323 -0.13165448539939595 8.126806061459183
-0.1616941215993939 -0.04459352942616581 0.9858328601611523 26.666564055953298 -0.025225289960276082 0.9988388447622389 0.04104445078760218 1.0267912231860747 -0.9865184720959971 -0.01823127333330249 -0.1626312543333106 7.9652818821176865
-0.1921867922363496 -0.03836784387940574 0.9806080488380401 27.515618284014977 -0.019130032953523803 0.9991920343095887 0.03534572691942826 1.0464517895458052 -0.9811718905110866 -0.011966082412855482 -0.192765490019841 7.78281721010106
-0.221169816051916 -0.03345977831092139 0.9746611491708009 28.33569317857768 -0.014448664047302133 0.9994139895796307 0.031030848196176648 1.0481748869815712 -0.9751282728825016 -0.007219464516843019 -0.22152365733095025 7.5840285622526205
-0.24902806902155028 -0.027675317401146475 0.9681007683325865 29.16462904734345 -0.006197027884539484 0.9996167057645634 0.02698218674978808 1.0491411896015457 -0.9684764414712403 0.0007199744078774417 -0.24910412271188087 7.354488394230924
-0.27462538597009756 -0.01712670325417012 0.9613987587970033 29.95669390733828 0.0006642031665610945 0.9998377446516641 0.018001200071864617 1.0457406572563828 -0.9615510679183548 0.005582150617581646 -0.274569450921901 7.093551852883393
-0.3005915371684942 -0.0015897559581795903 0.9537516450621073 30.740440783464404 0.004659728528660334 0.9999842279315284 0.003135413565093172 1.0346490885542219 -0.953741586968253 0.0053867025329429295 -0.30057938838699605 6.848659140154835
-0.32494957943054104 0.01575354730796785 0.9456001250925947 31.506233501843234 0.006136801078068143 0.9998753269624333 -0.014548890139643576 1.0159064794541266 -0.9457114308817692 0.001075304135031283 -0.32500574336552046 6.565801883729793
-0.3504677746792957 0.029719273809054172 0.9361031479893684 32.32092425396995 0.003993391625173894 0.999534749704309 -0.0302380051734968 0.984967808377874 -0.9365662772781599 -0.006859219912416782 -0.3504234001426314 6.289234541765289
-0.37518400880735014 0.040053020552203486 0.9260846155076172 33.12155767038411 0.00776119517578299 0.9991667513797776 -0.040069524412265634 0.944803512326708 -0.9269178622643377 -0.007845921349753234 -0.3751822465595671 5.9560041264236965
-0.39833039762294975 0.04413895455634628 0.9161793749153142 33.89454101410655 0.010274199694700094 0.9989935392666147 -0.04366176043400093 0.8969325581447093 -0.917184460809371 -0.007978796540548115 -0.39838298615225587 5.6035278094291
-0.42075363770771657 0.043629782704177576 0.906125167080636 34.654996783328315 0.013953161654367477 0.999035896431061 -0.04162435491431959 0.8450823306301608 -0.9070676301332615 -0.004870287812070172 -0.4209567610349747 5.236110276786103
-0.44166735443891914 0.038862543954634614 0.8963367953511115 35.4120862200165 0.01576083889655553 0.9992433202358796 -0.03555816251231473 0.7981030252814636 -0.8970404360898138 -0.0015778597369394633 -0.44194565998372193 4.867221015116094
-0.45942879928787317 0.037548283101797905 0.8874205907127745 36.130482011111354 0.02390209260640579 0.9992668835482791 -0.02990627714619186 0.746803877826928 -0.8878929374389332 0.00747140413960277 -0.45998946701663157 4.483714238687472
-0.4732797187569415 0.03800700171993801 0.8800919131736249 36.859778232629466 0.025712018527879108 0.9992391650623145 -0.029325468603088146 0.7055409620227041 -0.8805368816333434 0.008749790044871739 -0.4738968677440254 4.089486513225183
-0.4843011783038449 0.04176691922747472 0.8739038237424949 37.561314816217035 0.029663508670629 0.9990694452511687 -0.03131005938783271 0.6616867794842909 -0.8743983331107485 0.010759554998590595 -0.48508946291315924 3.6828989928370435
-0.4941598451260436 0.04462861357792895 0.8682248178410457 38.2537287189244 0.030544857896331656 0.9989562000576594 -0.033963539604323974 0.624906862028 -0.8688343105109846 0.009736386212218203 -0.4950072157680421 3.287435291385762
-0.5049967652017922 0.04381209590058399 0.8620085657280467 38.960110621693005 0.024770507660014957 0.9990351679843017 -0.03626506694938447 0.5736500867818497 -0.8627657208570536 0.0030386482810995027 -0.5055947760120081 2.883613970877934
-0.5166667630515442 0.04240222190753104 0.8551359585090221 39.6879161308901 0.024070306180244267 0.999097490185966 -0.03499750654679142 0.5311442205529702 -0.8558481619529418 0.0025013359246428657 -0.5172211006913421 2.473888024859553
-0.5256461712833598 0.043430319763387654 0.8495939676930359 40.381279138427196 0.025740025246271545 0.9990506908812224 -0.03514495909904276 0.48425682212441595 -0.850313797203989 0.0033947569871766534 -0.5262650681068732 2.04503759730329
-0.5338199396496843 0.04617747926791347 0.8443363739889861 41.091690920458554 0.0296884054060649 0.998915688818857 -0.035861472585403883 0.4109133135935452 -0.8450768430248534 0.005923431438782745 -0.534612048445541 1.6334716844526047
-0.5374138930276391 0.048657409711639614 0.8419137509632632 41.766680582529865 0.030830296516259927 0.9988003249002497 -0.0380447604260453 0.36323026648539264 -0.8427548874955264 0.005510667773449158 -0.5382692933310369 1.2149938537709832
-0.5376184478367945 0.05066639576421252 0.8416646130649789 42.50017521408595 0.030976589465561356 0.9987059941716808 -0.04033346142642236 0.31054318880800436 -0.8426190452693545 0.004387886258645994 -0.5384922385731694 0.7688370291321199
-0.534693346763556 0.05062224730043421 0.8435285490160024 43.225263356742516 0.03308800239569277 0.9986927845518354 -0.03896031547053817 0.2639226957551605 -0.8443981341904133 0.007078853180770746 -0.5356693764005878 0.322325129547169
-0.5289745379225739 0.04918553502452105 0.8472111433249395 43.97898603076928 0.03093825595826811 0.9987730670827576 -0.03866761937800369 0.22058201664351515 -0.8480735596325711 0.005757049109838482 -0.5298472363216464 -0.13545793811078632
-0.5219886314755562 0.04757151178761066 0.8516248116844165 44.74863822457612 0.029800690759941555 0.9988510597743823 -0.037529711134297074 0.15984218179930096 -0.852431690776749 0.005788925101836083 -0.5228065616513045 -0.601164949033695
-0.515150550092315 0.047138346462046475 0.8558024813193813 45.529123001426186 0.02861472685302805 0.9988757620264577 -0.037794304375000205 0.11129059367286111 -0.8566219166859511 0.005018797553960004 -0.5159202491901247 -1.0524645737322418
-0.5088523289010716 0.04581148103921912 0.8596340009428136 46.34656170776738 0.025909779600405157 0.9989456337819315 -0.037898602468609585 0.06627465233000213 -0.86046382300072 0.002988135373194901 -0.509502777572387 -1.5220964727867892
-0.5049139812930932 0.04321829684976253 0.8620870317503703 47.157950282067745 0.02179306641231837 0.9990656513045966 -0.03732139653966106 0.01947792989770075 -0.8628945090514288 -5.657497812429648e-05 -0.505384074786855 -1.9782975839633554
-0.5032420612914117 0.04035636220963107 0.8632026365670907 48.0006225941895 0.018858238834415095 0.9991839089812297 -0.035719502530884954 -0.04284000249287824 -0.8639396938300936 -0.0016970745990673216 -0.5035924198819617 -2.4671706908134885
-0.5047343871373389 0.03759940389236008 0.8624554963985299 48.859744657607706 0.015238065056729673 0.9992834450590261 -0.03464675748596334 -0.08641384780412302 -0.8631401970794909 -0.00434525694331882 -0.5049456593809623 -2.928420903410433
-0.505712420376911 0.03651064694235817 0.8619291853373904 49.721234464393156 0.01419575519526461 0.9993209587257718 -0.0340014997586935 -0.13788327309723922 -0.8625853165982846 -0.004959245028710387 -0.5058873169765996 -3.427377381274304
-0.506834134332411 0.03568725802697193 0.8613045802095979 50.590246474488914 0.013768108634803593 0.9993503901706999 -0.033305207555126275 -0.1809656554349513 -0.8619336398239342 -0.005021681011984056 -0.5069962359423177 -3.912866570728628
-0.5075288679340417 0.03506825383610055 0.8609208243424463 51.42812556530315 0.013503721931629208 0.9993724393702181 -0.03274716661350941 -0.230130854367332 -0.8615289302789453 -0.004994496982332485 -0.5076839147464791 -4.395119459298311
-0.5085711633104575 0.03393246464482354 0.8603510676997945 52.33066182089626 0.013073713398894316 0.9994122720369623 -0.03168893371321646 -0.2801875048133731 -0.8609206989421337 -0.004868094601058632 -0.5087158851342699 -4.8994005622051064
-0.5091179665648891 0.03304832893849535 0.8600620350156176 53.215359147958964 0.01236006227380453 0.9994402442705035 -0.03108740891589462 -0.3344081519996656 -0.8606079972794931 -0.005196738100903391 -0.5092414642698397 -5.398898262807342
-0.5089883689126959 0.03256402966289453 0.8601572090517564 54.28578572521265 0.012238914730926639 0.9994569168534576 -0.03059542972389559 -0.41084585114746364 -0.8606863826492215 -0.005045327134572348 -0.5091104942900928 -6.034593809969268
-0.5096712315656173 0.03204461612399715 0.8597722828120552 55.22506368913554 0.011055427395441447 0.999467576562989 -0.030697571962776636 -0.4459997122661466 -0.8602982118076796 -0.0061405192591009045 -0.5097541375837351 -6.550145977431458
-0.5097189434285749 0.03093555777535943 0.8597846183639161 56.06946912075773 0.009285722003522828 0.9994929339718617 -0.0304573522682619 -0.49778796728213004 -0.8602908659732071 -0.007540968468778074 -0.5097477412579898 -7.036293320189248
-0.509291747246218 0.028410184369096075 0.8601248616398721 56.93196331021335 0.00817858113436676 0.9995695915391677 -0.028173435730310583 -0.5692074937758962 -0.8605550691254592 -0.007313897342411214 -0.5093048987670761 -7.5100521621349055
-0.5072155647435066 0.02587730280537362 0.8614306333544475 57.84074420105212 0.008482574433603134 0.9996505906297366 -0.025034827432940734 -0.6254403041826757 -0.8617774752294839 -0.00539090466784028 -0.5072578450196294 -8.040560502906759
-0.5055157118923796 0.024237554526918524 0.8624769017083852 58.745513380888205 0.008631009861452488 0.9996974026736911 -0.023034946412950365 -0.6781872956083852 -0.8627742292736336 -0.004200480690425356 -0.505571938761693 -8.548763080594563
-0.5035101629355434 0.023891560671781695 0.8636589078735244 59.65692612232283 0.009291856693870315 0.9997095234255179 -0.0222380343444416 -0.7282873317136865 -0.8639393365392057 -0.0031720814917906687 -0.5035859019861519 -9.066995794429848
-0.5020089071791423 0.023992295755259484 0.8645295986009943 60.5489462730138 0.008972448264180206 0.9997058221090085 -0.022533628502709846 -0.7703732961000135 -0.8648159065864542 -0.0035551351231262315 -0.5020764968899722 -9.570734813116749
-0.5014695312414508 0.024066914735569468 0.8648405013940955 61.41093210262025 0.008280656018972684 0.9997007479847037 -0.02301836689948858 -0.814864464581113 -0.8651356772046654 -0.004381562955709893 -0.5015187553159803 -10.056309750871057
-0.5024366710898462 0.025325794189401913 0.8642430188857938 62.29749782256593 0.007104930538823227 0.9996581012941371 -0.025163475098624447 -0.856456843760785 -0.8645848203075237 -0.0065026660437586415 -0.5024448266507788 -10.566035361349854
-0.5056194319224994 0.026917152024606775 0.8623366262598691 63.20616474398807 0.00593746892714754 0.9995980848199392 -0.027720304598773476 -0.9050599712785946 -0.8627361917325064 -0.00889582774079128 -0.5055760355512295 -11.077904609230634
-0.5099762597227975 0.02774785040347274 0.8597408163610308 64.07391261592547 0.004839556110466797 0.9995563152012228 -0.029389648483904164 -0.943780906216698 -0.8601748619994651 -0.010827259087151498 -0.5098842782875936 -11.593421525640483
-0.5158597251169037 0.025596806794478302 0.8562905742119545 64.92226147799231 0.004784153358033569 0.9996240046444106 -0.026999281755600325 -0.9955196262147228 -0.8566597083317037 -0.0098312166387292 -0.5157882233053048 -12.100821944436579
-0.5167722160316823 0.02238177930156722 0.8558303176991338 65.94624853765171 0.007247399122777977 0.9997367566776701 -0.02176907332818952 -1.1222314009102008 -0.8560922566777832 -0.005047108371025188 -0.5167983888843228 -12.72116599665866
-0.5215703571843326 0.019770101393763364 0.8529791941175869 66.78489601555617 0.004743326625010939 0.9997832441598197 -0.020272285263258884 -1.1681012190307865 -0.8531950910308475 -0.006527464143662297 -0.521551079811668 -13.248711378446558
-0.5269487818190439 0.022863618181228656 0.8495894516194803 67.64010780811688 0.006357293180410757 0.9997161554704758 -0.022960690641832284 -1.2103073152912984 -0.8498732647653088 -0.006698018736507999 -0.5269445610139281 -13.764844475749175
-0.5319604438398591 0.024263522930947686 0.8464215070782879 68.48619639469497 0.005986955976936979 0.999672170946017 -0.024893914802768546 -1.2533097177512729 -0.8467480395890097 -0.008175089666582026 -0.5319313163944317 -14.294796267488515
-0.5372202142519062 0.024564698830871787 0.8430842288706892 69.33507690706715 0.004126914445040016 0.9996403866831429 -0.026496525982471233 -1.3063417890216213 -0.843431923735579 -0.010755132882722524 -0.5371283991192195 -14.813949897361647
-0.5407034211492963 0.0238634241839368 0.8408747512820591 70.14228509358757 0.0019776933579200265 0.9996308497432034 -0.02709710262487912 -1.3600454106038913 -0.8412109718057826 -0.01298850368205253 -0.5405510148780341 -15.336266210304762
-0.5439390102016326 0.02295967720359788 0.8388105903024684 70.96955102143147 0.0034887004857948323 0.9996788424301402 -0.02510061685408272 -1.4176086988232157 -0.8391175019922951 -0.010726845773182092 -0.5438444195079783 -15.875127581180472
-0.5470126840689986 0.015874017117376283 0.8369737983044556 71.7530463040491 0.004801979044613571 0.9998632459775275 -0.01582499101223659 -1.4681409999605866 -0.837110544949044 -0.0046373401686226915 -0.5470141045816601 -16.351059825044704
-0.5495102982394844 0.006831748175531131 0.8354590111702785 72.57909759376102 0.004453799558755398 0.9999763127573631 -0.005247627433310841 -1.5091491210272951 -0.8354750719191111 0.0008373416593800684 -0.5495277090927282 -16.882753260497356
-0.5516629806729685 0.005632790082746825 0.8340480965932959 73.39943434406635 0.005291927169670833 0.9999807059284708 -0.0032531949877349455 -1.5304818058039185 -0.8340503289741256 0.002619054539530085 -0.5516821451628393 -17.410896929801414
-0.5522347863217578 0.009017510940371176 0.8336398654530643 74.287637611713 0.003539965742920434 0.9999578496823001 -0.008471570178513481 -1.5767430664598485 -0.8336811197446551 -0.0017272391817045197 -0.5522434311298847 -17.96330468676251
-0.5530532223469335 0.015392593678406816 0.833003722267509 75.09362206693741 0.005114275733004322 0.9998732021791745 -0.015080575177704416 -1.600173996632126 -0.8331302283769331 -0.00408014997457961 -0.5530618183718568 -18.51141673246979
-0.5533291119916168 0.01942413491142032 0.8327362108167938 75.87483072711223 0.010228921995463281 0.9998111380542438 -0.01652444787242774 -1.6236469548358006 -0.832899911740528 -0.0006254643241595507 -0.5534232971397208 -19.038954108911494
-0.5534803834162827 0.020783063004376743 0.8326028641948822 76.66941155488387 0.013699664315844438 0.9997805385239453 -0.015849100491919784 -1.6589570920681473 -0.8327495327954249 0.0026342135308095455 -0.5536436367809858 -19.574437237121835
-0.5537528949847839 0.017279454994144485 0.8325017427796032 77.46166950632234 0.01272773097209475 0.999843508189048 -0.012286740679248264 -1.6946263774874444 -0.8325837712568468 0.0037920399948377765 -0.5538861654459377 -20.085615425617807
-0.5528170574626154 0.012460805028961491 0.8332094750519858 78.28721210087667 0.01179818828946132 0.9999050075177863 -0.007125917059717872 -1.7203124808605024 -0.8332191210788804 0.005891033770550668 -0.552911558922087 -20.631829656781353
-0.5528403819665995 0.005736715156168956 0.8332674253600952 79.06074515811976 0.007727178462093148 0.999968600099229 -0.001757705493817553 -1.7321523770964868 -0.8332513443013697 0.0054670755258194505 -0.5528673514552616 -21.13087964953412
-0.552080715006281 -0.0004256522929784575 0.8337905629942562 79.69021959366407 0.002019336814504173 0.9999962543723315 0.0018475714158976797 -1.7908269334752205 -0.8337882263482634 0.002703712527754421 -0.5520777875821343 -21.56224611238424
-0.549818008570645 -0.004975076774429 0.8352696606859962 80.51949884019373 -0.004730931920041669 0.9999847704991652 0.0028420156402938095 -1.7996045567277357 -0.8352710791920062 -0.002389012519908784 -0.5498331718663414 -22.10338524579291
-0.548238099622598 -0.001615917785759362 0.8363207368778516 81.33280289937493 -0.001619915759417419 0.9999983092598107 0.00087025884218487 -1.76626815708605 -0.8363207291435119 -0.0008776600877768248 -0.5482397903450966 -22.602493132985238
-0.5455484741890968 0.001288704043943098 0.8380782788927509 82.14033399988966 0.0016724609177644677 0.9999985006375104 -0.00044899577922296533 -1.7840945065215736 -0.8380776009322926 0.0011567042052030023 -0.5455498115213264 -23.12024682309336
-0.5412107334009122 0.0038874396140792327 0.8408780112863541 82.86363468536246 0.003371319412551431 0.9999913080583996 -0.002453163889646493 -1.801990195644772 -0.8408802389502714 0.0015071897351691147 -0.54121913502946 -23.574407782258227
-0.5338132206590811 0.0062908813347965975 0.8455790147949573 83.66113548755685 0.007939169206512041 0.9999655378586727 -0.0024274858034019544 -1.814103908821649 -0.8455651453565772 0.005417370861114721 -0.5338447686838035 -24.074403643976634
-0.5254436384164445 0.010032300754229166 0.8507692611920493 84.46928555127617 0.014991359012525487 0.9998844177453428 -0.0025318580162639434 -1.825830726129109 -0.8506963277237338 0.01142383874333151 -0.5255333042783494 -24.59245702469724
-0.5159592203242225 0.009176179226174997 0.8565639968485889 85.31733392949367 0.011643142465932633 0.9999253759243755 -0.0036986235296976224 -1.8382850098800292 -0.8565340157845094 0.008064757733841181 -0.516027556906369 -25.080864963177348
-0.5059256364259541 0.0069736596441363815 0.8625489078760468 86.10649668794525 0.009955664524663987 0.9999479208777261 -0.00224505594256394 -1.8522802454500298 -0.8625196433420317 0.007451416206375692 -0.5059687156787993 -25.514678583751476
-0.4928614416542709 0.004112166094116708 0.8700980918382067 86.9373362866698 0.009070973903566506 0.9999587728729784 0.0004122945646730031 -1.8671234895013313 -0.8700605247699237 0.008095841178138342 -0.49287842374433866 -25.99602507456518
-0.4823615571154878 0.0037542052461770124 0.875964174016319 87.71859399530801 0.008504095451478998 0.9999637606185969 0.00039725315036278047 -1.8757221214716355 -0.8759309382466602 0.007640902596088759 -0.48237600275080306 -26.411105004337763
-0.470505895903391 0.003064601939056633 0.8823915288210235 88.54452898245724 0.009458335493863088 0.9999540357501067 0.001570438397362131 -1.8900779423358773 -0.8823461575877312 0.009084855641643953 -0.4705132554861102 -26.851786459717356
-0.45907857729400536 0.00429411424432872 0.8883852882913856 89.38134025941048 0.012634392584894188 0.9999187451022123 0.0016956760385234458 -1.9130898639739489 -0.8883058212089586 0.012002657042234648 -0.4590955284362981 -27.273995591758958
-0.44664577712522235 0.008215851249300438 0.8946731523659666 90.18732075008977 0.013312183883814468 0.9999081719529564 -0.002536419117645547 -1.9375192407884017 -0.8946118351198189 0.010777172632291639 -0.4467141334383815 -27.678652124026634
-0.43392491070565997 0.01790155861465336 0.9007711729780497 91.00824918126969 0.015855824824681362 0.9997994722018795 -0.012231443249766919 -1.945484877721237 -0.9008095052163994 0.008974942005906254 -0.4341217406762492 -28.08559304760928
-0.4211810308894457 0.022128102985457657 0.9067066153266827 91.9314578435419 0.014645622235417939 0.9997379198731099 -0.017595377720433385 -1.9755051571092301 -0.9068583378721516 0.005868443239247688 -0.4213947275485379 -28.513239833183317
-0.4100153510547444 0.018446335926939034 0.9118920684984195 92.71863180583946 0.012095862879558567 0.9998175115436513 -0.014786267678477521 -2.005562607892725 -0.9119984111831855 0.004967524688533534 -0.41016365233625374 -28.855550115861192
-0.3994237015364155 0.013923252923673813 0.9166607058661196 93.40066625876784 0.009121958675260758 0.9998955267861054 -0.011212733077334846 -2.0357715399139034 -0.9167210570947283 0.003883109728057215 -0.3995089797964051 -29.132882897148928
-0.3886288659016184 0.014435066640679802 0.9212812998422913 94.23827169767183 0.007215796878934561 0.9998942913091825 -0.012622934789881583 -2.065044147941787 -0.9213661253071033 0.001742141896281022 -0.38869194496180315 -29.50099821976342
-0.3806987269729363 0.01983578950842936 0.9244863550836018 95.0586882069631 0.0034573295453748255 0.9997934443407643 -0.0200278687244946 -2.0827600929348775 -0.9246926657833947 -0.004428330137669757 -0.3806886703575396 -29.848999324037326
-0.37517479405381926 0.024608159324318292 0.9266273859547554 95.92194835800169 -0.0033696377939281727 0.9996047465812782 -0.027910502562950017 -2.1074892749128433 -0.9269479594064663 -0.01359371571159538 -0.37494358435015296 -30.19793055406447
-0.3722948286434957 0.02646719791115387 0.9277370575761447 96.72938768018096 -0.0071541708813971806 0.999481768399058 -0.031384908425730516 -2.1462061901499356 -0.928086945498271 -0.018321628547253485 -0.3719125428418173 -30.510783653055412
-0.3692817701388207 0.026484923931455778 0.9289399997026095 97.5788728290356 -0.007412764807236863 0.9994780635757384 -0.0314428266669022 -2.1893898019205063 -0.929287912953274 -0.018497276427551886 -0.368892702020128 -30.816677539981544
-0.36377731475068154 0.025747164569389008 0.9311300386033202 98.53774062699878 -0.008101426417783691 0.9994926549633578 -0.03080259022055615 -2.263914071585766 -0.9314507137593385 -0.0187487650509324 -0.3633841653763743 -31.191732209871613
-0.3576595689903104 0.021001324366868145 0.9336158616285948 99.36402647416695 -0.010177270948942488 0.9996000624975068 -0.026384431223971116 -2.312406800464738 -0.9337965816309769 -0.0189383058856446 -0.35730279134717735 -31.51397734354558
-0.3519849578874332 0.017300634478948973 0.9358457551688784 100.22659074503798 -0.010410178406799819 0.9996949680228903 -0.0223964080881517 -2.3528136906527037 -0.935947764357884 -0.017625520030292163 -0.35169748852833926 -31.832766523998412
-0.3470348875531071 0.013369848085022245 0.9377569162545198 101.04604235051485 -0.014172712812503345 0.999709438791683 -0.019498005086485116 -2.3983561728204252 -0.9377451258377926 -0.02005704746471232 -0.34674456565959577 -32.114660762235175
-0.34189829156863905 0.011195866761702927 0.939670267056429 101.88153919381517 -0.02282707246608636 0.9995350362562286 -0.02021474854871234 -2.4387970587311107 -0.9394596760825206 -0.028361309273618195 -0.34148375239711215 -32.38431788259871
-0.33588664964246395 0.011218939701525495 0.9418355981719606 102.74317105567985 -0.030539737491729564 0.9992736035613198 -0.02279450941587596 -2.4713300269553833 -0.9414071823742888 -0.036419783326479924 -0.3353000393029433 -32.66838805906327
-0.329565287902871 0.015116739616816526 0.9440117611517644 103.56097922142467 -0.028552428422881755 0.9992548984344578 -0.025969343193420293 -2.5080161077206586 -0.9437009483097146 -0.035512422306832304 -0.3288881086650097 -32.94275601453338
-0.3214414979026101 0.018275441838738842 0.9467530679389031 104.4051331705064 -0.02659588878624367 0.9992450744515666 -0.02831854311140974 -2.547623373807591 -0.9465558737474489 -0.03428249421908924 -0.3207127818848541 -33.23985477387755
-0.3143698008511453 0.01883991487336404 0.9491136317219219 105.28039025090891 -0.020195277500627922 0.9994440495446003 -0.026528147250858797 -2.594089321753942 -0.9490857596020942 -0.027507261540455314 -0.3138145495082423 -33.52182716794614
-0.30697697550522807 0.014482153973772798 0.9516067484659528 106.14132576954667 -0.020737626274967617 0.9995450358368857 -0.02190141982426579 -2.623183177406779 -0.9514909812321624 -0.026457296727347385 -0.30653698648570726 -33.80018747317315
-0.3001691858373474 0.011935985685941798 0.953811297961735 106.98832425528089 -0.0218743970680449 0.9995726271064487 -0.019392624691411196 -2.6559553954600683 -0.9536351349581528 -0.026685115424472404 -0.2997798091735484 -34.06038966371169
-0.2925370294073144 0.014920921010679766 0.9561377790578812 107.86966041500472 -0.022569799764284856 0.9994919834740427 -0.022502868922077326 -2.695507280979974 -0.9559878087947277 -0.028162760648011077 -0.29205165356241136 -34.34037171028276
-0.2867977204163903 0.01792224645261961 0.9578235018238245 108.72008948159566 -0.021435486887970315 0.9994546146673692 -0.02511957646888824 -2.723003784449607 -0.9577513181749415 -0.02773565038343674 -0.2862571330674051 -34.56669019475412
-0.28026007652407614 0.018273883229757086 0.9597501522263094 109.58315376721802 -0.02349994687730928 0.9993885196514353 -0.025890911256200754 -2.762116853414417 -0.9596364113576988 -0.029810266362748656 -0.279659267709653 -34.810345895131576
-0.27458693988438077 0.016261314164319047 0.9614247667428694 110.24856586892558 -0.02598396131768254 0.999366383324667 -0.024324177988492332 -2.8093427017546766 -0.9612111350786426 -0.0316607255479718 -0.27399042366222104 -34.966978476533534
-0.26644625618839424 0.01631285130082798 0.9637117221688374 111.26598152757036 -0.023876593421618804 0.9994382251533097 -0.02351897933544204 -2.8369493367569323 -0.9635539947765086 -0.029276696959174116 -0.26590707806561564 -35.2517651555722
-0.2581236410876744 0.018263593676195976 0.9659392460489804 111.9587603853694 -0.019706408603722077 0.9995137498800531 -0.024164462763687 -2.8440704965078933 -0.9659108879040473 -0.02527261258250285 -0.2576382185966788 -35.465304795412116
-0.25197745983524844 0.01873901972977133 0.9675516569540583 112.79166529665645 -0.018477453112204965 0.9995370771954696 -0.024170540706078932 -2.8797073477776314 -0.9675566874666635 -0.023968321824967064 -0.25151456436443764 -35.66565998268993
-0.2459834425088938 0.018048449200722398 0.969105979494979 113.65905810942591 -0.02454862624603636 0.9993898963854843 -0.0248435092537963 -2.9006224943757064 -0.9689631112487752 -0.029901312413671586 -0.24539030248775906 -35.85248448982104
-0.23928505263536004 0.01570454927794114 0.970822347660616 114.56318564624924 -0.028964218732362438 0.9993087513952126 -0.02330436478784943 -2.9516122960279056 -0.9705172526125011 -0.03369549698280187 -0.23866477717619983 -36.08455273335562
-0.23468400923669863 0.016293725257113766 0.9719351471810427 115.42594983464518 -0.02617207674975301 0.999391132001537 -0.023073527586644924 -2.978270169037203 -0.9717193206925518 -0.03085254922907213 -0.23411467702575495 -36.288282132465795
-0.23006001107616658 0.016307569692267366 0.9730398010741218 116.30192774092275 -0.02484276163506315 0.9994353449757216 -0.02262362498813668 -3.014999217670434 -0.9728593056028082 -0.02937778725486742 -0.22952498146831468 -36.49473436990531
-0.22526913302524232 0.01750219717768864 0.974139359024164 117.16539395038933 -0.024660423237039646 0.9994158859842616 -0.023659044107140627 -3.0542061459631267 -0.9739844358262744 -0.029352341239615935 -0.2247059385773491 -36.691688076986
-0.21965201048455074 0.016528138336919407 0.9754382681303883 118.0533199588271 -0.01862686401990863 0.9996031595197107 -0.021132047108493587 -3.0872697821281316 -0.9754004481375224 -0.022811052613314755 -0.21925697628990948 -36.88991673361173
-0.2139997983219044 0.015291220089486494 0.9767140138783508 118.9152260004085 -0.011611350881230288 0.9997670102648564 -0.018196200613959372 -3.1192394459166883 -0.9767646916473268 -0.015234952387368578 -0.21377238684371136 -37.0909344373454
-0.20756615951392976 0.01396214623366785 0.9781213359789203 119.84305104044789 -0.008278393105610644 0.9998372583847452 -0.01602887872763205 -3.1930787377103895 -0.9781859524815448 -0.011424325723027673 -0.2074167957267381 -37.33807161069595
